<number of tasks>
25
<number of stations>
9
<type of the robots>
9
<limit of the robots>
1 1
2 1
3 1
4 1
5 1
6 1
7 1
8 1
9 1
<task times>
1 75 52 52 33 52 63 84 43 38
2 108 32 34 26 49 105 28 27 33
3 135 55 73 55 58 133 35 64 67
4 89 47 56 69 57 116 40 87 53
5 53 47 48 46 56 84 34 91 50
6 55 62 33 26 43 56 35 51 55
7 30 33 38 23 30 52 22 37 37
8 46 34 77 37 74 47 42 31 28
9 62 54 36 43 57 45 25 39 33
10 52 40 45 37 74 56 41 72 51
11 111 77 65 71 64 81 57 66 100
12 49 34 43 43 58 107 48 60 46
13 87 32 32 45 34 38 22 40 52
14 49 73 46 32 46 49 42 43 69
15 64 90 68 39 47 121 72 61 54
16 85 128 45 74 44 126 35 64 60
17 42 34 31 35 34 40 35 30 28
18 55 47 95 60 56 55 37 75 69
19 56 44 37 51 33 62 26 27 31
20 63 61 58 45 67 126 52 44 75
21 64 38 32 41 30 34 22 33 34
22 93 106 50 36 106 57 43 84 52
23 48 52 45 40 58 49 58 77 59
24 58 47 40 26 81 109 29 75 35
25 42 38 39 39 30 40 39 28 32
<precedence relations>
1,3
2,3
3,4
4,5
4,8
5,6
6,7
6,10
7,11
7,12
8,9
8,11
9,10
9,13
11,13
12,15
13,14
14,16
14,19
14,20
15,17
15,22
16,18
17,18
17,23
18,25
19,22
20,21
20,25
21,22
21,24
23,25
<setup time between tasks by robots>
1 0 7 2 0 0 3 7 3 5 1 4 4 6 0 3 0 6 6 6 1 2 2 1 0 6
1 7 0 6 7 4 4 5 1 5 0 0 1 3 2 5 5 1 0 6 0 3 6 4 1 6
1 7 3 0 0 1 2 5 2 0 6 4 0 3 7 1 5 6 3 0 2 2 6 3 1 2
1 0 0 4 0 3 6 0 3 0 1 2 6 6 0 1 2 5 1 0 1 4 6 5 5 2
1 6 5 2 0 0 2 3 0 6 0 1 5 2 0 7 1 5 5 7 6 1 6 6 5 1
1 5 6 0 3 5 0 1 1 4 6 2 6 1 6 3 4 6 6 6 0 2 2 4 5 0
1 0 3 1 3 2 3 0 0 2 2 5 1 6 3 6 3 3 4 4 0 7 1 4 4 7
1 0 5 7 5 6 3 5 0 6 7 3 3 7 4 2 1 3 1 2 2 1 1 2 3 2
1 4 6 0 4 2 1 2 6 0 5 0 7 0 7 0 5 0 5 1 3 5 6 5 3 4
1 4 3 1 4 0 2 2 0 1 0 5 6 2 6 6 0 2 0 0 1 1 1 1 2 2
1 3 7 5 1 3 0 2 2 3 0 0 1 5 1 3 4 7 3 1 4 6 6 4 3 1
1 5 6 4 6 5 3 5 0 4 2 3 0 1 7 1 1 1 1 0 3 1 2 5 0 0
1 1 4 2 1 0 0 2 6 0 1 2 4 0 6 0 5 5 0 5 7 1 0 7 5 5
1 0 6 5 6 2 6 2 1 5 5 5 0 2 0 7 3 7 1 2 5 1 3 6 2 2
1 0 5 1 6 6 0 0 5 5 4 0 3 4 5 0 5 4 4 5 2 2 2 6 5 6
1 4 2 7 0 2 5 0 0 1 4 7 7 3 6 2 0 2 4 2 0 0 5 0 4 1
1 6 7 4 2 0 3 3 5 3 5 2 4 1 7 6 1 0 0 3 0 4 6 5 2 1
1 1 5 0 0 0 5 0 3 1 2 7 2 0 0 6 5 6 0 2 5 5 1 5 5 0
1 4 1 6 0 0 3 2 4 2 5 2 1 4 7 7 4 6 4 0 4 3 5 4 2 4
1 1 5 3 2 1 3 3 6 6 0 2 7 3 3 7 2 3 7 3 0 5 1 3 5 6
1 0 6 6 4 0 0 5 5 3 1 1 3 6 6 0 4 1 3 7 5 0 2 2 0 1
1 4 4 1 5 6 6 6 4 4 2 1 0 2 5 1 4 0 0 7 3 3 0 4 5 1
1 7 3 2 3 2 2 7 4 5 1 6 2 0 0 1 5 1 6 4 1 0 4 0 7 4
1 6 3 6 1 2 1 6 0 3 2 3 4 2 7 5 6 0 0 1 0 3 6 4 0 1
1 7 1 6 7 1 2 4 4 0 4 0 6 3 2 5 0 4 5 3 0 0 3 7 4 0
2 0 6 4 1 2 3 0 5 5 1 6 2 6 4 3 0 6 2 1 3 2 3 7 5 2
2 1 0 1 2 6 0 5 0 2 5 0 3 4 6 6 4 5 7 0 3 1 3 1 2 6
2 0 7 0 5 5 1 1 6 3 6 4 6 6 3 4 2 2 3 3 4 3 7 5 3 6
2 0 3 3 0 1 5 4 4 2 3 5 6 0 6 2 4 5 4 5 7 0 3 0 7 4
2 6 5 6 1 0 5 7 2 3 6 7 4 4 3 5 3 4 5 0 5 1 2 3 2 0
2 5 5 1 6 1 0 1 7 2 5 3 0 1 6 4 6 3 1 5 1 7 5 1 4 1
2 2 4 3 7 4 1 0 3 0 7 2 3 4 7 4 6 3 3 1 7 7 7 4 6 7
2 4 2 2 1 3 5 4 0 4 2 1 2 5 0 3 7 6 7 1 3 3 0 4 7 6
2 2 7 6 5 7 1 3 2 0 3 5 2 5 2 2 6 4 5 0 7 5 0 4 3 6
2 6 6 4 4 4 2 2 6 2 0 0 7 0 2 6 6 6 5 7 7 0 1 0 6 5
2 1 2 0 7 0 7 2 1 4 7 0 6 3 6 7 5 2 0 5 4 7 4 7 2 4
2 5 6 2 7 3 2 1 7 7 3 1 0 3 3 1 5 4 5 4 4 4 0 3 1 1
2 3 4 0 1 7 2 0 0 2 1 5 1 0 1 6 4 2 4 3 6 3 1 5 5 5
2 1 2 4 0 3 4 7 6 2 1 6 7 6 0 1 1 6 0 5 6 7 2 6 2 0
2 7 2 5 7 0 7 6 7 1 5 3 1 5 7 0 3 3 7 5 1 4 1 3 5 7
2 1 0 3 7 2 0 0 0 4 1 4 4 0 2 1 0 4 4 1 0 5 3 3 7 1
2 7 4 2 3 5 7 0 7 7 6 5 0 2 5 4 6 0 1 7 4 3 5 1 6 1
2 1 6 4 7 0 5 3 3 3 6 7 7 1 4 6 7 3 0 1 4 4 6 4 1 4
2 0 3 7 4 1 6 5 1 0 6 1 4 4 3 1 0 6 0 0 4 1 1 1 3 7
2 2 4 6 7 7 1 4 5 6 7 7 2 2 4 3 6 1 4 7 0 5 6 0 7 2
2 2 3 3 4 2 7 3 1 0 0 7 1 0 5 3 1 3 0 0 3 0 0 1 4 7
2 5 4 5 0 1 4 0 0 1 7 1 1 3 2 7 0 3 3 6 5 7 0 2 4 3
2 0 2 2 4 5 1 7 7 2 6 1 5 4 7 5 6 0 7 5 1 2 6 0 5 6
2 5 3 5 4 3 1 5 5 6 0 1 3 3 1 4 5 4 0 4 7 1 7 0 0 5
2 6 3 0 4 5 2 3 4 1 4 0 5 5 4 6 4 2 4 6 2 0 2 1 7 0
3 0 7 0 6 0 3 0 5 5 6 6 6 0 7 0 0 0 5 4 2 0 2 7 3 2
3 3 0 7 1 2 3 1 3 0 5 7 0 7 3 0 1 1 2 3 0 6 7 4 3 0
3 2 5 0 0 3 3 0 6 7 5 3 7 0 4 7 7 0 7 7 3 4 6 5 2 1
3 7 0 5 0 6 6 1 7 4 4 3 4 2 0 4 4 4 7 5 3 0 6 5 2 5
3 0 6 3 2 0 7 1 4 5 4 1 4 1 4 7 5 4 1 6 1 6 5 6 4 5
3 2 7 6 0 3 0 4 0 4 0 6 7 5 4 0 6 1 4 0 5 3 6 2 5 5
3 7 2 0 2 4 0 0 6 1 5 7 5 2 5 5 4 4 2 5 5 2 7 0 3 2
3 5 7 1 7 2 5 4 0 4 4 4 5 0 4 1 6 0 6 3 0 3 6 1 1 4
3 2 7 3 4 0 3 5 5 0 0 3 2 5 0 2 7 1 4 1 1 1 0 0 3 5
3 6 6 5 7 3 6 4 5 0 0 4 3 0 2 1 5 7 7 4 2 6 6 6 3 3
3 7 0 4 0 5 3 6 6 2 3 0 2 5 2 6 4 4 3 0 2 4 0 2 3 2
3 6 2 7 1 6 4 3 4 4 0 0 0 4 4 4 5 4 1 2 0 1 0 5 5 3
3 1 6 0 3 0 3 5 1 2 4 3 1 0 5 3 5 5 0 0 7 2 4 2 5 4
3 4 2 2 4 2 0 4 7 5 3 2 5 5 0 2 3 1 5 2 5 5 2 4 5 7
3 6 4 0 6 2 5 4 0 5 5 3 0 0 5 0 5 6 1 1 3 4 7 0 2 0
3 2 6 6 4 2 0 4 6 5 3 4 5 2 0 7 0 6 1 3 4 3 2 3 2 4
3 1 0 3 1 1 6 2 5 0 0 5 4 5 5 4 3 0 7 7 2 4 3 7 0 4
3 2 4 2 4 2 4 3 6 0 7 6 6 1 6 5 2 0 0 0 3 0 2 6 1 6
3 7 3 3 5 2 5 5 6 5 0 5 2 7 0 0 5 2 6 0 0 1 5 7 4 1
3 0 1 5 6 0 7 0 6 3 3 1 6 4 0 3 1 3 3 2 0 7 6 6 6 5
3 3 5 5 1 5 3 5 7 0 2 0 7 0 1 4 0 7 1 4 6 0 5 1 1 0
3 4 1 7 0 7 7 4 7 0 5 0 3 6 7 2 5 3 4 7 2 3 0 1 5 2
3 0 7 6 4 6 4 3 1 6 6 0 6 1 1 2 4 6 5 7 6 6 0 0 0 0
3 5 0 6 7 3 0 7 1 5 6 7 5 2 6 7 4 4 3 6 5 6 5 0 0 4
3 3 2 2 7 2 3 3 7 7 0 3 3 7 5 3 0 0 3 2 3 1 4 4 7 0
4 0 0 0 5 1 5 3 3 5 1 4 0 3 5 4 2 2 0 1 3 3 2 3 2 0
4 2 0 5 2 1 4 0 1 4 3 0 2 4 2 0 2 3 0 3 1 1 0 0 1 3
4 3 1 0 3 5 5 2 1 2 0 2 0 1 3 0 0 2 3 5 4 1 0 1 2 0
4 5 3 0 0 5 0 3 1 5 3 4 0 2 0 2 2 4 2 4 4 0 2 4 0 2
4 0 3 4 1 0 4 1 2 2 3 4 3 2 5 2 4 0 4 4 2 1 0 5 2 1
4 0 3 1 1 1 0 2 1 0 2 3 0 0 0 4 1 1 1 5 3 5 3 4 4 3
4 2 5 2 0 4 2 0 4 0 0 1 4 4 3 2 3 5 1 0 3 5 5 3 4 2
4 2 2 0 4 3 5 2 0 5 4 0 0 5 1 3 3 0 2 3 3 1 4 5 5 0
4 4 4 5 0 5 2 5 5 0 1 2 3 4 1 0 5 0 3 2 1 2 2 3 2 0
4 2 4 1 5 5 3 0 3 3 0 2 0 4 0 3 3 0 5 3 2 1 5 4 1 5
4 2 4 0 4 0 3 5 3 0 0 0 0 3 2 2 0 4 0 4 5 1 4 0 3 1
4 3 4 2 5 5 2 1 0 1 1 0 0 4 2 0 1 1 1 1 3 2 1 0 3 1
4 3 3 1 4 0 0 0 1 5 2 2 4 0 1 2 3 3 3 4 3 2 4 1 4 5
4 1 4 3 0 5 0 0 3 2 5 3 0 1 0 5 0 4 0 2 5 0 3 5 0 4
4 1 1 4 1 0 2 1 2 3 4 1 3 2 4 0 5 1 5 5 2 4 0 1 4 1
4 2 1 1 4 5 4 0 5 4 4 3 4 3 3 2 0 5 4 4 3 4 3 3 3 4
4 3 2 0 1 2 0 1 0 3 5 3 0 4 0 2 4 0 3 1 4 3 5 5 5 5
4 2 3 0 3 4 5 1 4 3 4 0 1 1 5 2 3 2 0 0 5 2 1 4 3 4
4 4 4 2 1 4 3 3 5 2 2 0 1 4 3 4 1 3 1 0 1 1 3 3 2 5
4 5 4 5 4 3 5 3 5 1 5 3 2 0 4 0 5 5 0 2 0 3 2 2 2 1
4 1 4 5 2 4 3 0 2 1 1 2 1 5 3 5 4 2 0 0 0 0 1 0 0 5
4 3 0 4 3 5 0 3 1 5 0 5 2 4 2 0 5 0 1 1 2 1 0 2 0 0
4 0 5 1 3 0 1 5 1 0 4 1 4 5 1 0 4 4 2 0 3 0 2 0 4 5
4 2 2 5 0 5 3 1 5 3 4 3 2 0 3 4 0 0 5 4 5 5 5 2 0 1
4 1 3 4 2 2 2 0 0 1 4 4 3 3 1 0 0 1 3 1 3 0 2 0 4 0
5 0 3 0 3 2 3 2 1 6 4 3 0 1 2 3 6 6 1 0 1 2 2 3 2 0
5 4 0 5 0 5 2 5 5 4 0 0 0 4 2 3 1 6 7 0 4 2 7 2 1 6
5 5 4 0 6 7 6 1 1 0 5 5 0 7 5 3 1 7 2 2 1 5 2 1 7 1
5 0 3 5 0 2 5 5 3 2 5 6 5 3 4 6 0 4 3 4 5 4 0 1 2 0
5 1 5 1 6 0 1 3 4 2 1 5 5 5 4 3 1 6 1 0 7 0 5 2 6 1
5 5 1 6 6 6 0 4 7 6 4 1 3 5 1 3 2 5 0 1 2 6 6 2 3 3
5 1 3 1 2 2 4 0 2 5 1 7 5 3 6 3 1 4 1 6 6 4 1 4 0 5
5 3 1 5 5 5 2 1 0 1 3 6 2 1 3 7 4 6 2 6 1 0 5 0 6 1
5 5 0 3 7 3 5 6 5 0 3 2 4 6 3 3 3 5 0 3 6 4 0 2 6 3
5 1 7 3 5 7 4 2 5 0 0 4 6 6 2 5 2 3 2 3 3 5 4 5 6 4
5 5 1 5 4 1 6 1 7 3 3 0 2 3 5 7 6 5 3 7 6 4 3 1 0 0
5 5 4 2 4 6 0 2 4 6 5 0 0 5 1 1 6 1 5 2 6 0 6 3 2 5
5 7 5 7 3 0 4 4 2 5 0 0 6 0 2 3 5 5 3 4 2 6 6 0 5 3
5 6 4 4 1 5 3 2 5 0 2 2 2 5 0 1 1 6 2 1 0 7 4 4 2 1
5 4 5 5 2 2 6 0 4 5 6 7 0 2 1 0 7 4 6 7 6 5 6 4 5 6
5 2 5 4 1 0 3 1 3 6 5 1 4 5 6 1 0 2 2 6 7 5 0 3 0 0
5 5 0 6 0 0 4 1 0 0 6 6 4 0 2 1 6 0 6 2 5 5 3 5 7 0
5 6 5 4 2 6 0 5 7 4 2 1 1 1 6 1 5 6 0 6 4 6 6 1 4 1
5 3 6 6 0 3 0 4 7 5 3 5 4 3 5 1 1 1 4 0 4 1 3 6 1 7
5 6 5 6 5 7 2 2 3 0 0 6 0 4 4 6 1 2 0 3 0 2 1 3 1 4
5 6 6 1 7 2 3 4 0 3 1 0 3 2 6 0 6 4 4 3 2 0 3 2 7 6
5 4 3 6 6 5 3 3 6 3 0 2 2 6 7 0 7 3 0 2 4 2 0 3 0 5
5 1 5 2 4 4 3 5 5 4 5 5 0 7 1 2 5 6 0 4 4 4 1 0 5 0
5 4 5 2 5 6 1 1 1 6 0 1 0 4 4 4 1 2 3 5 6 5 5 1 0 0
5 3 1 3 7 1 5 2 1 3 7 0 3 0 6 4 7 1 6 1 6 4 1 5 0 0
6 0 4 0 1 4 6 6 1 6 0 0 7 2 0 6 8 2 7 1 2 5 6 1 0 1
6 4 0 7 1 2 7 3 5 6 3 3 7 5 7 1 3 1 3 1 1 7 8 5 1 2
6 1 3 0 7 3 6 3 1 4 4 8 4 1 4 3 4 5 3 1 3 4 8 2 0 5
6 3 0 1 0 0 0 5 1 1 2 0 6 1 2 7 8 5 1 6 6 7 4 4 2 2
6 6 2 3 1 0 5 1 6 8 1 5 7 6 7 3 0 0 0 4 7 7 0 0 0 0
6 3 3 3 5 7 0 2 8 3 4 6 6 6 1 0 4 4 5 5 6 7 1 5 7 6
6 7 1 7 0 7 0 0 6 0 3 2 6 4 3 2 3 2 0 0 0 0 3 3 5 7
6 4 7 5 4 3 0 8 0 1 4 3 7 6 4 6 5 0 7 1 8 6 4 6 4 5
6 6 2 0 5 4 6 4 5 0 4 4 5 0 6 2 2 2 7 4 7 0 3 0 5 5
6 0 1 0 4 7 3 3 6 6 0 5 3 1 6 5 4 2 2 4 3 4 1 5 3 0
6 3 4 7 0 7 4 5 1 8 6 0 6 3 2 0 6 2 3 6 6 3 1 3 2 4
6 0 4 0 3 0 6 2 6 4 5 3 0 2 6 5 6 7 1 5 8 7 5 3 3 2
6 7 5 4 6 1 4 1 6 6 5 0 6 0 5 7 5 2 6 1 3 4 8 3 7 0
6 3 1 6 4 6 8 5 4 0 5 1 7 4 0 1 6 7 5 7 6 4 7 5 3 4
6 4 1 5 3 8 2 5 0 8 7 3 5 4 1 0 2 4 5 4 7 8 2 2 4 6
6 2 4 5 0 3 5 4 8 7 2 7 7 0 5 5 0 5 2 7 7 6 7 2 6 5
6 6 3 2 4 2 6 5 6 5 1 0 5 5 0 2 0 0 4 1 2 6 4 6 2 2
6 7 3 5 5 1 2 6 8 8 7 2 7 4 8 3 1 3 0 4 4 4 7 3 3 1
6 0 2 0 5 2 0 7 4 4 1 3 6 7 0 8 2 5 3 0 4 8 4 6 3 2
6 0 7 3 8 1 1 7 4 8 6 1 1 6 4 7 6 5 2 0 0 0 6 4 2 1
6 6 1 3 1 1 7 2 5 4 4 1 0 4 7 5 2 4 2 7 5 0 7 1 1 8
6 3 1 8 0 8 7 6 7 3 6 0 2 7 7 2 3 6 3 3 1 2 0 3 5 3
6 4 5 1 7 6 2 3 0 4 7 6 2 5 7 7 6 0 5 8 3 1 3 0 1 5
6 2 7 4 4 7 8 6 1 3 1 0 7 5 2 5 6 6 1 4 6 3 4 3 0 6
6 0 0 8 3 7 1 3 0 6 1 6 7 5 5 0 4 5 6 4 6 5 4 1 2 0
7 0 4 4 2 5 1 4 4 0 0 4 3 1 5 2 2 0 1 4 1 5 1 1 4 4
7 4 0 3 0 0 5 3 1 1 1 4 5 4 0 2 1 3 1 0 0 2 4 4 2 1
7 4 0 0 4 3 4 0 1 2 3 4 0 3 5 5 1 5 5 5 1 1 3 0 4 2
7 0 5 3 0 3 1 3 1 2 1 4 1 3 1 1 1 4 1 0 4 0 4 0 2 1
7 1 4 3 5 0 0 4 1 2 5 0 0 5 1 0 2 1 3 3 3 1 2 1 3 1
7 5 0 1 2 1 0 5 5 1 1 1 5 1 2 3 1 0 1 0 0 2 3 2 1 3
7 4 1 4 1 1 5 0 1 5 2 2 1 4 0 1 3 4 2 0 2 1 2 0 1 3
7 3 3 0 3 3 3 0 0 3 5 2 2 2 2 0 3 1 2 0 5 3 4 2 1 3
7 1 5 0 3 0 5 3 2 0 1 0 1 4 0 0 5 3 1 1 3 5 0 2 2 2
7 2 2 3 0 2 4 3 1 0 0 0 3 2 5 4 4 3 0 3 0 4 5 3 2 1
7 0 1 2 1 2 2 3 3 3 1 0 0 3 5 3 3 4 5 3 4 1 1 0 4 2
7 0 4 1 5 1 0 4 0 2 2 4 0 3 1 2 0 2 1 1 4 0 3 5 3 1
7 1 0 2 5 1 1 4 3 3 1 2 1 0 3 2 1 4 3 5 4 5 1 1 1 1
7 3 1 2 1 2 3 0 2 1 0 0 1 4 0 1 3 0 0 3 3 1 4 4 1 3
7 3 5 2 1 1 5 2 1 4 2 1 0 4 0 0 1 4 2 0 0 0 4 5 3 2
7 0 3 1 2 1 4 4 1 3 1 5 2 1 3 2 0 3 2 4 4 5 5 4 3 0
7 0 0 4 4 2 0 2 0 2 5 0 4 4 2 2 4 0 4 0 0 1 4 2 5 2
7 4 4 2 0 2 4 3 4 3 4 0 0 5 0 4 0 4 0 2 3 3 2 1 1 3
7 0 5 2 1 4 3 5 4 4 4 3 0 1 3 3 1 3 4 0 2 0 2 5 4 4
7 4 5 4 5 5 4 3 0 1 2 3 0 2 4 2 2 0 0 4 0 5 3 5 0 0
7 2 0 4 0 4 3 4 5 4 1 4 0 2 1 4 3 4 3 2 4 0 2 4 5 0
7 2 0 4 3 0 0 4 3 1 3 5 2 0 2 0 0 3 1 0 4 5 0 1 3 1
7 2 3 1 4 2 2 3 5 3 2 1 1 0 4 1 3 3 2 3 3 1 3 0 0 2
7 2 3 2 2 4 3 4 2 2 3 5 1 1 4 3 3 0 4 2 1 2 5 4 0 5
7 5 4 0 4 0 2 3 1 4 1 0 4 5 0 4 2 3 2 2 4 2 4 0 3 0
8 0 3 6 4 2 3 4 4 0 0 4 5 1 3 3 2 6 2 0 5 6 0 4 1 4
8 0 0 6 1 0 3 5 5 4 6 4 4 2 4 2 5 0 4 1 0 3 4 5 5 0
8 0 1 0 0 6 4 0 2 1 0 6 1 5 0 0 6 6 3 4 2 0 1 5 3 0
8 1 0 2 0 5 6 5 0 2 2 3 4 0 6 6 5 1 6 6 2 5 0 1 0 2
8 5 0 0 3 0 1 3 1 0 5 3 1 5 4 4 4 2 0 5 2 0 1 5 4 4
8 2 1 1 5 2 0 0 2 5 4 0 5 2 5 1 3 5 2 5 3 5 2 6 3 6
8 0 1 1 5 2 1 0 6 0 6 5 6 0 3 0 1 0 0 1 4 0 4 0 2 1
8 4 4 3 6 4 6 0 0 0 5 3 3 2 1 2 2 3 0 4 2 5 6 3 6 0
8 1 2 0 3 2 3 1 2 0 4 3 3 3 0 4 3 4 1 0 2 1 6 3 2 0
8 2 3 4 5 0 0 0 2 0 0 2 6 5 3 3 1 0 4 1 4 5 4 2 0 3
8 0 3 5 2 3 3 1 0 0 0 0 6 3 0 2 1 6 1 5 1 3 5 4 5 3
8 2 2 4 1 3 1 1 4 5 5 1 0 5 6 4 6 4 6 4 4 0 1 1 4 5
8 1 4 6 6 6 1 0 3 1 0 5 0 0 5 4 0 1 3 6 4 4 4 5 5 2
8 0 1 3 5 3 1 6 4 4 1 1 3 1 0 5 4 1 2 5 6 0 0 3 5 6
8 4 0 5 1 5 4 2 5 6 1 4 2 2 1 0 3 3 2 0 1 0 5 4 3 2
8 3 1 1 5 3 0 1 0 2 1 3 1 0 5 0 0 5 1 4 0 4 3 2 3 3
8 3 1 5 2 3 0 0 4 3 1 4 4 4 6 3 4 0 3 4 2 6 4 3 6 4
8 0 5 4 6 1 4 3 0 6 6 1 2 4 5 3 3 6 0 3 1 3 0 3 0 3
8 1 6 1 5 0 4 4 2 5 5 0 0 0 3 2 5 5 2 0 0 1 4 5 6 1
8 6 5 3 2 5 2 3 6 3 4 2 0 4 1 0 0 5 5 6 0 2 5 3 0 6
8 0 4 5 6 1 5 2 1 4 3 2 0 4 1 2 6 0 6 3 2 0 5 6 5 2
8 2 1 1 2 4 0 1 5 4 1 3 4 1 3 3 3 2 3 5 3 5 0 1 1 4
8 2 2 2 0 6 0 1 3 1 1 4 4 6 0 2 2 4 4 1 6 4 4 0 4 2
8 6 4 1 2 3 2 1 3 6 3 0 6 1 0 0 1 6 3 3 4 5 4 1 0 2
8 2 5 1 0 1 6 0 4 2 5 3 3 6 5 1 2 2 1 1 6 0 3 5 6 0
9 0 2 4 0 6 6 5 0 1 1 5 2 3 2 4 2 0 1 3 1 5 0 4 3 0
9 5 0 5 6 6 5 0 5 1 5 1 6 5 2 4 4 5 0 3 1 1 5 3 6 5
9 1 0 0 4 4 6 4 2 1 5 5 5 4 6 2 5 2 5 1 2 1 2 6 2 0
9 0 1 2 0 1 3 2 4 6 3 6 1 1 1 2 5 5 2 2 6 1 4 4 0 2
9 5 3 4 1 0 0 1 3 0 3 4 3 0 3 6 5 4 5 6 2 1 4 1 4 1
9 2 4 0 1 6 0 1 3 2 6 0 5 5 2 1 6 2 1 5 4 6 5 1 1 3
9 1 0 3 0 5 3 0 3 3 4 2 0 5 6 2 3 4 0 3 6 3 5 2 4 1
9 4 1 6 0 0 3 0 0 2 6 4 4 5 2 3 4 1 3 2 1 6 1 2 5 3
9 0 4 2 3 6 0 1 5 0 0 4 4 1 2 0 2 2 3 4 1 1 1 3 5 0
9 1 5 3 5 2 0 2 6 3 0 3 4 1 4 6 6 6 0 3 3 5 6 2 4 6
9 4 1 0 4 2 2 1 4 0 4 0 6 6 3 3 1 5 1 0 1 4 1 5 6 2
9 5 1 5 3 0 3 1 2 3 6 2 0 5 6 3 6 6 1 4 5 4 6 6 1 5
9 6 6 5 4 1 3 6 2 1 5 6 1 0 6 6 1 1 6 6 3 1 4 2 0 2
9 4 0 4 3 2 2 3 0 5 4 5 4 2 0 4 6 5 6 6 2 3 3 5 1 2
9 4 4 1 3 1 6 1 2 3 1 2 5 5 4 0 0 2 0 0 3 3 0 5 3 5
9 4 5 6 6 2 3 3 2 1 5 4 0 4 4 4 0 4 6 1 4 4 3 3 2 6
9 0 4 1 3 6 5 1 5 6 1 1 4 3 2 0 1 0 3 3 1 3 3 2 3 6
9 5 2 0 4 4 5 1 0 1 1 0 0 2 4 3 6 4 0 1 3 3 0 3 4 2
9 5 1 2 2 2 1 4 2 4 1 2 2 3 2 2 6 1 0 0 2 4 2 3 0 0
9 2 4 2 3 6 3 5 3 4 4 2 5 5 6 0 5 2 5 3 0 5 1 2 3 4
9 6 0 3 5 3 3 0 2 2 0 3 1 5 1 1 0 1 1 2 4 0 1 0 0 1
9 4 1 0 0 5 6 6 0 3 5 3 1 6 2 3 3 0 1 4 3 0 0 6 0 0
9 0 6 1 1 3 2 6 1 1 3 1 1 5 1 6 3 6 1 5 3 2 5 0 5 1
9 0 1 2 6 3 4 3 2 1 5 6 3 6 3 1 2 6 1 4 0 5 3 4 0 4
9 2 1 2 2 2 4 0 4 6 1 1 3 2 2 1 5 3 1 0 2 0 3 4 6 0
<end>