<number of tasks>
25
<number of stations>
4
<type of the robots>
4
<limit of the robots>
1 1
2 1
3 1
4 1
<task times>
1 85 42 38 81
2 47 74 48 43
3 87 107 63 53
4 50 55 57 41
5 60 58 39 38
6 70 47 49 74
7 44 47 33 37
8 113 47 84 39
9 68 35 43 32
10 81 131 73 63
11 124 70 47 52
12 51 90 32 36
13 117 89 44 45
14 34 71 42 67
15 65 79 36 84
16 109 115 60 103
17 59 36 31 35
18 82 61 50 54
19 39 84 65 53
20 66 150 52 69
21 49 36 36 44
22 46 63 32 43
23 71 70 58 57
24 54 48 24 52
25 77 62 63 90
<precedence relations>
1,3
2,3
3,4
4,5
4,8
5,6
6,7
6,10
7,11
7,12
8,9
8,11
9,10
9,13
11,13
12,15
13,14
14,16
14,19
14,20
15,17
15,22
16,18
17,18
17,23
18,25
19,22
20,21
20,25
21,22
21,24
23,25
<setup time between tasks by robots>
1 0 6 5 2 3 6 3 4 5 7 5 5 7 6 4 2 5 4 5 1 6 0 7 6 7
1 7 0 2 7 1 2 2 2 0 5 7 7 3 4 2 3 6 0 0 0 6 2 3 4 3
1 2 2 0 0 3 4 7 0 1 8 0 5 3 0 6 4 2 1 0 4 6 8 7 5 3
1 6 4 4 0 0 5 6 0 5 6 0 1 6 7 1 1 3 5 2 4 7 0 4 3 5
1 3 1 3 7 0 6 2 5 7 8 1 8 3 2 0 3 7 2 3 0 0 2 0 8 0
1 0 3 0 5 7 0 0 4 5 6 4 4 3 7 4 1 7 2 7 2 5 8 1 2 2
1 2 5 6 7 1 1 0 7 2 2 8 6 3 5 2 0 0 7 2 1 7 3 0 7 5
1 1 3 4 5 0 4 1 0 4 3 6 0 5 0 2 8 1 0 4 5 0 4 5 3 1
1 6 7 0 4 3 7 4 5 0 2 3 4 6 8 2 3 4 1 0 4 4 0 1 1 1
1 6 7 3 4 0 1 7 2 2 0 2 0 1 3 0 7 5 2 0 2 7 2 3 2 4
1 4 6 5 3 2 3 4 0 4 0 0 1 0 6 3 6 3 1 2 1 5 5 1 6 4
1 0 2 2 3 5 4 4 6 0 0 7 0 6 2 8 1 3 5 8 0 1 2 2 5 7
1 6 3 7 1 2 0 6 1 1 1 5 3 0 0 1 4 7 7 1 7 3 0 8 6 1
1 6 3 2 6 0 1 8 3 0 7 1 4 3 0 3 2 7 6 3 0 1 6 2 1 5
1 5 8 1 3 4 2 1 2 5 2 4 4 3 7 0 3 4 0 7 0 2 5 3 1 8
1 7 2 2 6 5 8 7 7 4 4 6 1 0 6 1 0 0 7 4 1 3 7 3 5 7
1 0 8 0 0 4 2 7 8 1 8 1 1 2 0 7 2 0 3 5 0 5 4 0 2 2
1 7 6 1 7 7 6 6 7 7 6 2 2 5 0 4 7 3 0 2 2 7 3 1 2 4
1 6 5 6 7 4 3 5 6 3 3 3 7 2 3 8 5 7 4 0 3 4 4 6 7 5
1 0 0 3 3 0 4 1 4 4 4 0 8 8 7 0 8 5 5 2 0 0 0 1 0 6
1 6 0 0 3 1 3 6 0 7 1 8 2 0 0 4 1 4 4 4 1 0 7 4 0 0
1 5 3 6 5 6 2 3 4 8 6 6 6 4 0 6 6 5 3 3 3 1 0 3 0 2
1 3 1 4 5 3 0 3 5 4 2 4 8 7 5 1 7 5 6 3 7 3 1 0 7 1
1 2 4 5 0 3 4 7 6 3 6 2 2 1 2 6 4 5 4 1 3 2 3 7 0 1
1 6 2 5 0 1 8 1 0 2 0 3 6 4 3 0 0 0 0 4 1 6 2 1 1 0
2 0 6 2 5 5 0 3 5 4 7 3 1 1 5 5 7 8 7 0 5 5 6 5 4 0
2 0 0 1 6 7 3 3 8 0 4 6 8 7 7 1 5 0 3 3 2 0 4 3 4 6
2 1 7 0 6 4 8 8 4 8 0 1 8 5 8 6 2 5 4 6 2 2 0 6 5 4
2 3 0 8 0 0 3 5 8 4 8 1 4 0 7 1 7 5 8 3 5 0 2 4 5 3
2 5 3 4 2 0 3 4 2 6 2 7 0 4 3 3 7 2 4 1 3 8 2 8 1 0
2 5 3 5 6 3 0 3 8 1 5 5 6 2 6 6 1 5 7 2 4 5 6 2 0 4
2 5 6 3 1 1 3 0 3 6 7 3 4 3 3 6 2 7 1 3 5 1 8 3 1 5
2 1 5 7 6 8 5 2 0 1 3 6 0 4 4 1 7 3 2 2 5 1 4 7 2 6
2 5 1 0 6 2 8 3 0 0 6 2 4 0 7 0 5 5 6 2 3 3 3 2 6 1
2 1 0 5 0 2 6 7 5 4 0 2 3 0 5 3 5 8 4 7 5 5 8 6 7 5
2 2 0 7 3 2 4 3 7 2 4 0 3 3 8 3 7 7 2 1 0 6 1 0 3 2
2 7 8 1 7 8 0 5 5 2 2 0 0 7 5 8 0 7 2 0 5 6 1 8 7 2
2 5 2 4 6 0 3 4 7 3 6 7 1 0 8 8 0 4 7 5 0 1 5 3 5 8
2 4 7 1 2 2 6 7 7 0 4 7 4 4 0 3 2 2 8 2 6 3 5 2 3 7
2 6 3 2 6 4 0 6 3 4 0 0 6 7 6 0 1 3 5 7 2 8 7 4 2 5
2 5 0 6 4 0 3 4 1 7 2 2 5 8 5 2 0 0 7 4 7 5 0 5 6 4
2 4 0 0 5 4 8 7 4 2 8 6 1 7 6 8 4 0 7 2 2 1 7 3 1 0
2 4 3 0 3 7 2 1 4 1 3 8 0 0 2 2 7 5 0 6 7 1 3 7 3 3
2 4 4 8 0 1 4 4 0 0 8 2 2 1 8 3 2 4 5 0 7 5 7 6 4 6
2 2 2 1 1 3 4 4 3 2 1 4 5 7 3 8 6 7 0 0 0 6 8 0 6 7
2 6 3 5 4 0 4 7 0 1 1 0 8 3 7 0 0 1 2 8 7 0 7 3 5 0
2 6 6 5 5 1 3 2 5 2 8 7 4 0 0 0 2 0 8 0 3 8 0 1 7 6
2 0 4 5 8 4 2 1 3 0 5 8 6 7 1 8 6 3 5 5 6 3 3 0 8 6
2 1 1 6 0 5 7 4 3 6 0 8 3 3 3 2 1 8 0 8 3 6 6 2 0 4
2 6 1 4 2 8 0 8 4 5 3 7 5 4 7 6 2 7 3 5 1 0 7 8 7 0
3 0 2 3 5 5 4 5 4 4 5 0 4 5 3 5 5 0 1 4 1 0 1 1 2 1
3 4 0 4 5 1 3 2 4 0 3 2 1 3 0 5 2 5 3 0 3 2 2 1 5 1
3 5 3 0 0 4 5 4 5 4 4 1 1 0 0 1 5 2 5 0 2 0 2 3 5 5
3 2 1 3 0 0 4 0 4 2 4 3 2 3 0 2 3 2 3 0 5 4 2 3 5 5
3 4 5 0 5 0 3 5 3 3 4 1 2 5 1 2 0 0 0 2 3 1 0 3 5 2
3 0 0 3 3 1 0 2 5 0 4 3 1 1 4 2 0 1 3 2 5 1 3 2 5 3
3 5 1 0 1 1 3 0 0 1 1 5 1 1 3 2 3 0 4 2 4 1 3 4 1 4
3 5 3 3 4 2 0 3 0 0 2 0 1 1 5 2 3 3 5 1 3 5 1 1 5 1
3 2 2 3 0 0 2 3 1 0 1 5 5 3 0 4 1 2 2 4 0 3 1 3 4 5
3 5 3 2 5 5 5 5 0 5 0 0 1 0 1 3 0 2 0 4 3 0 2 1 5 5
3 0 2 5 3 2 3 3 4 5 4 0 1 1 3 5 4 4 5 0 3 2 4 4 4 3
3 1 1 1 0 4 1 1 3 1 5 3 0 2 5 1 1 3 5 0 0 1 3 5 4 2
3 5 5 5 3 2 0 5 2 1 3 0 3 0 0 4 2 5 2 2 1 4 2 0 5 1
3 2 4 3 2 4 2 2 1 5 5 3 2 3 0 1 2 4 3 0 3 1 1 1 3 5
3 1 3 2 0 4 0 0 0 5 2 3 0 4 2 0 3 5 4 0 1 3 1 5 4 5
3 3 2 4 3 3 4 2 0 4 5 2 1 2 4 5 0 2 4 1 2 3 1 2 1 0
3 1 1 2 5 3 0 4 2 5 2 3 1 4 3 3 5 0 2 1 0 4 1 0 4 5
3 3 1 2 2 4 1 4 1 5 3 1 2 1 3 4 0 1 0 5 4 5 1 0 2 1
3 2 2 0 3 1 5 3 1 4 0 2 3 0 5 2 0 1 1 0 5 3 3 1 1 3
3 3 2 0 5 1 3 2 5 5 4 3 2 2 3 3 3 2 0 1 0 0 0 2 4 5
3 2 5 5 0 5 2 2 1 4 3 5 2 2 3 3 5 3 4 0 0 0 5 5 0 3
3 2 1 2 1 5 0 3 1 3 5 0 5 4 2 0 2 5 1 2 4 1 0 1 3 2
3 0 2 5 2 1 3 4 0 3 2 5 2 4 1 1 3 1 2 2 5 2 5 0 0 4
3 2 2 3 3 4 3 1 1 0 1 5 5 5 2 1 4 1 2 2 5 1 0 4 0 0
3 0 5 4 2 5 4 3 0 1 2 3 3 1 3 0 2 1 4 3 4 2 2 1 0 0
4 0 2 7 3 1 4 1 6 1 5 4 1 1 3 7 6 1 1 2 3 1 4 7 0 3
4 4 0 7 0 4 7 6 0 0 5 4 5 6 5 6 6 1 0 1 5 2 7 5 0 0
4 1 7 0 3 3 2 6 4 5 5 5 2 0 6 6 0 3 1 0 1 4 3 2 4 1
4 0 1 4 0 5 3 2 2 5 2 6 5 5 4 1 6 2 3 1 7 7 4 0 6 5
4 2 0 5 1 0 2 1 2 4 6 1 7 2 1 5 2 0 3 1 4 3 0 5 0 6
4 6 4 2 0 2 0 3 1 4 0 1 3 3 4 2 5 1 5 4 2 0 0 5 5 1
4 2 0 6 7 4 1 0 0 2 1 2 5 7 5 5 4 5 7 1 3 6 7 7 3 5
4 2 3 5 4 1 4 6 0 0 1 2 2 2 5 1 3 6 7 0 4 0 3 4 6 6
4 7 5 0 3 4 5 5 6 0 4 0 4 2 6 0 7 2 7 5 4 5 5 6 7 3
4 0 3 0 5 6 5 4 3 2 0 3 7 1 2 5 5 4 7 1 1 0 6 7 2 4
4 6 2 1 3 1 7 7 4 5 3 0 2 5 2 5 0 5 7 1 2 5 5 5 6 2
4 6 5 2 2 5 5 0 2 4 1 7 0 7 6 3 7 1 4 6 7 3 7 5 0 4
4 1 7 0 0 3 3 6 3 0 5 2 1 0 0 0 2 1 5 5 4 6 2 7 4 0
4 3 7 7 1 0 0 5 7 3 6 3 4 1 0 0 6 7 6 4 5 5 1 7 0 6
4 6 4 6 1 7 6 0 4 1 4 6 5 0 7 0 5 1 4 6 3 3 3 2 4 4
4 3 4 4 6 2 5 7 7 3 0 3 7 0 0 6 0 3 3 6 0 2 3 3 4 4
4 3 7 5 0 7 6 2 6 2 4 2 3 0 1 1 2 0 1 6 0 4 2 3 6 5
4 1 1 1 1 5 1 6 0 6 5 0 6 0 4 1 6 7 0 7 0 3 1 7 0 7
4 3 4 1 5 6 2 4 7 6 4 5 1 6 4 1 6 2 0 0 3 0 4 0 2 3
4 3 4 7 5 3 5 5 4 0 4 5 0 1 5 7 4 2 5 6 0 0 1 6 7 1
4 1 3 5 2 5 6 7 0 4 3 2 1 2 2 2 2 1 3 1 4 0 1 2 6 6
4 0 0 0 2 4 4 2 5 0 5 0 0 3 2 4 7 0 0 4 7 0 0 4 5 3
4 3 2 4 6 3 4 3 1 3 5 5 7 2 2 2 0 2 2 7 3 0 0 0 7 5
4 4 5 7 7 4 6 7 4 6 2 7 7 2 7 2 3 3 1 2 4 3 2 1 0 7
4 7 4 0 5 3 2 2 0 7 1 6 5 3 7 6 0 5 2 3 0 7 3 0 0 0
<end>