<number of tasks>
25
<number of stations>
6
<type of the robots>
6
<limit of the robots>
1 1
2 1
3 1
4 1
5 1
6 1
<task times>
1 87 62 42 60 44 76
2 67 47 42 45 53 100
3 82 58 54 40 61 60
4 182 58 62 60 55 100
5 71 47 28 57 62 76
6 139 48 51 73 61 117
7 98 99 44 49 59 82
8 70 40 33 29 36 52
9 60 114 47 72 63 93
10 112 67 85 63 49 86
11 51 35 41 44 85 69
12 79 39 50 80 67 95
13 57 47 56 85 41 49
14 139 65 40 38 87 105
15 95 63 42 65 61 167
16 54 48 51 34 71 133
17 71 28 35 29 32 41
18 112 29 49 58 84 69
19 109 47 38 37 52 69
20 63 45 39 43 36 57
21 75 68 45 79 84 83
22 87 36 74 29 82 109
23 58 36 55 38 42 107
24 44 54 23 21 36 71
25 79 64 48 35 48 97
<precedence relations>
1,3
2,3
3,4
4,5
4,8
5,6
6,7
6,10
7,11
7,12
8,9
8,11
9,10
9,13
11,13
12,15
13,14
14,16
14,19
14,20
15,17
15,22
16,18
17,18
17,23
18,25
19,22
20,21
20,25
21,22
21,24
23,25
<setup time between tasks by robots>
1 0 8 4 2 2 8 9 1 3 8 5 1 10 3 1 2 7 7 2 10 6 4 8 1 3
1 2 0 8 5 1 2 1 9 3 7 0 10 3 6 7 5 3 0 10 5 9 6 3 2 6
1 5 2 0 3 5 5 3 9 7 7 0 0 3 8 4 6 7 4 2 10 7 6 4 7 5
1 2 10 1 0 6 4 8 10 0 7 0 6 7 0 8 5 8 6 3 10 10 8 3 0 0
1 7 5 2 8 0 10 4 0 6 10 3 6 7 10 6 8 5 2 1 1 1 8 4 8 6
1 6 10 9 10 9 0 7 9 7 0 2 8 9 4 4 7 7 6 10 7 4 7 3 0 8
1 9 0 7 0 0 0 0 4 0 1 6 6 9 2 6 9 4 0 4 8 6 3 6 4 0
1 2 3 2 7 2 4 5 0 2 3 3 5 4 7 5 5 10 2 7 0 4 2 5 2 0
1 10 2 0 7 6 5 2 8 0 10 10 0 1 1 3 5 8 8 2 2 4 1 0 7 6
1 0 3 5 3 5 2 6 8 0 0 10 3 9 0 3 7 3 10 5 7 3 4 1 8 4
1 0 4 6 9 1 8 7 3 2 6 0 7 3 2 0 6 3 4 8 8 6 4 8 3 7
1 4 1 5 3 9 6 4 9 9 10 5 0 5 6 7 8 4 10 5 5 0 2 2 6 1
1 6 3 7 9 3 10 1 10 4 9 6 7 0 0 10 5 9 7 7 2 9 7 1 4 9
1 6 5 9 9 1 5 1 2 10 6 10 3 2 0 0 5 1 6 7 4 6 9 10 4 10
1 3 2 10 3 8 2 0 8 7 10 1 10 3 7 0 8 5 10 2 3 6 0 0 3 5
1 6 5 5 4 4 1 7 1 8 1 0 7 9 3 0 0 7 9 0 1 2 0 1 9 2
1 0 4 5 6 9 8 10 0 4 10 8 5 2 4 0 9 0 7 6 5 7 2 6 6 5
1 8 5 7 2 8 1 1 0 6 8 3 2 10 5 8 3 9 0 5 9 1 10 4 9 3
1 0 4 4 3 6 1 6 4 7 1 5 8 0 2 6 5 8 9 0 6 9 0 3 9 5
1 3 6 4 1 3 4 7 6 6 1 2 1 1 8 9 4 4 4 3 0 8 10 5 3 6
1 4 7 4 4 6 10 8 10 5 10 10 5 9 9 3 10 1 5 10 9 0 8 9 3 7
1 8 10 2 3 6 5 0 4 7 7 7 0 0 1 8 5 10 4 9 7 5 0 1 8 5
1 7 0 6 6 8 9 9 10 0 4 2 1 7 9 10 1 3 2 2 10 10 0 0 9 5
1 3 1 8 8 8 9 7 7 3 5 2 3 6 9 9 2 1 2 3 3 1 0 1 0 5
1 10 9 2 10 8 1 6 9 2 5 8 8 1 5 3 10 0 6 6 4 2 2 6 2 0
2 0 3 0 1 5 2 1 4 6 6 0 6 0 1 0 2 1 1 5 0 5 2 2 1 1
2 6 0 5 6 4 5 2 2 6 5 5 6 4 4 4 0 2 0 0 3 3 1 2 6 2
2 6 2 0 5 3 4 4 5 1 4 1 3 1 5 5 6 1 4 0 2 2 6 2 1 4
2 3 3 5 0 2 6 1 2 1 4 6 0 6 5 5 3 0 2 5 6 5 0 1 4 4
2 4 2 6 1 0 5 6 0 1 0 5 4 5 6 0 6 5 2 1 0 4 2 2 4 1
2 1 3 1 4 4 0 5 2 3 4 3 3 5 5 1 1 5 2 5 5 2 4 2 3 5
2 3 0 3 4 0 3 0 3 4 5 0 6 4 6 3 1 5 3 4 6 5 5 2 1 6
2 4 2 2 1 6 1 3 0 5 5 0 1 1 5 4 1 4 3 0 0 1 6 4 3 3
2 3 6 0 1 0 3 0 5 0 1 4 3 4 5 3 0 1 5 5 3 3 2 2 6 2
2 2 6 0 1 0 3 5 2 6 0 5 1 4 1 1 6 3 2 6 2 1 5 5 1 6
2 6 3 1 5 2 2 5 5 3 0 0 1 3 1 1 1 3 4 6 6 6 5 3 4 4
2 5 3 0 3 0 5 1 1 6 2 3 0 6 1 6 2 0 5 3 6 6 3 3 2 6
2 4 2 4 0 3 0 0 5 0 3 0 6 0 6 4 1 6 3 1 2 1 1 0 6 0
2 3 6 5 2 2 5 1 6 2 4 3 0 6 0 1 3 6 1 2 4 4 1 0 5 0
2 2 5 6 6 4 0 0 3 2 6 6 2 2 4 0 5 5 6 6 6 5 3 2 3 6
2 3 0 0 5 6 0 6 4 5 1 6 4 3 2 1 0 3 4 4 6 0 0 4 0 1
2 0 0 5 4 3 5 6 5 2 3 0 6 1 6 1 6 0 3 4 2 5 5 2 3 6
2 0 4 2 5 1 6 1 4 3 6 5 1 3 2 6 0 0 0 1 0 4 6 6 6 3
2 4 6 2 0 3 3 2 6 5 2 0 2 6 1 0 0 1 4 0 0 2 1 0 4 3
2 6 0 1 4 6 5 4 0 1 1 6 3 1 1 0 3 2 4 1 0 2 0 4 4 2
2 6 5 6 4 4 0 1 3 1 2 2 0 2 1 3 4 0 2 0 6 0 2 6 4 1
2 5 3 2 4 1 3 0 4 4 0 0 0 4 3 6 1 1 6 3 2 0 0 3 2 5
2 0 1 3 4 3 2 1 6 0 0 3 6 4 3 3 1 4 1 6 5 1 3 0 6 5
2 0 4 5 6 1 0 3 0 0 4 0 3 5 3 5 0 0 4 5 0 6 6 2 0 6
2 1 2 6 6 3 3 1 2 5 4 2 5 1 5 4 1 0 6 6 1 5 6 6 3 0
3 0 4 1 4 0 0 4 4 3 3 3 3 2 1 1 4 3 0 0 4 1 3 2 5 0
3 5 0 1 3 1 1 3 4 3 0 5 1 0 5 3 1 5 2 4 0 1 3 1 4 0
3 1 5 0 0 4 4 1 0 4 4 0 0 0 2 1 2 1 5 2 3 1 1 3 4 2
3 3 0 1 0 3 4 4 3 5 1 1 0 5 1 1 2 2 2 2 0 1 1 4 1 2
3 4 1 2 1 0 4 3 1 4 1 0 0 0 5 5 2 5 3 1 4 1 3 4 1 0
3 2 2 1 4 4 0 5 4 0 4 2 4 4 4 1 1 2 5 5 2 2 2 3 3 2
3 1 4 4 4 1 0 0 4 2 5 0 2 3 4 4 0 5 4 4 3 0 5 0 1 4
3 3 5 1 4 1 5 3 0 0 3 1 0 0 0 4 1 0 0 1 5 3 5 1 1 4
3 0 1 4 4 4 1 5 3 0 3 4 4 1 2 5 0 4 2 2 4 0 0 1 3 4
3 5 0 3 3 2 4 1 4 4 0 2 4 0 2 5 1 3 2 0 4 3 4 4 0 2
3 0 0 3 4 2 3 1 3 1 2 0 0 2 2 0 4 4 2 3 3 2 4 2 4 0
3 4 2 4 3 3 2 3 0 2 1 3 0 4 2 0 5 4 1 5 0 4 4 2 4 0
3 3 4 0 1 0 4 0 4 4 3 4 1 0 3 0 0 4 3 3 4 0 2 4 1 4
3 0 3 3 2 2 2 4 1 5 5 2 3 2 0 3 4 1 2 5 2 0 0 4 3 2
3 2 1 4 1 1 3 0 3 3 0 2 1 0 2 0 0 3 1 3 2 4 0 2 2 3
3 5 2 4 0 2 2 3 3 1 3 1 2 5 3 4 0 1 0 2 5 0 4 4 0 1
3 0 2 5 3 5 3 4 2 1 3 2 4 2 1 2 0 0 3 0 4 0 5 1 0 2
3 1 2 3 0 5 5 2 0 4 3 2 4 0 5 2 0 0 0 3 1 3 5 2 2 2
3 4 3 3 4 3 5 0 4 4 5 5 5 0 4 1 3 2 4 0 3 3 3 3 0 0
3 3 1 3 0 3 1 1 0 1 2 4 3 0 4 4 2 3 2 4 0 4 5 0 5 0
3 0 3 4 3 4 1 5 2 5 5 2 2 5 0 3 2 0 1 5 2 0 5 2 2 3
3 5 4 5 4 0 3 1 0 3 2 1 4 0 1 1 0 3 3 4 1 1 0 1 1 4
3 1 3 2 0 2 2 3 1 5 5 1 1 4 3 4 0 1 1 0 4 0 0 0 2 3
3 5 1 3 1 2 2 2 4 1 3 1 5 4 1 1 0 1 3 5 5 2 2 1 0 0
3 3 4 5 2 1 4 1 5 5 0 2 0 4 2 0 5 4 3 1 2 2 1 2 3 0
4 0 3 1 4 2 1 0 1 2 4 0 5 5 2 1 4 4 4 1 0 3 2 2 0 2
4 4 0 5 3 2 4 5 0 0 1 1 2 1 2 1 5 0 1 1 2 3 4 0 0 0
4 1 0 0 3 2 0 0 3 1 3 3 1 4 1 2 1 1 1 3 3 2 2 2 3 2
4 0 2 1 0 0 4 4 2 2 3 0 1 3 4 3 4 3 3 2 2 3 5 2 0 3
4 2 4 2 4 0 2 4 4 1 3 0 4 2 0 4 1 3 2 3 2 4 0 2 0 2
4 3 0 3 5 1 0 2 4 3 1 1 1 3 3 2 5 2 1 2 0 1 4 4 0 4
4 4 0 1 4 3 3 0 5 0 3 5 2 4 4 3 2 3 1 3 2 5 4 1 0 2
4 2 1 1 1 3 5 4 0 0 1 1 4 0 0 1 0 1 3 4 2 1 5 4 2 0
4 1 1 2 5 3 4 4 1 0 5 2 4 3 4 2 2 0 2 2 0 0 3 1 1 2
4 2 3 3 1 3 4 4 3 4 0 0 2 3 2 4 4 5 3 2 1 2 2 0 4 3
4 4 3 1 0 4 3 4 4 0 2 0 3 0 2 0 2 4 4 2 3 4 5 4 5 1
4 3 1 1 0 2 4 1 1 5 4 5 0 1 1 1 4 5 3 2 0 2 4 2 4 5
4 1 0 3 2 0 0 3 3 0 5 5 2 0 0 0 2 3 5 4 0 2 3 2 4 4
4 3 4 3 3 4 1 1 1 4 2 2 0 2 0 4 5 4 1 1 4 1 0 0 2 4
4 0 3 3 4 3 5 4 2 5 0 0 4 3 3 0 2 3 1 1 0 4 5 0 2 2
4 4 2 0 4 0 1 0 0 3 2 4 0 2 0 1 0 1 3 1 1 3 0 3 0 5
4 1 0 3 3 0 0 4 4 1 4 0 3 1 3 3 1 0 0 0 3 1 1 1 0 0
4 4 4 3 2 4 2 0 2 3 1 2 3 1 1 1 1 3 0 3 1 1 0 3 3 3
4 2 3 0 0 3 1 4 3 4 2 3 3 4 0 2 3 2 2 0 4 1 5 0 4 1
4 4 4 1 0 1 4 4 1 0 0 3 0 0 0 0 2 5 2 5 0 3 4 4 3 2
4 1 5 1 2 0 4 4 2 0 0 3 2 3 2 2 2 3 1 0 1 0 2 4 4 2
4 1 4 2 1 0 4 4 3 3 2 2 0 2 2 4 3 1 1 4 3 0 0 1 3 4
4 4 2 1 0 2 5 0 1 2 2 3 0 3 4 4 2 1 0 2 3 0 1 0 4 3
4 0 0 2 5 2 3 4 4 0 3 4 4 3 0 2 1 2 0 2 2 1 3 4 0 3
4 2 2 4 2 5 3 2 4 5 0 4 0 0 4 0 0 0 1 4 5 1 1 1 5 0
5 0 1 2 5 4 2 4 2 3 1 5 4 3 7 7 6 3 1 6 6 5 3 4 6 0
5 3 0 6 4 7 4 2 7 3 0 3 2 2 2 3 2 2 0 4 2 2 6 6 2 2
5 7 6 0 5 2 7 0 6 0 5 7 1 1 0 0 7 7 2 2 2 3 7 2 3 7
5 3 4 7 0 6 2 7 6 1 3 1 5 0 2 3 7 2 6 0 1 3 0 7 2 0
5 3 3 7 5 0 0 5 5 6 7 3 2 2 3 2 0 0 1 6 7 4 0 1 1 1
5 4 3 3 1 0 0 1 4 2 7 1 2 5 1 4 1 2 0 4 3 5 4 2 6 5
5 7 4 7 4 1 0 0 6 2 3 1 7 5 6 0 3 2 4 6 7 5 1 0 2 3
5 4 2 2 7 1 6 5 0 5 5 3 6 3 3 4 4 2 1 6 0 7 7 0 7 6
5 4 2 4 6 3 3 7 0 0 7 5 7 2 4 2 3 1 4 3 3 7 4 3 0 2
5 4 6 0 5 0 3 2 4 0 0 6 2 5 4 1 5 5 0 6 4 7 4 1 2 1
5 4 0 1 1 6 6 4 2 3 1 0 2 6 7 3 3 2 1 7 4 0 0 3 1 0
5 6 1 3 6 4 3 0 6 7 5 7 0 5 2 6 4 0 5 6 0 0 3 1 5 0
5 5 6 2 3 4 0 0 0 7 6 7 7 0 1 7 7 4 3 1 5 1 7 6 4 6
5 5 1 3 5 5 4 6 6 5 2 0 1 4 0 5 0 6 5 2 3 6 5 0 1 2
5 7 4 6 3 6 1 0 6 2 0 0 7 7 4 0 6 1 1 2 3 1 6 1 5 7
5 4 7 2 6 6 4 5 0 6 2 0 3 2 7 4 0 4 7 5 6 7 1 2 2 1
5 2 7 2 4 2 2 1 4 1 4 4 1 4 7 7 2 0 0 5 7 2 0 6 1 5
5 4 7 6 6 2 3 5 4 0 1 0 2 2 3 5 1 5 0 1 6 7 2 4 3 6
5 1 2 7 7 7 6 7 2 7 6 2 3 2 7 1 2 6 2 0 3 1 3 4 2 3
5 0 5 1 2 1 7 1 5 1 7 2 2 2 6 3 7 3 6 7 0 1 5 1 2 3
5 3 4 0 2 1 1 2 2 3 1 2 5 2 5 2 6 3 6 5 2 0 3 2 2 6
5 3 1 7 5 1 5 2 5 6 2 0 5 1 7 0 7 2 5 1 0 0 0 3 3 0
5 4 7 6 6 6 1 5 3 7 7 6 7 2 1 2 7 3 4 3 6 0 1 0 7 7
5 5 5 7 7 5 0 3 5 1 6 5 1 3 7 4 6 5 7 6 3 2 1 7 0 5
5 0 4 3 5 6 1 3 4 3 4 3 7 5 7 4 6 2 2 5 4 3 4 1 5 0
6 0 1 1 5 6 6 7 4 6 9 1 7 0 3 7 7 8 3 2 2 1 7 3 1 7
6 7 0 2 1 8 0 6 1 2 3 6 4 9 8 9 6 2 3 0 4 9 7 3 1 0
6 1 8 0 4 8 0 7 1 3 3 6 4 7 2 5 2 4 8 0 7 0 2 3 6 7
6 7 5 5 0 2 4 4 1 0 5 4 5 8 7 0 9 1 3 7 5 5 0 6 3 1
6 9 2 2 3 0 3 5 1 0 4 0 8 4 6 1 2 2 6 1 3 2 6 7 6 5
6 3 8 4 7 2 0 10 3 9 9 6 1 3 8 1 8 2 9 8 0 3 7 2 9 5
6 7 2 9 4 0 0 0 6 3 7 3 4 6 8 7 9 6 8 3 6 7 4 1 4 3
6 4 6 1 4 6 3 7 0 3 4 7 9 4 1 4 6 2 1 6 5 8 10 3 6 6
6 1 3 8 7 9 6 5 0 0 7 8 0 7 9 9 1 3 1 3 3 7 0 4 0 0
6 3 5 3 7 5 3 5 5 10 0 7 2 9 1 3 3 1 0 2 0 1 4 8 0 5
6 0 8 9 0 2 9 0 8 5 8 0 7 7 2 0 3 8 6 9 6 4 2 4 1 9
6 3 5 0 3 7 0 5 3 4 4 0 0 0 7 4 9 0 0 4 9 7 2 9 3 3
6 6 0 4 3 2 1 5 6 8 0 5 0 0 0 9 0 2 4 6 2 1 4 3 0 7
6 4 4 5 7 9 1 7 9 8 1 3 2 1 0 2 6 5 7 4 1 4 9 8 7 8
6 9 6 8 8 5 4 7 10 0 5 7 8 5 2 0 4 4 1 0 3 1 1 6 3 7
6 9 5 4 0 2 4 5 8 3 2 0 9 9 1 1 0 4 6 6 0 7 10 8 5 7
6 3 5 0 6 4 3 0 1 5 5 6 6 9 8 6 5 0 2 7 1 1 1 2 5 2
6 10 7 2 7 7 8 7 9 2 9 2 6 9 5 6 0 0 0 7 4 6 9 9 0 0
6 0 2 3 4 6 0 0 9 6 1 6 2 10 9 1 6 2 9 0 8 2 1 6 4 0
6 7 2 9 0 3 9 4 5 3 0 5 2 5 0 5 6 6 2 3 0 7 8 4 7 1
6 5 8 0 1 4 5 9 5 4 2 8 3 8 8 8 9 2 9 9 4 0 0 5 4 1
6 7 1 5 8 7 4 5 4 9 1 2 5 10 3 0 9 6 2 4 6 10 0 8 5 3
6 4 4 1 2 0 4 3 8 1 9 7 8 1 7 9 9 3 7 6 3 7 8 0 9 4
6 0 7 2 0 4 5 0 10 4 8 4 4 7 8 7 9 4 6 0 6 7 3 10 0 0
6 3 0 9 5 3 2 6 2 5 1 7 9 5 0 5 6 6 1 3 3 9 9 0 2 0
<end>