<number of tasks>
35
<number of stations>
4
<type of the robots>
4
<limit of the robots>
1 1
2 1
3 1
4 1
<task times>
1 60 45 64 53
2 85 52 100 135
3 114 32 84 99
4 43 48 43 93
5 99 53 66 62
6 54 52 77 131
7 49 38 88 43
8 64 51 75 69
9 83 40 86 98
10 45 37 122 70
11 37 22 30 61
12 46 48 51 45
13 52 41 61 81
14 80 33 45 57
15 59 35 42 68
16 82 41 95 82
17 43 32 119 75
18 43 32 66 84
19 40 39 60 80
20 54 43 114 67
21 48 28 45 64
22 32 37 42 69
23 74 39 59 41
24 48 35 46 54
25 53 35 106 66
26 56 34 77 54
27 36 33 45 65
28 59 40 46 58
29 62 57 96 79
30 120 37 55 68
31 47 35 46 64
32 35 27 34 55
33 68 35 81 66
34 50 30 93 64
35 115 45 73 70
<precedence relations>
1,2
1,5
1,7
1,10
1,12
2,3
3,4
4,11
5,6
6,7
6,8
7,14
7,18
8,9
9,13
10,14
11,28
11,33
12,18
13,28
13,33
14,15
15,16
16,21
17,20
18,19
19,20
20,21
21,22
21,25
21,30
21,32
22,23
23,24
24,27
25,26
26,27
27,28
27,33
27,34
28,29
30,31
31,32
32,33
33,35
<setup time between tasks by robots>
1 0 4 6 0 6 5 4 5 7 0 1 0 3 6 1 1 0 2 4 2 0 3 2 1 7 7 6 0 3 3 3 3 4 4 6
1 6 0 0 5 6 3 2 4 0 3 1 6 4 6 7 2 4 1 1 5 5 7 6 2 4 1 1 2 6 3 5 3 2 4 3
1 4 4 0 7 3 5 3 4 0 2 4 7 0 4 5 7 0 6 5 5 0 5 2 5 4 0 0 3 0 6 5 5 0 0 5
1 1 3 3 0 5 2 2 7 4 1 5 1 0 4 5 1 0 0 2 4 3 6 0 5 5 6 3 6 1 0 5 0 2 7 7
1 7 4 0 1 0 6 5 1 3 5 0 7 4 2 3 2 1 6 3 1 4 6 3 1 0 7 5 5 3 5 6 0 0 1 0
1 6 0 3 1 2 0 1 0 7 4 3 2 3 6 7 3 0 5 2 5 5 0 6 2 2 4 2 1 7 7 1 1 7 1 1
1 2 2 7 5 2 4 0 3 4 7 1 2 7 0 2 0 2 0 2 6 0 7 1 2 4 6 4 1 4 5 4 2 3 2 5
1 2 4 3 1 2 1 0 0 1 4 2 7 5 4 6 4 0 4 7 5 4 6 1 2 0 3 4 6 3 4 1 1 6 3 0
1 3 4 1 2 7 2 6 5 0 6 4 1 3 2 5 4 2 3 1 5 5 4 7 5 3 1 7 6 1 4 7 6 1 2 5
1 2 1 1 3 5 7 2 6 5 0 1 7 5 5 3 1 1 0 7 5 7 1 4 4 0 6 3 2 7 6 4 5 1 0 5
1 4 3 4 6 4 4 7 4 6 2 0 0 3 3 7 7 4 2 5 6 0 0 4 2 5 7 7 5 0 0 6 7 2 7 0
1 5 6 2 7 0 0 1 1 5 3 5 0 6 0 6 7 3 2 2 0 4 1 3 7 6 5 0 6 5 4 7 6 7 1 5
1 4 4 0 5 5 0 1 2 1 2 3 5 0 5 5 2 7 5 7 4 3 3 5 4 6 0 1 1 0 6 4 0 7 2 3
1 5 0 3 4 4 6 4 6 5 4 2 5 6 0 0 2 0 2 0 6 7 0 3 3 4 2 2 2 5 5 7 5 1 2 0
1 0 1 1 7 1 7 5 0 0 3 4 0 7 2 0 2 1 7 2 4 5 0 2 3 6 6 0 2 7 4 1 2 5 0 6
1 4 4 5 7 2 3 2 0 0 5 6 2 1 4 5 0 0 4 2 4 1 1 4 2 3 4 7 4 4 2 3 6 1 7 2
1 4 0 5 4 0 1 7 1 5 3 7 1 1 2 5 3 0 0 2 4 2 5 1 0 1 5 0 3 2 0 4 5 3 7 3
1 4 5 5 3 2 4 0 1 0 6 7 0 0 5 2 6 5 0 5 5 7 4 2 2 6 5 0 0 1 1 1 3 1 0 3
1 4 3 7 3 3 0 1 1 4 6 1 6 6 5 5 3 5 0 0 7 3 5 2 1 5 6 1 4 1 1 0 6 7 4 5
1 0 0 6 3 5 2 1 1 5 7 2 3 1 5 1 5 0 2 4 0 1 4 1 6 4 6 1 1 7 4 3 1 7 3 5
1 1 1 4 3 5 2 1 0 3 3 5 3 6 6 5 0 6 6 7 4 0 1 0 0 5 5 1 5 5 6 0 6 2 4 7
1 4 6 5 3 0 1 6 0 2 2 5 7 6 6 3 6 2 7 4 3 4 0 6 0 5 1 1 7 3 7 0 1 7 4 4
1 2 7 1 5 1 6 2 5 7 6 4 5 6 5 6 1 1 5 6 3 2 0 0 6 0 4 2 0 4 2 4 5 3 5 5
1 2 2 6 4 7 3 4 7 1 1 2 1 2 5 1 3 1 0 7 1 0 0 7 0 4 4 1 6 2 7 3 6 7 4 3
1 7 5 7 7 6 0 4 1 2 5 1 0 3 6 6 4 2 5 4 2 7 7 1 5 0 0 4 5 2 2 5 4 4 7 7
1 4 1 7 0 3 4 2 0 0 7 4 0 7 6 6 5 4 6 4 3 0 1 7 4 4 0 6 0 0 7 5 5 7 2 0
1 5 6 3 5 2 4 0 2 5 4 5 7 0 3 3 3 6 1 3 4 3 2 1 1 7 7 0 2 2 7 3 2 1 5 5
1 4 3 1 5 6 3 4 7 7 5 0 3 0 0 2 6 0 4 3 7 2 7 4 6 0 1 2 0 3 2 6 6 4 4 1
1 1 3 4 3 7 3 7 1 3 3 6 6 0 4 3 3 2 1 1 5 3 7 2 5 3 2 3 4 0 4 1 6 1 6 7
1 1 6 7 1 5 6 6 6 4 6 4 1 2 1 0 0 5 0 7 4 7 1 7 6 6 2 4 5 5 0 5 3 6 7 3
1 4 6 5 4 1 6 5 2 4 1 4 4 1 4 6 1 6 1 1 4 4 1 1 4 0 2 0 5 2 1 0 4 1 2 2
1 0 0 7 0 7 6 0 0 3 7 4 6 2 0 5 1 3 1 1 7 6 3 5 7 6 0 7 5 6 5 5 0 4 6 4
1 3 7 7 2 5 0 1 6 3 0 0 7 7 5 4 5 1 3 5 2 0 3 4 6 1 6 4 2 6 1 2 1 0 0 3
1 0 6 6 4 7 3 3 5 4 4 7 3 4 3 0 1 7 2 2 3 7 1 0 0 6 6 3 3 0 7 3 1 2 0 4
1 4 3 7 0 0 3 6 7 6 1 3 2 1 0 4 7 0 0 0 6 3 2 2 2 5 0 1 6 5 7 4 0 2 4 0
2 0 3 5 4 5 2 5 1 3 2 1 0 4 0 4 2 3 1 4 1 4 4 4 5 5 5 4 4 2 0 5 4 1 3 4
2 2 0 0 0 4 3 2 1 0 4 4 2 2 4 4 3 0 0 4 2 5 5 0 2 1 4 3 2 3 3 4 5 0 2 1
2 0 0 0 1 0 3 2 0 1 0 1 1 4 2 0 1 0 1 4 4 0 4 3 0 1 4 5 4 0 3 0 3 1 0 0
2 5 3 2 0 2 2 4 4 1 5 2 3 1 1 1 3 5 0 2 1 4 4 2 2 3 4 0 1 0 1 4 2 3 3 3
2 1 1 3 2 0 5 1 3 1 3 3 3 5 5 5 1 4 4 1 3 1 0 0 0 3 2 2 0 5 4 1 5 2 4 3
2 3 5 3 5 2 0 4 0 0 1 3 2 2 1 1 5 4 4 4 3 2 3 5 1 3 4 3 0 0 4 2 3 1 0 2
2 2 4 3 1 1 0 0 3 2 5 3 0 3 3 1 4 2 2 0 1 1 4 1 0 3 1 4 2 5 2 5 4 4 0 2
2 4 0 2 3 5 0 0 0 1 1 2 1 4 3 0 1 2 0 4 1 3 3 3 1 0 3 5 0 1 1 4 3 2 0 4
2 0 3 3 5 3 0 0 2 0 2 3 4 3 5 1 2 3 4 1 4 4 3 1 5 2 3 3 5 0 3 2 1 2 2 4
2 2 5 2 1 3 1 4 3 1 0 2 3 2 1 1 3 2 2 3 1 4 3 2 2 2 3 5 5 1 2 1 5 4 3 2
2 4 3 5 0 0 2 4 5 3 3 0 2 4 2 1 1 4 2 3 5 3 0 1 0 4 0 4 4 4 1 0 4 4 0 1
2 2 2 1 5 4 0 3 2 5 5 3 0 2 5 2 1 0 0 1 3 0 2 5 4 0 3 0 0 0 0 1 4 3 5 1
2 4 2 2 1 4 5 3 2 0 4 2 4 0 2 4 3 0 3 1 2 3 0 1 1 3 5 0 3 2 1 3 2 3 3 5
2 2 1 3 2 3 0 2 0 1 2 0 3 2 0 1 0 1 1 3 0 4 0 2 3 1 2 4 4 3 2 4 4 1 2 0
2 1 3 0 4 4 2 1 1 5 5 1 4 1 1 0 0 3 4 3 3 5 0 4 0 3 0 5 0 3 1 2 2 3 4 4
2 2 2 3 2 4 1 3 1 2 2 4 5 4 2 4 0 0 2 2 0 1 0 1 2 1 2 3 4 0 4 1 0 3 0 3
2 4 1 1 3 4 4 5 0 4 3 0 5 3 1 4 3 0 1 3 0 2 3 2 1 4 2 2 1 0 4 1 2 2 0 1
2 2 2 3 0 3 1 3 3 2 3 0 3 2 3 1 2 3 0 5 3 0 3 4 2 2 3 1 5 2 0 3 2 3 0 0
2 5 2 4 1 3 1 4 5 1 5 3 5 3 4 3 1 0 2 0 0 3 3 0 3 1 3 1 4 3 4 1 4 2 0 5
2 2 3 1 3 1 0 0 4 2 4 1 0 2 2 4 4 5 0 0 0 2 2 0 4 3 1 4 4 5 1 4 1 0 3 1
2 4 0 5 2 1 4 0 4 5 0 0 0 0 3 3 1 0 0 5 0 0 3 2 5 1 4 3 2 3 2 4 2 2 3 2
2 3 2 5 0 1 0 3 3 3 0 0 2 4 1 0 4 0 2 2 2 0 0 4 2 1 1 4 4 5 5 3 2 2 3 3
2 5 2 3 3 2 1 0 5 3 0 3 4 3 4 0 1 1 3 0 5 2 4 0 4 1 4 2 2 1 4 3 0 0 3 1
2 0 2 0 1 1 4 3 0 1 2 2 5 3 3 5 3 5 0 0 2 5 5 5 0 4 4 4 0 5 2 1 3 3 0 0
2 2 0 4 3 1 5 1 5 3 1 4 1 2 0 5 4 2 4 4 0 3 1 3 2 0 1 4 3 4 4 0 3 4 4 0
2 5 3 1 3 0 0 0 2 0 0 1 2 0 4 3 2 3 3 0 0 3 0 0 3 5 0 2 5 5 2 3 1 1 2 0
2 3 1 4 5 4 1 4 3 4 2 0 4 3 4 4 1 1 3 3 0 3 5 0 1 4 0 0 1 1 1 0 5 2 5 5
2 4 0 3 2 2 1 0 1 3 3 5 0 3 4 3 2 1 4 5 3 3 1 3 0 4 2 1 0 0 4 4 1 1 1 0
2 1 3 0 0 1 3 0 0 4 1 3 1 2 1 3 2 1 3 4 0 0 3 0 1 0 3 0 2 0 4 2 5 4 0 3
2 4 3 4 4 4 1 1 1 2 0 1 4 3 4 4 2 4 1 1 2 0 3 4 1 3 3 3 0 3 0 2 3 1 3 2
2 2 2 2 0 5 1 5 0 1 2 1 2 1 2 0 3 5 0 4 0 1 2 1 4 0 1 4 0 3 4 0 1 0 1 0
2 2 0 2 0 3 3 2 0 2 0 4 0 2 5 4 1 1 1 2 2 2 2 1 0 3 1 4 5 1 0 0 0 5 1 2
2 1 0 1 2 5 2 3 3 4 4 3 4 0 3 4 3 0 1 1 3 2 1 1 3 1 5 5 3 2 2 2 0 0 0 2
2 0 4 4 3 3 2 3 1 2 4 0 2 2 1 2 0 3 0 0 2 2 4 2 2 0 2 5 2 4 3 1 4 2 0 2
2 3 0 1 3 4 4 0 2 0 3 2 4 2 2 3 0 0 4 0 4 2 1 0 3 4 1 4 5 1 0 3 4 0 0 0
3 0 3 0 0 7 2 4 5 2 7 3 4 0 3 0 5 3 5 0 3 6 5 1 1 3 3 3 2 0 4 5 5 6 6 3
3 2 0 1 4 1 1 4 7 0 4 0 5 3 0 0 6 2 4 2 6 3 3 4 3 1 3 4 3 2 5 2 3 2 6 4
3 7 1 0 1 3 4 5 6 6 6 7 3 3 4 2 4 0 4 3 1 2 5 3 7 3 2 3 5 4 3 4 5 6 4 1
3 0 6 4 0 6 1 1 1 0 4 7 2 6 4 0 2 6 3 4 0 0 4 1 3 4 2 6 5 2 0 3 1 3 2 1
3 1 7 6 1 0 6 0 4 5 6 5 1 1 1 7 2 0 3 6 5 7 1 5 6 0 7 1 1 0 1 0 3 7 3 4
3 5 2 0 1 4 0 1 5 0 1 1 6 3 2 1 0 1 7 5 2 7 1 4 4 1 4 6 0 5 5 2 3 5 5 2
3 4 2 6 6 0 0 0 0 3 3 4 7 6 6 5 2 2 6 0 5 1 1 0 5 4 6 6 4 1 0 6 1 1 6 3
3 0 3 6 4 7 6 5 0 2 6 4 5 3 5 3 3 2 5 5 5 5 1 6 1 1 4 0 6 3 0 7 4 4 4 5
3 1 0 3 5 1 0 6 0 0 1 1 2 5 4 0 0 0 2 0 2 4 2 0 7 7 6 7 7 2 0 1 5 7 0 3
3 1 0 0 0 2 6 6 5 2 0 2 0 5 5 1 4 4 1 5 1 0 3 0 7 4 1 1 6 7 1 5 0 5 2 3
3 4 3 5 5 2 0 5 0 5 1 0 2 3 2 2 0 2 4 1 1 3 1 4 1 5 6 4 6 1 6 4 4 4 0 1
3 0 4 0 5 1 0 1 0 0 3 7 0 0 5 7 4 0 1 6 1 4 3 5 1 6 2 1 7 5 2 5 1 6 7 2
3 3 6 5 4 5 2 7 1 6 0 5 6 0 2 5 2 6 6 3 5 2 2 6 0 1 5 2 5 0 4 1 0 1 0 3
3 0 4 0 5 0 0 0 2 4 2 3 4 3 0 3 1 0 4 0 6 3 3 5 3 6 6 4 3 0 0 4 2 0 1 6
3 6 0 0 4 3 2 6 5 1 4 1 5 5 4 0 5 4 0 2 3 4 1 4 4 6 6 7 1 2 3 5 4 0 2 2
3 6 3 5 3 5 3 7 0 2 2 3 4 4 3 1 0 1 2 2 3 6 1 7 4 0 2 2 3 2 3 3 4 2 4 0
3 5 0 7 3 6 7 7 1 2 1 1 5 3 5 2 4 0 0 7 2 0 0 0 3 6 0 7 0 3 5 1 6 1 0 2
3 0 6 7 6 6 2 7 6 1 2 3 4 0 4 5 4 0 0 1 3 2 6 3 5 4 7 1 2 0 7 4 0 1 6 0
3 2 4 1 2 1 2 1 4 7 0 7 4 7 6 6 0 5 1 0 6 0 4 6 3 6 4 4 0 4 3 6 6 5 5 6
3 3 0 3 7 5 2 6 7 7 5 0 7 6 3 0 3 7 7 2 0 2 2 1 4 3 1 5 1 0 2 0 4 2 6 3
3 1 6 1 2 6 0 6 7 0 1 0 6 3 7 7 6 0 2 6 6 0 7 7 6 2 5 2 2 5 3 2 3 5 3 3
3 2 1 0 6 6 1 4 7 7 7 6 6 3 1 5 6 1 6 4 7 7 0 0 3 0 3 2 6 5 0 2 5 4 0 6
3 1 0 2 3 2 1 3 0 2 6 4 0 3 1 3 1 2 1 1 1 5 5 0 4 6 7 5 2 3 3 7 2 4 6 5
3 2 0 2 2 1 2 4 7 1 5 0 2 2 6 5 6 5 7 7 3 6 2 3 0 2 3 6 2 1 1 0 4 6 1 5
3 2 0 5 1 2 3 5 0 0 6 4 4 1 6 6 1 2 6 7 6 2 0 6 6 0 2 2 2 3 2 6 4 6 2 0
3 3 0 3 2 7 0 5 6 7 0 6 7 2 1 3 3 7 2 3 4 2 6 3 1 1 0 6 4 0 1 3 6 1 7 5
3 2 1 3 4 6 1 4 2 6 3 6 2 6 4 3 1 1 3 7 2 0 5 5 0 3 0 0 5 4 5 5 1 2 2 5
3 5 3 4 0 4 0 4 1 0 0 1 0 5 0 3 3 3 3 1 4 3 0 6 2 4 3 5 0 4 2 3 7 4 6 3
3 2 2 5 5 0 6 0 2 6 5 2 6 5 2 6 1 1 5 4 1 5 0 7 0 1 4 1 3 0 4 5 4 3 4 2
3 2 0 1 1 1 3 1 3 7 0 6 5 4 0 7 6 4 1 4 7 3 5 5 6 0 0 3 5 1 0 3 0 3 1 0
3 3 2 1 2 4 0 4 1 5 2 0 4 1 6 5 5 6 6 3 0 4 6 6 3 6 0 0 7 4 5 0 3 7 4 0
3 0 4 3 4 4 4 6 4 4 2 7 3 5 1 6 5 3 3 7 3 0 2 6 6 1 0 7 0 2 2 6 0 3 3 4
3 3 5 5 0 4 5 1 0 1 2 1 5 3 5 4 7 2 2 6 5 5 2 4 3 7 3 0 1 5 4 6 1 0 1 5
3 5 2 2 3 5 7 4 4 5 4 4 2 6 4 2 5 3 4 4 5 4 1 7 1 3 2 0 6 1 6 4 0 6 0 4
3 0 4 1 3 0 5 5 3 2 1 2 1 2 3 6 0 1 0 0 1 5 1 2 3 6 0 1 3 3 5 1 1 1 6 0
4 0 9 3 6 7 5 4 0 2 6 5 5 7 5 7 7 5 0 4 3 5 9 9 5 9 5 2 5 8 2 10 4 4 8 3
4 5 0 9 7 9 3 9 3 3 4 3 10 8 7 9 0 8 0 9 2 0 1 2 9 8 3 2 5 7 0 5 8 4 2 8
4 1 5 0 0 4 3 5 0 1 6 6 3 3 9 9 5 4 2 3 4 3 1 8 5 5 3 2 9 7 4 6 1 0 5 6
4 1 3 9 0 7 1 3 6 8 3 6 7 8 4 4 9 0 6 0 4 9 2 3 0 4 0 4 5 1 5 1 5 0 5 4
4 8 0 3 6 0 1 2 0 5 3 5 7 2 8 2 7 3 5 7 1 9 9 8 6 8 0 7 1 6 0 2 10 4 5 0
4 6 6 9 6 4 0 7 0 5 5 4 0 8 7 10 4 0 0 8 7 2 7 7 5 0 9 4 9 9 10 6 4 3 3 9
4 1 10 5 4 7 4 0 7 5 4 5 3 7 8 4 8 2 7 2 0 9 8 9 1 9 6 8 9 10 9 9 8 2 5 5
4 2 7 7 8 8 6 0 0 6 6 7 7 8 3 6 0 1 9 1 1 1 5 7 7 7 8 0 7 6 8 2 9 8 2 0
4 6 2 4 7 8 10 0 2 0 6 8 0 5 7 2 8 0 2 7 4 5 5 4 0 1 1 8 4 3 9 10 7 4 2 0
4 1 8 3 6 0 8 6 2 2 0 3 0 6 9 1 0 9 6 2 4 3 1 8 0 6 3 2 3 3 1 0 2 5 3 7
4 8 6 5 9 9 8 1 5 1 5 0 8 0 2 10 8 1 5 9 2 7 6 0 3 2 9 0 10 0 3 8 8 7 10 5
4 3 8 8 5 9 3 6 6 4 0 1 0 1 6 3 1 5 5 0 7 6 5 1 0 9 2 3 4 1 7 8 1 6 7 6
4 0 0 8 0 5 7 3 4 1 6 10 0 0 6 9 7 4 4 0 2 1 8 5 3 8 2 8 7 10 0 6 7 8 9 10
4 8 8 9 2 9 5 3 6 5 7 0 7 3 0 1 7 8 9 3 9 3 2 1 6 8 7 8 7 8 3 5 7 0 1 6
4 0 9 7 7 0 1 2 5 1 3 4 8 0 8 0 3 9 7 3 4 4 4 6 8 1 8 3 7 5 6 2 6 5 6 7
4 7 8 9 6 9 8 7 1 4 2 2 0 6 2 10 0 8 2 6 5 1 4 7 1 3 3 4 8 2 2 1 3 2 4 6
4 5 2 3 0 7 8 5 6 1 5 3 0 7 6 0 8 0 9 5 7 1 7 2 8 6 2 2 7 10 2 10 4 3 9 4
4 7 5 2 6 9 4 7 8 9 3 7 5 0 2 7 7 9 0 9 8 6 5 9 0 3 6 6 9 9 7 3 9 0 7 3
4 3 1 1 4 3 3 4 2 4 6 4 2 0 9 4 9 0 8 0 7 1 4 4 1 5 0 9 5 1 6 8 8 1 6 9
4 8 8 2 8 9 3 3 3 2 6 5 9 6 9 2 8 0 2 6 0 0 2 6 0 9 4 0 0 1 7 7 8 4 3 9
4 4 8 0 2 2 2 2 2 0 8 6 2 6 6 1 7 9 4 0 4 0 2 9 4 8 0 6 1 3 10 6 2 4 6 5
4 4 6 6 9 3 8 2 9 0 1 6 9 3 4 3 0 4 6 2 3 5 0 7 5 1 8 7 1 1 8 7 2 9 4 8
4 8 4 3 6 6 3 8 0 6 3 9 1 1 3 9 8 3 6 3 4 7 9 0 3 4 9 8 1 7 1 2 8 4 0 9
4 2 9 8 1 7 6 5 7 3 6 9 5 0 1 0 9 7 8 5 0 6 3 3 0 9 0 7 3 0 5 5 9 8 3 1
4 6 3 5 5 2 6 3 0 4 10 1 3 9 6 9 8 6 6 7 5 8 4 3 7 0 5 1 7 7 3 9 5 5 8 6
4 3 5 4 2 7 4 3 2 9 1 8 5 2 2 5 2 2 9 1 7 2 0 3 6 9 0 3 0 7 7 3 5 2 4 8
4 9 1 4 5 10 9 1 7 8 5 3 1 6 7 1 1 4 8 4 0 6 4 5 8 6 6 0 8 8 1 4 1 8 4 4
4 2 1 0 8 9 1 0 7 8 6 5 8 6 10 5 8 6 1 0 5 7 8 1 1 4 1 0 0 7 9 3 7 0 10 7
4 2 1 3 4 10 8 5 1 4 3 4 8 9 5 3 0 6 2 0 3 7 2 1 0 4 1 2 6 0 6 5 5 4 3 9
4 10 7 5 9 9 2 0 6 7 1 8 4 1 4 1 9 5 7 6 9 2 1 5 7 9 3 8 6 8 0 7 4 6 7 1
4 8 1 0 9 6 5 9 8 5 10 5 2 0 0 5 9 6 4 6 8 7 0 0 6 7 3 4 7 5 8 0 4 6 6 9
4 3 7 2 2 5 4 2 2 9 1 5 4 8 10 7 1 6 2 3 2 8 6 6 3 0 4 3 4 6 6 5 0 4 5 7
4 5 6 5 4 2 1 4 8 2 4 8 2 9 4 7 8 0 2 2 5 1 10 5 7 6 3 7 3 8 0 3 2 0 4 4
4 1 0 4 1 8 9 4 7 4 3 3 2 6 3 4 6 2 8 5 8 7 0 6 1 9 1 9 3 6 6 8 9 6 0 7
4 4 3 2 4 9 8 8 9 7 5 7 4 6 1 0 7 4 0 10 0 2 6 0 3 8 9 9 1 1 9 7 7 5 0 0
<end>