<number of tasks>
35
<number of stations>
7
<type of the robots>
7
<limit of the robots>
1 1
2 1
3 1
4 1
5 1
6 1
7 1
<task times>
1 26 56 42 66 39 25 39
2 55 65 46 70 50 47 130
3 75 77 63 94 131 51 63
4 42 55 94 61 46 32 46
5 65 109 85 65 46 71 96
6 30 72 33 44 42 35 110
7 32 59 40 45 39 51 81
8 26 64 31 76 48 32 66
9 42 62 71 77 56 75 98
10 24 112 28 52 40 71 54
11 29 54 48 103 65 47 57
12 66 47 54 59 45 40 97
13 47 62 84 47 59 32 45
14 42 62 95 63 46 60 80
15 58 75 45 62 68 39 83
16 19 37 26 32 31 35 52
17 48 67 43 83 42 41 86
18 33 137 73 62 75 38 80
19 33 80 52 85 70 36 86
20 27 80 62 92 57 32 37
21 93 80 48 140 65 62 82
22 28 82 42 104 75 30 53
23 48 163 80 102 55 40 63
24 39 109 71 77 77 33 70
25 55 75 98 93 108 58 61
26 38 62 105 54 47 37 70
27 51 58 75 58 64 52 114
28 33 80 46 47 40 80 51
29 34 98 79 50 54 56 63
30 32 74 33 84 46 32 58
31 28 57 39 97 66 54 122
32 42 114 67 51 40 64 51
33 74 131 80 55 68 40 59
34 52 43 46 32 36 31 86
35 63 130 56 52 57 50 96
<precedence relations>
1,2
1,5
1,7
1,10
1,12
2,3
3,4
4,11
5,6
6,7
6,8
7,14
7,18
8,9
9,13
10,14
11,28
11,33
12,18
13,28
13,33
14,15
15,16
16,21
17,20
18,19
19,20
20,21
21,22
21,25
21,30
21,32
22,23
23,24
24,27
25,26
26,27
27,28
27,33
27,34
28,29
30,31
31,32
32,33
33,35
<setup time between tasks by robots>
1 0 0 0 3 2 4 2 2 1 3 1 0 1 3 1 1 3 3 0 2 4 0 4 1 1 3 2 3 2 1 1 4 0 3 1
1 3 0 4 0 2 3 3 1 0 2 1 3 2 2 0 2 0 3 2 1 4 3 2 0 3 2 3 0 4 0 3 0 2 2 1
1 3 1 0 1 3 2 2 0 1 2 3 2 0 2 0 1 1 2 4 2 1 1 2 0 3 4 0 2 1 2 2 1 4 3 4
1 0 4 0 0 1 0 1 3 3 1 0 0 0 3 3 0 1 0 3 0 0 3 3 0 1 4 0 1 0 2 0 2 4 1 3
1 0 1 2 3 0 1 2 1 1 0 2 2 3 2 1 1 3 0 4 3 3 0 0 1 4 4 4 2 2 0 0 0 1 4 2
1 2 3 2 2 3 0 2 2 0 4 3 2 3 3 0 2 2 1 3 2 0 4 3 3 4 2 3 0 0 2 3 4 2 0 0
1 0 0 2 3 1 4 0 1 4 1 0 0 1 1 0 2 3 3 4 3 2 4 4 1 0 3 0 1 3 1 4 2 4 0 0
1 2 2 3 2 2 2 1 0 3 2 3 0 2 0 0 4 4 4 4 0 3 0 4 3 1 2 3 3 3 3 3 0 4 4 1
1 3 1 1 0 0 2 3 1 0 3 3 0 0 3 1 1 1 2 2 0 0 2 2 3 2 2 4 1 1 0 4 1 2 2 0
1 4 3 2 3 1 2 0 0 2 0 4 2 4 0 0 4 3 0 0 3 0 1 0 2 2 1 3 2 3 1 3 1 1 4 2
1 3 4 1 0 4 3 0 4 4 3 0 2 4 3 0 4 2 4 2 1 2 3 3 1 0 0 1 1 2 4 2 3 1 3 2
1 2 3 2 3 2 1 4 0 2 4 2 0 2 0 2 4 2 3 3 0 1 0 4 4 4 3 4 3 0 1 0 1 4 3 1
1 2 4 4 2 2 2 3 3 1 3 0 3 0 3 0 3 3 0 2 3 0 2 0 3 4 4 3 1 2 1 1 1 0 0 2
1 3 1 0 0 2 2 2 3 0 3 0 3 4 0 1 4 0 4 3 2 3 4 0 0 2 2 2 0 0 0 4 3 3 1 3
1 1 0 1 4 3 3 2 1 2 3 3 1 2 4 0 2 4 3 2 1 1 3 0 2 3 3 2 4 0 3 3 4 0 1 1
1 1 4 0 3 2 1 1 2 3 4 3 1 2 3 2 0 0 2 1 2 1 1 0 2 4 0 3 2 0 0 2 4 0 4 0
1 3 1 3 3 1 2 2 2 1 3 3 0 0 0 2 4 0 4 1 2 1 1 0 2 4 0 3 4 4 4 0 1 4 1 0
1 4 1 3 2 0 2 2 0 3 4 3 1 0 0 3 1 2 0 0 4 2 1 3 2 3 0 2 0 3 2 1 0 3 2 2
1 0 3 4 3 1 2 3 4 0 0 0 1 2 0 3 3 1 0 0 0 3 2 0 3 2 4 1 0 4 3 3 0 3 0 2
1 3 2 0 1 2 3 1 2 3 2 0 0 1 0 4 1 2 4 0 0 3 2 0 0 2 2 2 1 0 4 3 1 4 3 2
1 4 1 0 0 2 1 0 0 0 4 4 3 1 0 0 1 1 3 3 2 0 2 4 0 2 4 4 2 3 2 1 3 1 2 3
1 0 2 0 4 1 3 1 0 0 4 2 1 0 1 4 2 1 2 0 1 3 0 3 1 0 1 4 3 1 2 2 1 3 1 1
1 4 1 2 1 3 0 4 2 1 1 0 4 4 3 4 3 3 3 1 4 3 2 0 0 4 1 2 2 2 0 0 1 2 3 3
1 1 4 2 0 1 1 2 3 3 3 2 1 1 1 2 1 0 4 0 2 2 3 4 0 0 0 1 2 0 3 2 0 3 1 1
1 2 0 3 2 3 3 4 3 2 2 2 0 4 1 3 0 2 1 2 1 2 3 1 3 0 0 4 4 1 4 4 1 2 4 3
1 3 4 0 2 3 2 2 4 3 1 0 3 0 3 0 0 0 0 0 3 0 1 0 1 0 0 2 4 1 3 2 1 1 2 1
1 0 3 2 3 2 1 4 3 3 1 0 1 3 2 2 2 1 1 2 3 3 2 4 4 1 3 0 1 1 0 1 1 2 0 0
1 3 0 3 3 2 3 2 1 3 2 1 1 2 2 0 1 3 1 3 1 0 0 0 0 3 3 3 0 1 0 0 4 0 1 0
1 3 2 0 1 0 1 4 0 3 1 4 0 0 3 1 0 2 3 1 4 3 4 3 2 3 2 4 0 0 2 4 4 1 2 1
1 2 1 0 3 1 3 4 2 1 1 2 0 1 4 2 3 1 2 2 4 4 3 2 0 1 3 0 0 4 0 1 4 1 0 2
1 2 2 2 0 1 4 0 4 0 0 0 1 2 0 2 2 1 1 2 1 0 2 4 1 2 1 4 3 4 2 0 4 2 0 3
1 0 3 1 1 3 4 4 1 1 2 2 3 1 1 4 3 3 1 4 1 3 1 0 3 2 1 0 1 3 0 1 0 3 1 4
1 3 3 3 1 1 2 4 2 3 0 0 0 4 0 1 0 4 4 0 0 3 3 1 3 4 4 1 2 3 1 3 4 0 3 0
1 0 3 3 0 1 2 4 2 0 4 1 0 1 3 4 1 4 4 2 2 1 1 0 4 3 2 3 1 1 0 1 3 0 0 1
1 3 1 3 4 1 3 0 0 2 3 0 1 2 2 3 1 1 4 2 2 4 4 2 0 3 1 1 0 3 4 4 0 0 3 0
2 0 2 0 8 6 8 6 0 7 2 9 0 6 2 4 3 0 1 1 2 5 4 7 5 4 2 6 5 7 5 5 8 0 6 0
2 0 0 5 5 8 9 2 4 4 5 3 1 5 3 6 8 4 1 5 6 0 1 3 6 0 7 2 5 6 1 3 3 8 0 0
2 2 4 0 8 7 4 5 1 1 1 5 4 4 5 7 2 5 7 7 1 4 3 5 1 8 4 8 2 0 6 8 7 4 2 2
2 0 7 8 0 1 5 3 8 7 8 2 7 5 4 6 4 6 0 1 1 9 1 3 0 4 0 5 8 9 5 0 3 1 7 1
2 5 2 0 3 0 2 2 3 5 6 4 1 0 3 5 8 8 1 4 2 7 2 5 8 3 2 0 6 1 1 0 4 1 8 7
2 2 1 6 6 0 0 9 4 7 4 3 8 3 3 2 1 7 5 5 3 2 3 1 4 2 1 5 3 6 3 3 5 8 4 1
2 5 1 8 6 2 8 0 8 4 1 2 4 2 6 8 5 3 4 6 2 4 3 2 6 4 6 0 0 4 7 5 9 1 3 2
2 2 7 4 2 4 5 6 0 9 7 6 9 4 2 2 8 9 5 8 8 6 0 6 0 0 3 2 0 3 7 4 4 7 0 6
2 3 1 5 1 1 7 6 8 0 4 4 5 5 3 5 7 6 8 6 5 3 9 1 4 6 0 4 1 1 1 0 0 4 4 6
2 1 2 2 8 4 5 7 8 3 0 4 9 3 4 5 7 0 3 0 1 2 8 1 0 7 2 2 5 3 4 6 0 9 8 1
2 7 7 0 6 7 2 6 4 5 3 0 4 6 8 2 0 8 5 8 3 5 2 6 6 0 2 5 1 4 7 4 7 4 0 1
2 5 3 0 3 7 4 3 0 5 7 0 0 7 6 5 5 2 7 1 7 9 6 3 0 3 6 0 4 8 1 7 0 7 0 5
2 1 5 4 1 1 8 3 0 1 4 3 0 0 6 4 4 4 8 9 1 0 0 0 8 7 0 3 3 5 4 8 2 5 8 3
2 7 3 4 0 7 2 3 8 2 1 8 0 0 0 3 7 6 1 3 8 1 2 0 3 4 9 2 2 2 0 3 3 0 4 0
2 2 3 6 0 7 6 0 3 1 4 8 5 1 6 0 0 7 2 8 7 5 7 5 2 4 0 0 1 0 2 0 9 8 7 7
2 8 1 4 3 2 3 4 1 5 8 3 3 8 4 7 0 0 2 0 7 1 0 1 9 4 0 2 6 1 4 2 4 6 7 4
2 1 6 6 4 8 5 4 3 4 0 3 7 7 9 3 1 0 5 5 4 3 0 6 8 4 0 0 5 8 1 6 3 0 4 4
2 2 6 6 8 5 1 3 5 7 0 2 7 5 6 8 5 2 0 0 1 2 4 1 1 5 6 1 1 2 5 5 9 1 4 1
2 2 5 3 4 5 0 1 7 3 8 0 5 7 8 2 1 6 2 0 4 0 0 4 0 8 1 0 0 3 5 0 3 0 4 2
2 2 2 1 1 7 2 8 5 3 7 0 6 4 6 1 6 4 4 1 0 7 6 4 8 1 2 9 5 8 5 0 1 3 1 7
2 8 1 4 7 9 5 7 2 2 2 3 8 0 1 7 6 6 7 7 1 0 0 4 7 1 0 5 7 1 3 4 6 6 8 4
2 0 2 2 0 0 1 3 5 7 3 8 6 5 2 5 3 5 8 7 2 3 0 2 8 7 4 0 8 7 7 0 3 0 5 8
2 0 6 1 6 0 5 0 8 2 4 2 3 7 6 8 7 8 3 4 4 8 4 0 7 6 2 6 9 4 3 0 2 8 6 4
2 4 3 1 8 8 0 4 8 3 1 6 7 7 8 7 6 5 7 8 2 5 6 8 0 4 1 7 8 7 4 3 4 0 5 0
2 2 5 5 7 2 1 3 4 4 6 0 2 2 6 6 0 1 1 5 2 0 8 5 1 0 7 7 1 3 5 5 8 4 1 5
2 3 6 2 5 1 5 0 4 6 6 5 0 5 6 6 4 2 4 6 0 0 7 5 5 3 0 1 5 4 0 2 5 6 8 1
2 3 4 7 6 7 7 7 7 1 4 2 6 1 8 9 5 7 7 7 2 5 6 8 1 6 1 0 0 4 1 0 7 6 3 3
2 8 8 9 1 1 4 4 5 1 7 5 8 2 2 6 8 6 5 0 7 3 6 4 8 4 9 3 0 6 1 1 6 7 1 9
2 3 1 7 2 0 4 6 0 5 5 7 6 0 6 3 6 3 7 3 7 0 4 1 8 9 3 2 4 0 2 2 4 5 1 3
2 2 5 3 7 5 8 4 7 2 7 1 0 2 3 2 4 5 2 2 0 7 5 2 5 3 0 1 3 5 0 1 8 3 1 5
2 2 0 0 8 0 1 3 1 8 8 4 5 6 6 7 8 4 4 7 4 2 4 8 4 1 2 5 0 6 0 0 0 1 5 1
2 2 2 5 5 2 5 7 8 4 6 1 1 2 5 4 6 7 7 6 1 4 5 4 0 3 0 5 3 4 6 0 0 0 7 5
2 0 1 0 4 5 1 6 7 6 7 0 7 4 1 1 4 7 5 1 4 2 2 7 7 5 4 3 4 4 6 8 8 0 7 4
2 4 0 5 3 5 3 5 4 4 3 8 8 8 2 5 4 1 1 5 4 6 3 5 5 0 2 7 0 0 1 6 0 5 0 6
2 5 7 1 0 4 8 3 0 4 0 1 1 8 0 5 8 7 5 4 7 7 2 8 7 3 8 5 2 1 0 5 3 1 7 0
3 0 5 0 5 0 0 5 4 2 4 3 0 4 4 1 4 4 1 1 2 1 1 1 3 6 0 4 5 3 2 5 4 6 4 4
3 5 0 2 4 0 5 3 4 5 6 5 2 0 1 5 0 1 4 1 1 2 3 1 4 6 4 4 4 4 2 0 0 4 0 2
3 0 0 0 0 0 3 5 0 3 1 5 2 6 2 4 3 2 0 2 2 2 5 5 0 5 2 1 0 0 0 3 0 6 4 6
3 4 5 4 0 5 3 0 6 1 5 0 5 5 3 1 6 1 3 5 6 0 1 5 3 1 1 2 4 6 3 1 3 3 4 3
3 3 0 3 0 0 4 6 3 6 1 3 0 0 6 5 3 1 2 3 1 4 2 4 5 0 2 1 1 5 6 1 3 5 4 3
3 3 1 2 6 2 0 4 0 4 0 0 5 0 1 5 4 4 0 5 1 2 0 4 2 0 3 2 1 1 5 0 5 5 1 3
3 4 0 0 2 2 0 0 5 3 5 5 5 5 0 6 4 1 5 1 2 5 4 3 1 5 5 0 3 5 6 2 3 1 1 3
3 1 5 6 1 1 0 1 0 5 3 1 1 6 3 6 1 4 0 5 5 4 2 6 4 1 4 2 1 3 2 5 6 0 1 4
3 4 2 4 2 0 0 4 1 0 0 5 1 3 1 0 2 1 0 4 0 5 1 1 1 1 5 4 6 0 6 0 4 5 0 2
3 6 4 0 6 3 5 1 1 5 0 2 4 4 3 1 5 2 5 3 0 5 2 0 3 4 4 0 2 1 0 4 4 5 0 3
3 0 3 1 4 4 5 1 1 0 0 0 4 6 0 1 5 0 1 4 5 2 5 6 2 4 1 4 3 0 4 0 4 2 5 4
3 1 3 1 1 4 2 0 4 4 2 1 0 5 5 4 2 2 2 2 3 6 5 1 3 4 1 1 3 4 4 2 6 6 5 1
3 4 1 3 0 2 2 2 1 2 2 5 2 0 3 3 2 4 5 1 3 5 1 4 1 4 2 1 6 3 0 3 5 0 3 3
3 3 6 4 5 0 2 5 3 3 1 6 1 2 0 3 3 0 2 1 1 6 1 0 5 3 2 5 1 4 4 0 4 3 0 3
3 0 5 5 5 0 3 6 5 1 4 0 5 0 2 0 4 5 0 2 1 4 5 1 1 2 5 2 2 0 0 2 1 5 6 2
3 5 0 1 5 2 0 0 3 3 2 4 4 0 1 3 0 4 5 5 4 5 4 6 0 2 2 3 1 0 0 4 6 6 1 4
3 3 1 1 1 2 5 6 4 5 4 2 2 4 2 5 5 0 5 4 0 2 0 4 1 0 5 0 2 0 3 2 3 3 4 4
3 2 5 3 6 6 2 3 4 2 6 0 1 4 0 4 1 4 0 2 1 1 3 0 1 0 0 2 0 3 1 3 5 2 1 3
3 3 4 6 3 6 0 1 1 3 6 5 0 0 4 6 3 0 2 0 2 3 3 4 4 5 4 0 3 0 4 2 3 1 4 4
3 5 5 5 4 6 1 1 2 0 3 3 0 5 4 3 2 0 5 4 0 1 0 2 1 0 5 1 5 1 6 4 3 1 4 3
3 1 6 3 1 1 0 5 0 3 1 5 1 3 2 3 5 5 1 3 5 0 3 3 3 4 4 6 1 2 3 0 1 5 5 2
3 1 0 4 1 2 4 2 2 4 5 5 1 0 6 5 2 5 4 1 4 2 0 1 2 4 6 1 6 4 5 6 2 3 0 0
3 3 5 0 0 5 2 5 1 1 0 6 2 0 2 2 1 2 3 2 3 1 3 0 6 5 1 2 6 5 3 0 5 0 0 2
3 3 4 0 2 4 1 3 3 5 0 0 1 5 1 1 1 1 0 2 3 0 4 3 0 3 3 0 0 1 5 3 0 6 4 6
3 4 6 1 6 4 4 2 2 1 0 4 2 4 1 3 1 2 1 4 4 0 3 3 4 0 6 0 0 3 0 6 2 4 5 3
3 4 6 2 1 2 5 5 1 5 6 4 5 5 4 2 5 4 1 1 1 4 0 0 3 3 0 2 1 4 0 3 1 3 0 2
3 2 4 4 6 1 2 6 4 6 4 5 0 3 3 0 6 2 0 1 2 4 1 3 6 5 5 0 3 4 1 4 3 6 4 3
3 1 1 4 4 5 6 5 2 1 6 4 5 3 4 4 1 2 0 1 2 2 6 3 0 6 5 3 0 1 2 4 1 6 5 4
3 0 2 1 6 5 3 0 6 3 1 6 4 4 3 0 0 0 4 4 4 0 3 1 2 2 0 6 0 0 1 2 5 0 4 1
3 2 1 2 4 2 3 5 2 6 5 0 1 0 1 4 5 1 3 4 0 3 0 0 1 6 1 6 4 1 0 1 3 2 3 2
3 1 1 0 2 5 5 0 2 4 2 0 4 6 6 3 5 6 4 1 0 2 0 0 1 0 1 3 1 2 1 0 3 5 3 0
3 1 3 4 6 4 5 3 0 4 2 4 3 4 4 0 0 5 2 0 0 3 6 5 4 0 0 4 1 5 1 5 0 1 6 0
3 0 6 0 4 1 6 1 2 2 5 0 6 0 4 3 5 2 3 0 2 1 0 5 4 5 2 3 0 3 0 6 5 0 5 2
3 0 2 3 2 5 4 3 1 4 2 3 4 4 2 1 2 6 6 4 0 3 3 0 4 2 3 1 0 2 0 0 4 1 0 2
3 4 5 1 4 1 3 5 1 0 1 3 3 4 2 1 2 5 5 2 5 4 2 1 5 2 2 3 1 4 0 5 0 3 3 0
4 0 3 3 5 6 4 4 3 3 3 6 6 1 0 7 5 6 3 0 6 7 4 4 0 2 6 7 0 4 1 6 6 1 3 0
4 4 0 0 2 3 6 7 0 6 1 3 2 0 6 2 7 6 2 4 4 5 6 1 2 3 5 5 3 4 2 3 2 5 0 3
4 1 0 0 1 0 5 0 4 5 5 1 1 2 3 7 5 3 7 5 0 2 4 5 6 7 0 6 0 5 7 7 6 0 6 7
4 0 7 2 0 2 1 0 7 1 1 7 2 4 2 6 3 0 5 1 1 3 5 1 3 3 1 0 5 2 2 3 1 4 6 5
4 4 4 7 6 0 2 2 4 4 6 5 3 3 5 4 0 4 2 7 1 1 5 2 2 7 1 1 2 7 3 1 4 2 6 2
4 1 1 4 6 7 0 5 5 5 0 2 3 1 7 3 0 4 5 2 6 3 7 7 5 1 6 1 4 7 4 6 7 4 4 2
4 5 4 4 6 0 1 0 2 4 1 6 0 7 0 5 3 0 2 5 0 3 6 7 7 4 6 5 1 4 7 7 5 5 5 3
4 2 5 3 4 2 0 0 0 2 1 1 3 1 4 4 2 7 0 5 1 0 6 7 4 2 1 5 0 6 6 6 3 3 4 2
4 5 1 6 6 1 3 0 1 0 3 1 6 7 4 0 4 7 5 6 6 0 6 5 1 3 5 1 4 5 1 3 4 1 0 7
4 0 0 1 3 1 5 3 6 0 0 0 6 3 2 4 2 7 5 2 1 5 0 2 7 4 5 3 5 7 5 5 3 0 7 7
4 4 3 6 6 1 1 2 5 1 1 0 0 5 5 7 4 1 1 3 4 0 0 0 5 0 2 3 6 6 0 3 2 1 2 7
4 6 6 6 2 3 0 1 0 0 3 1 0 3 2 4 4 2 5 0 6 7 5 2 5 4 4 4 4 2 3 5 5 1 4 0
4 3 6 1 2 2 6 2 3 0 3 2 0 0 2 0 1 5 0 1 1 4 0 4 0 5 4 3 5 4 1 6 3 5 2 0
4 6 5 7 7 4 3 7 2 6 0 5 4 7 0 7 6 3 0 1 3 4 2 3 7 0 5 4 0 4 6 3 1 5 5 0
4 1 1 4 5 6 7 2 5 4 7 4 7 3 0 0 3 3 7 2 5 0 7 3 1 1 4 7 7 4 4 1 1 2 1 3
4 0 3 1 6 2 2 0 7 1 2 3 0 3 2 4 0 2 7 3 2 2 5 1 2 7 3 1 0 6 3 5 1 2 5 4
4 2 6 1 2 4 2 3 0 5 5 0 7 6 4 1 3 0 7 6 1 1 6 4 2 5 3 0 1 3 1 1 4 2 0 7
4 1 7 4 6 2 5 3 2 5 3 0 0 6 7 7 4 4 0 0 1 1 0 1 5 1 1 5 5 4 3 5 1 4 1 5
4 5 7 4 2 3 2 0 5 2 2 6 5 4 4 0 7 2 5 0 7 1 5 6 6 0 2 7 7 4 2 6 1 0 3 7
4 2 7 4 5 3 4 3 2 6 6 0 0 0 1 2 1 3 6 4 0 3 0 0 0 0 3 4 4 2 6 2 2 1 6 1
4 1 5 1 4 3 3 1 5 7 5 4 1 6 7 3 5 4 1 4 4 0 5 5 0 5 3 0 3 3 4 7 5 0 3 2
4 1 5 6 2 1 5 0 4 7 6 0 6 0 4 7 1 5 6 7 0 6 0 2 6 4 1 7 7 5 0 4 1 7 6 5
4 2 6 4 2 3 4 5 5 2 3 1 4 4 6 5 0 5 5 1 7 1 6 0 4 7 0 6 0 0 4 0 6 7 2 0
4 6 7 7 1 4 2 1 5 1 2 0 4 4 3 4 2 1 0 6 7 2 5 6 0 6 6 3 5 5 6 2 3 2 0 6
4 5 5 5 1 4 0 4 5 7 0 7 0 5 6 6 4 3 6 5 2 2 3 0 2 0 1 7 6 4 2 5 3 3 7 0
4 2 1 3 4 3 5 0 2 7 3 4 5 4 4 5 1 5 5 1 7 7 5 4 4 3 0 3 2 5 1 7 4 2 2 5
4 0 5 4 5 5 0 1 6 2 0 1 5 7 7 3 2 0 0 0 4 3 1 1 0 2 3 0 1 0 5 5 2 1 1 7
4 5 2 0 7 0 1 2 6 2 2 5 0 2 3 3 4 3 0 0 7 4 7 7 6 0 1 5 0 0 0 3 2 5 5 6
4 3 0 4 6 7 5 1 7 3 5 6 6 0 7 0 7 3 2 7 3 6 4 0 5 4 5 4 0 0 3 2 5 1 5 1
4 7 7 3 7 4 0 2 2 6 2 7 0 4 1 5 3 2 6 7 4 7 5 0 1 4 1 7 7 4 0 7 2 3 3 0
4 3 7 6 3 0 5 0 3 1 2 0 7 2 3 2 5 1 5 7 5 5 0 3 1 3 1 5 4 2 3 0 5 0 6 4
4 2 3 0 3 0 5 1 5 7 4 7 2 3 6 3 1 4 6 1 0 1 2 6 7 0 5 5 3 3 3 2 0 6 7 6
4 6 0 3 1 5 2 6 5 0 0 5 0 5 3 0 1 5 3 0 4 1 6 7 4 0 0 7 5 2 3 2 0 0 7 4
4 1 1 6 1 0 3 4 0 1 4 1 4 2 0 4 3 5 3 2 7 7 4 1 3 4 4 5 4 3 3 6 2 4 0 5
4 4 4 5 3 7 7 0 0 5 4 4 0 0 1 5 3 7 2 5 7 7 6 1 3 1 3 1 0 2 5 6 5 4 1 0
5 0 1 2 0 1 6 1 2 4 4 5 6 7 4 0 3 5 5 6 2 5 0 6 0 4 4 1 4 0 1 1 1 6 4 0
5 4 0 7 5 5 3 4 1 6 7 3 2 1 1 3 4 1 4 6 3 1 5 5 6 3 5 6 4 4 6 3 1 1 0 1
5 4 4 0 2 7 2 5 5 3 7 2 2 6 0 2 3 7 1 3 0 3 6 5 3 1 5 5 2 2 0 5 0 5 5 2
5 7 5 3 0 1 2 7 4 3 1 4 0 0 6 6 5 5 5 5 7 2 1 4 6 0 2 0 6 5 5 7 6 7 6 1
5 1 5 7 4 0 4 4 5 0 7 6 6 2 1 4 7 1 1 6 0 4 1 3 2 0 0 2 1 2 2 1 2 3 6 6
5 2 3 5 6 4 0 4 7 3 5 0 5 6 5 6 0 5 2 6 7 6 2 5 5 7 4 6 7 0 6 6 6 2 2 5
5 6 5 0 3 0 7 0 5 2 2 0 1 2 1 1 5 4 2 6 6 0 0 0 4 1 7 6 6 0 4 6 0 2 6 0
5 4 7 3 5 2 0 5 0 7 6 3 3 6 0 3 2 5 1 0 7 2 1 0 1 1 7 3 4 7 4 0 3 4 3 1
5 2 5 5 4 6 5 3 5 0 0 5 2 3 5 6 2 7 7 0 5 1 5 7 3 1 6 0 0 1 6 2 5 1 2 6
5 7 5 4 0 2 6 2 7 6 0 2 6 4 1 0 3 3 2 5 5 6 4 4 4 5 7 7 4 1 2 2 7 3 7 2
5 5 4 1 7 0 6 6 4 7 0 0 6 6 6 3 1 3 1 3 4 0 5 2 0 5 5 2 6 1 7 1 1 2 6 0
5 2 7 4 7 6 1 5 4 7 1 0 0 6 2 1 7 2 4 2 4 0 0 2 4 1 4 4 1 2 6 3 0 1 3 2
5 0 1 1 6 1 0 3 2 7 3 5 2 0 5 6 2 7 7 2 7 1 6 3 7 4 5 4 6 2 7 3 1 4 5 3
5 5 7 1 4 0 4 5 2 2 0 7 7 0 0 4 4 2 4 5 6 3 4 1 3 1 3 4 6 4 3 2 3 0 7 0
5 2 0 4 2 0 1 4 4 6 6 1 0 4 0 0 0 4 4 0 1 6 5 0 1 4 5 5 4 5 5 0 2 2 3 0
5 7 1 6 4 2 2 3 2 0 7 0 5 7 4 0 0 3 4 5 1 6 2 2 6 6 4 5 3 5 7 6 6 2 6 4
5 1 7 6 3 3 3 7 6 6 6 1 2 5 1 1 7 0 6 4 5 7 4 6 1 7 0 1 0 5 0 0 1 4 0 1
5 4 0 2 2 5 7 3 4 7 1 2 6 7 0 0 7 5 0 1 1 1 1 1 0 0 1 6 2 2 0 0 3 6 6 2
5 7 1 4 3 1 0 0 4 4 1 7 5 4 7 4 7 0 2 0 7 2 0 5 4 0 2 7 6 1 7 1 4 0 4 2
5 5 6 2 3 3 6 0 3 6 5 6 2 1 2 1 0 6 2 6 0 4 0 3 0 7 1 7 2 4 4 6 3 2 6 6
5 7 5 0 0 4 2 2 0 3 3 1 6 0 2 6 5 4 4 7 7 0 1 4 6 7 5 3 0 2 3 3 5 7 7 2
5 7 5 2 3 4 3 6 3 1 5 5 5 5 4 1 1 0 7 0 0 6 0 2 7 4 1 4 2 4 1 4 1 6 2 7
5 3 6 4 5 4 1 0 1 2 4 2 2 1 4 5 1 5 7 6 1 1 5 0 0 4 7 7 4 2 2 4 6 3 7 1
5 3 3 1 2 5 4 7 5 7 1 6 2 7 3 3 2 5 7 6 3 4 7 0 0 2 4 3 4 4 4 6 6 3 2 1
5 1 5 1 2 1 2 6 1 6 1 7 6 3 0 0 1 6 0 5 1 1 3 1 4 0 6 3 4 1 0 0 3 1 3 5
5 7 6 5 4 6 6 3 6 3 1 1 1 4 0 3 4 4 2 3 7 4 1 3 1 0 0 0 5 7 3 3 3 1 5 4
5 7 1 7 2 4 5 7 1 4 5 0 6 0 7 5 1 6 3 3 5 4 0 1 3 4 5 0 3 5 3 3 5 1 6 3
5 0 6 0 0 2 0 5 5 4 5 2 6 0 2 0 1 2 6 1 6 0 7 4 2 4 5 7 0 5 3 1 1 5 3 3
5 3 0 2 6 1 0 2 6 7 2 5 0 3 1 0 6 5 7 1 4 4 3 0 4 2 6 0 7 0 1 4 1 3 3 5
5 6 1 0 4 0 3 7 1 2 4 6 3 5 0 5 6 7 2 4 1 1 5 5 5 2 3 2 3 1 0 3 3 1 3 2
5 0 3 1 0 0 4 3 4 4 1 7 6 7 6 4 1 1 5 0 2 0 1 5 0 0 3 2 5 0 4 0 4 2 0 3
5 4 1 2 4 2 0 4 0 6 4 1 4 7 0 0 0 2 6 7 3 1 1 6 5 3 0 4 4 0 3 5 0 6 1 1
5 6 3 1 0 0 3 3 6 1 7 0 7 0 5 6 1 4 3 4 1 6 6 2 7 4 7 6 3 3 0 7 1 0 4 7
5 2 0 5 3 5 4 6 6 4 5 1 4 4 0 3 7 3 2 5 0 5 6 5 5 0 5 2 1 4 0 3 1 1 0 5
5 7 3 4 0 6 6 4 6 2 2 4 3 2 1 5 6 4 3 6 5 6 6 3 5 5 4 5 2 1 6 1 6 4 5 0
6 0 3 0 4 2 2 2 5 1 0 2 3 3 1 4 4 5 5 1 5 3 1 6 4 4 2 3 2 1 2 0 2 2 1 2
6 3 0 0 1 3 0 6 6 2 6 5 6 5 5 6 5 4 4 0 0 1 3 1 4 0 5 1 1 2 2 0 5 4 3 2
6 3 0 0 0 5 3 3 0 5 5 4 0 3 2 1 4 3 2 5 4 3 6 6 3 3 4 1 4 1 1 6 4 5 3 1
6 1 1 5 0 5 1 2 6 0 4 4 4 1 4 2 3 1 4 4 5 2 3 4 4 1 5 0 1 2 2 0 4 2 3 0
6 0 0 4 6 0 0 3 3 4 4 4 4 4 6 3 1 1 4 2 6 3 1 1 4 1 2 1 1 4 4 3 5 0 4 1
6 1 1 3 5 2 0 0 0 0 0 4 4 2 5 0 5 2 2 2 2 0 4 5 5 2 5 1 3 1 2 2 4 0 1 4
6 5 0 2 3 4 3 0 5 6 2 2 4 2 1 4 6 0 1 0 2 1 0 5 6 2 5 3 1 2 1 4 2 3 3 0
6 5 4 3 5 4 1 0 0 2 1 4 3 2 5 1 2 3 2 2 2 0 1 0 3 0 3 4 3 4 4 3 5 2 5 3
6 3 4 4 3 3 0 0 5 0 4 1 0 2 1 5 6 1 6 3 4 5 2 2 5 4 2 1 0 3 1 2 4 2 2 0
6 1 4 0 2 5 5 6 1 0 0 4 5 4 4 2 0 0 1 3 2 4 5 4 5 3 1 3 3 2 4 0 4 2 5 1
6 5 2 5 5 1 5 2 5 0 3 0 5 1 0 1 1 1 5 6 5 3 0 0 3 1 1 5 0 4 2 3 4 1 2 3
6 4 2 4 1 3 5 2 3 3 0 5 0 4 0 1 4 0 3 0 0 2 1 4 1 1 4 4 5 1 3 0 1 0 2 1
6 1 1 4 3 4 4 2 3 0 1 4 2 0 4 4 2 6 1 3 5 3 1 2 3 2 4 3 3 5 3 3 3 0 5 1
6 1 5 3 0 6 1 5 0 0 4 0 4 2 0 3 4 3 4 0 5 0 2 4 5 2 5 5 3 1 3 2 4 4 5 4
6 5 6 5 3 1 3 5 2 1 4 0 5 1 3 0 5 2 1 1 4 2 0 4 2 0 1 0 0 2 2 0 2 5 2 0
6 0 3 4 3 2 0 3 5 1 5 2 6 5 1 4 0 4 1 4 5 1 4 0 4 4 0 3 1 5 2 2 5 1 0 4
6 1 0 2 4 6 6 0 5 3 1 3 5 4 1 1 4 0 0 0 0 5 1 1 4 6 0 3 6 5 4 2 1 1 2 4
6 1 0 4 3 4 3 2 4 3 6 3 4 5 3 0 2 2 0 2 4 5 6 4 3 5 4 1 2 1 3 0 4 4 3 3
6 3 5 4 4 3 5 1 4 2 1 0 3 3 2 3 4 1 0 0 6 3 0 4 5 5 3 5 2 1 6 0 4 4 5 0
6 5 1 1 1 1 1 0 0 1 0 1 3 1 5 0 2 6 0 4 0 0 2 5 0 3 2 3 2 6 3 2 4 4 2 0
6 4 5 3 5 6 2 3 5 2 4 4 2 4 3 0 3 5 1 3 5 0 5 2 2 4 1 5 4 2 4 5 5 0 3 5
6 4 0 2 2 0 3 6 5 1 1 0 1 0 1 2 4 4 0 2 1 4 0 0 1 0 5 2 2 3 1 0 6 0 2 3
6 0 2 3 1 2 5 1 2 5 0 2 5 0 0 5 4 2 3 3 4 0 6 0 4 3 3 0 4 1 1 3 1 2 1 1
6 2 0 3 4 4 2 2 5 0 6 0 6 0 1 4 0 1 2 4 5 3 3 5 0 0 4 0 5 4 4 5 5 5 5 5
6 0 1 3 5 1 0 3 2 3 3 4 3 5 1 5 5 3 2 0 3 0 5 0 2 0 5 1 5 6 4 1 2 3 4 1
6 3 3 6 1 5 5 5 1 4 3 1 3 2 2 1 2 0 1 1 2 3 6 4 2 1 0 2 0 4 2 2 1 4 3 4
6 0 1 4 4 2 4 5 1 1 0 5 0 4 4 3 0 3 5 5 2 2 1 4 2 3 5 0 2 5 4 3 2 4 0 1
6 4 6 4 5 5 2 2 4 1 0 5 5 1 3 3 0 5 2 2 4 5 2 2 2 3 4 4 0 3 4 1 2 5 2 2
6 2 4 2 0 4 2 2 2 4 0 3 0 0 6 0 3 5 3 4 5 2 3 2 4 2 3 3 6 0 0 4 1 5 4 0
6 5 5 0 3 5 2 1 1 4 2 1 3 2 0 1 5 4 1 3 4 4 1 4 5 5 4 0 5 1 0 6 1 1 5 4
6 3 3 4 5 0 0 0 1 4 3 5 5 5 0 4 0 1 5 2 3 4 3 3 4 0 3 4 0 3 4 0 2 0 4 5
6 2 6 0 5 0 6 4 2 1 4 4 1 2 1 0 0 2 3 2 2 2 1 5 4 0 4 5 3 3 0 1 0 5 1 0
6 4 0 0 4 2 1 2 5 5 6 0 2 4 5 0 4 2 1 0 5 0 6 2 3 4 1 2 2 1 5 0 1 0 5 5
6 4 1 1 1 0 3 3 1 2 4 0 4 5 5 2 1 4 2 4 3 4 0 4 5 1 0 2 4 5 2 4 1 1 0 4
6 0 3 3 3 2 3 0 2 3 6 2 5 3 2 4 1 5 2 5 1 6 1 0 1 0 2 0 0 5 5 2 6 3 5 0
7 0 1 4 3 5 3 2 4 3 5 1 3 6 1 6 5 4 8 5 0 5 1 0 7 8 8 0 7 0 4 4 8 0 7 2
7 5 0 0 0 2 6 5 7 5 0 8 7 0 1 6 6 6 0 3 3 5 0 4 5 4 8 5 2 8 6 0 4 1 3 3
7 4 2 0 8 0 6 3 2 1 7 3 5 3 7 8 3 1 5 4 5 5 9 8 4 0 1 2 1 1 6 0 5 0 6 6
7 8 8 5 0 6 5 2 8 4 1 1 9 0 9 7 6 4 3 6 8 1 8 7 2 8 3 5 2 8 4 1 6 8 5 7
7 0 5 0 5 0 1 1 5 3 1 6 5 1 3 4 7 0 6 3 0 4 5 9 5 4 8 1 7 3 5 8 0 4 2 8
7 8 1 5 8 3 0 6 8 4 6 6 2 6 9 6 6 1 8 4 2 1 6 0 2 8 1 0 6 2 6 9 4 0 3 3
7 6 6 5 6 6 1 0 8 5 8 6 6 0 1 0 1 4 8 1 8 5 8 7 3 4 8 0 6 0 0 4 8 0 0 7
7 6 2 4 3 4 0 3 0 1 4 5 5 3 0 4 5 5 9 2 0 1 5 2 8 3 3 2 7 1 4 1 6 7 4 2
7 3 0 2 5 7 1 6 8 0 0 2 8 7 0 6 0 1 2 6 6 2 7 1 4 6 2 1 8 7 2 7 6 7 0 8
7 1 5 9 7 8 3 8 3 1 0 7 2 2 5 9 7 6 6 4 1 8 3 6 4 5 2 0 7 1 6 3 5 7 5 0
7 7 1 1 1 3 7 2 4 7 8 0 0 1 0 4 8 8 5 7 5 7 8 1 1 4 8 2 6 2 1 2 9 8 5 8
7 3 6 0 0 0 7 9 8 8 6 2 0 1 3 2 3 9 8 7 9 0 0 7 8 9 9 5 5 1 3 9 0 1 8 2
7 7 5 0 1 6 8 4 8 2 0 3 2 0 0 7 0 1 1 8 3 5 2 5 0 3 8 1 6 1 2 5 3 9 2 6
7 4 4 8 3 0 8 0 2 4 7 6 1 4 0 5 0 5 7 2 8 8 0 3 6 0 4 1 3 3 7 1 4 8 0 2
7 4 5 0 3 0 5 2 6 7 4 3 2 4 6 0 2 3 7 3 2 8 3 0 6 0 9 0 6 6 3 7 2 7 3 8
7 4 7 0 8 2 3 5 4 2 3 5 6 4 1 1 0 1 1 3 8 2 6 5 6 1 6 4 2 5 1 2 0 5 7 7
7 0 2 0 8 3 4 5 6 8 0 6 8 1 9 8 8 0 0 2 4 5 8 3 4 3 0 7 2 4 4 3 2 3 1 8
7 3 5 5 6 7 1 1 3 1 1 7 5 1 1 5 0 1 0 2 6 8 2 5 9 7 3 4 3 8 8 6 9 6 5 3
7 2 3 6 2 2 5 8 6 4 6 8 0 2 3 6 0 8 8 0 5 7 4 5 5 7 2 1 5 1 8 3 2 4 4 8
7 0 4 7 4 4 3 1 7 1 1 7 8 8 6 9 5 8 1 6 0 0 7 6 0 0 0 1 7 0 3 7 2 5 3 1
7 7 8 9 6 7 4 3 2 7 3 2 3 2 7 2 2 8 0 4 5 0 4 7 7 0 7 4 7 5 8 6 3 5 4 4
7 0 4 3 4 4 1 3 2 4 0 8 8 1 5 4 6 6 4 6 2 2 0 1 7 7 9 2 4 7 0 3 8 0 8 0
7 5 7 4 7 4 3 8 9 9 0 4 0 6 7 5 8 5 1 9 9 3 7 0 6 0 8 7 2 4 3 5 8 0 6 8
7 8 1 7 2 9 3 0 2 7 1 4 0 8 0 0 1 7 1 8 4 7 7 1 0 7 3 4 0 0 7 7 5 8 0 5
7 4 2 8 4 2 3 1 5 8 5 7 0 4 4 5 7 4 7 6 2 8 9 1 8 0 3 2 7 8 7 0 2 8 3 1
7 7 1 1 4 8 4 6 6 1 0 7 9 3 3 2 9 1 0 0 3 3 8 7 5 5 0 1 8 1 2 8 3 0 8 5
7 6 1 8 8 3 8 6 5 7 6 6 5 0 5 8 4 7 2 6 4 1 0 0 2 1 2 0 7 3 5 2 4 1 2 4
7 4 0 0 1 9 4 1 3 4 3 2 2 4 8 6 5 5 7 1 4 4 1 0 0 8 1 7 0 8 4 8 1 3 7 6
7 3 2 8 8 4 4 8 9 4 6 8 7 6 2 9 2 0 4 3 7 7 6 3 2 3 7 2 0 0 5 5 3 8 1 6
7 7 0 6 0 6 7 1 6 0 1 8 5 4 6 7 4 2 0 4 3 2 8 6 5 6 1 4 3 8 0 1 8 4 4 2
7 4 4 4 6 1 3 8 0 8 1 2 0 1 2 0 2 1 3 4 4 7 3 2 8 4 2 6 5 4 4 0 7 7 8 3
7 4 7 0 0 7 4 7 7 0 1 6 8 8 0 0 9 0 8 6 6 4 1 0 6 5 0 3 8 6 2 2 0 3 0 4
7 7 7 5 5 2 5 8 8 7 8 3 0 6 2 0 1 6 9 5 7 1 5 2 8 7 5 0 8 4 2 0 6 0 7 0
7 2 8 3 0 6 6 0 8 4 3 6 5 5 6 2 4 5 2 5 6 6 1 8 8 2 2 7 6 0 1 6 2 7 0 8
7 6 0 2 1 8 2 7 3 3 2 4 7 5 5 8 4 0 2 5 5 7 4 6 2 5 2 3 4 3 8 9 6 4 1 0
<end>