<number of tasks>
35
<number of stations>
12
<type of the robots>
12
<limit of the robots>
1 1
2 1
3 1
4 1
5 1
6 1
7 1
8 1
9 1
10 1
11 1
12 1
<task times>
1 43 77 58 36 45 49 27 58 110 35 46 38
2 21 26 37 30 68 27 39 19 45 39 28 45
3 43 41 40 34 52 50 31 30 86 39 32 104
4 56 40 34 34 74 69 78 33 83 60 75 51
5 37 55 70 32 58 61 43 61 100 82 62 53
6 29 36 26 25 38 52 31 38 98 26 41 42
7 59 75 46 35 50 85 30 54 65 27 28 32
8 21 45 40 21 53 29 42 29 57 20 24 33
9 54 76 31 42 60 41 46 71 128 62 28 43
10 84 75 40 44 76 85 36 66 51 42 33 101
11 56 67 72 32 145 50 47 63 81 35 41 63
12 25 31 32 44 104 74 25 23 111 61 24 59
13 66 30 49 37 51 43 51 21 48 35 51 49
14 58 42 38 45 107 93 58 35 88 38 28 51
15 75 47 115 67 62 72 57 41 112 46 45 60
16 45 55 71 32 53 57 57 39 63 91 31 52
17 58 34 63 43 72 110 79 31 70 31 65 55
18 50 40 68 43 78 42 40 34 81 69 36 43
19 69 45 76 81 69 47 47 50 130 48 40 101
20 47 66 43 40 60 48 44 39 126 40 53 80
21 86 64 39 41 132 104 30 27 79 42 69 76
22 88 48 51 92 115 66 81 53 85 66 45 84
23 57 88 60 71 56 43 45 45 67 48 29 59
24 34 27 43 26 41 76 45 38 47 62 27 35
25 35 53 50 26 45 46 42 26 51 59 53 70
26 69 47 40 43 53 83 41 42 74 81 33 86
27 66 64 35 51 69 36 53 35 122 34 30 38
28 32 37 30 67 67 77 27 25 65 30 25 44
29 65 63 76 58 69 59 42 33 78 84 55 58
30 55 31 62 36 49 29 24 27 48 47 32 46
31 62 60 59 46 72 44 32 80 63 65 62 62
32 23 33 55 19 85 33 44 40 70 23 21 66
33 33 24 34 25 38 35 25 29 70 25 24 78
34 40 77 51 38 67 76 34 50 78 31 29 38
35 33 45 34 63 73 60 34 64 83 37 48 83
<precedence relations>
1,2
1,5
1,7
1,10
1,12
2,3
3,4
4,11
5,6
6,7
6,8
7,14
7,18
8,9
9,13
10,14
11,28
11,33
12,18
13,28
13,33
14,15
15,16
16,21
17,20
18,19
19,20
20,21
21,22
21,25
21,30
21,32
22,23
23,24
24,27
25,26
26,27
27,28
27,33
27,34
28,29
30,31
31,32
32,33
33,35
<setup time between tasks by robots>
1 0 3 4 0 2 3 0 2 4 4 2 0 1 2 1 4 1 5 1 2 2 1 0 4 3 1 4 4 0 3 4 3 0 3 2
1 4 0 2 2 4 3 0 0 1 4 5 5 1 2 4 2 4 5 0 1 2 0 1 4 2 0 3 4 0 4 2 3 1 1 0
1 5 3 0 4 2 2 4 4 0 1 4 2 3 0 3 4 0 0 0 4 2 1 0 1 3 0 4 0 2 1 3 3 0 0 5
1 2 1 4 0 0 3 4 3 1 1 1 1 3 0 1 2 1 1 1 1 2 0 1 4 0 2 0 3 0 2 2 0 3 0 3
1 1 3 2 1 0 1 1 4 2 4 3 3 5 0 4 0 3 2 4 4 4 0 4 1 4 2 2 2 3 0 2 2 4 2 1
1 3 3 5 1 2 0 0 4 2 2 2 1 3 4 5 4 2 2 2 3 0 5 2 3 3 3 4 2 1 4 3 2 3 1 0
1 2 3 2 1 0 0 0 2 2 2 3 4 2 1 2 3 2 1 4 3 4 2 4 4 1 1 2 2 1 2 5 3 4 2 0
1 2 1 1 1 2 4 4 0 1 5 0 1 1 2 0 1 4 2 3 0 3 4 0 4 0 2 1 2 3 4 3 0 2 0 2
1 0 4 2 1 3 2 3 0 0 0 3 1 0 4 1 4 1 0 2 0 4 1 2 1 0 2 4 3 5 4 3 0 2 5 1
1 3 3 2 4 1 1 2 3 4 0 3 2 1 3 4 2 3 4 3 1 2 1 0 0 4 2 2 3 4 2 3 2 2 4 3
1 1 1 2 4 2 4 2 1 3 2 0 5 1 1 2 4 0 1 3 0 1 1 1 3 0 0 0 1 2 0 0 0 4 0 1
1 2 1 0 3 1 3 1 2 3 2 2 0 1 1 1 3 3 2 1 1 2 4 0 3 0 3 4 5 3 1 0 4 0 1 2
1 1 3 1 0 3 3 1 3 4 3 1 4 0 2 1 3 1 1 0 1 3 3 4 2 3 2 4 3 2 1 4 2 1 2 1
1 1 1 1 1 2 3 1 1 2 1 4 3 5 0 3 3 4 4 0 2 1 0 3 3 2 0 4 0 0 0 2 4 1 1 1
1 5 1 4 4 2 3 1 2 2 4 5 3 1 0 0 5 5 1 0 3 5 2 0 3 4 3 2 0 0 3 4 1 0 4 4
1 2 4 0 1 1 1 1 0 1 3 4 5 1 1 4 0 4 4 0 3 3 0 1 2 3 1 4 2 0 4 0 2 0 2 3
1 2 1 3 3 0 1 2 4 4 1 2 4 3 2 4 4 0 3 4 2 4 0 4 4 4 2 0 2 3 0 0 3 2 1 4
1 0 4 2 3 3 0 5 2 3 3 3 2 4 4 4 1 3 0 1 2 3 3 1 0 2 5 3 0 1 5 1 2 2 1 2
1 4 2 5 3 2 0 1 4 1 1 2 2 1 2 4 1 4 3 0 3 2 0 3 1 3 2 5 0 0 3 4 1 2 0 3
1 3 1 5 4 4 1 0 4 3 1 1 1 4 2 3 1 2 4 0 0 0 2 3 4 5 3 1 0 5 0 1 3 2 4 1
1 4 0 2 0 4 0 1 0 5 2 3 1 1 1 2 1 2 1 1 0 0 4 0 2 2 4 4 0 0 1 0 2 3 2 3
1 2 1 1 0 0 0 1 4 1 2 3 3 1 1 1 5 4 0 4 3 2 0 0 4 4 4 2 2 2 2 4 4 1 1 1
1 1 5 4 4 0 1 3 2 1 2 4 4 3 0 2 3 4 2 1 0 2 0 0 3 2 2 2 1 1 1 3 4 3 1 2
1 2 0 1 0 3 0 4 0 1 5 0 3 4 4 2 3 1 1 3 4 0 0 5 0 2 1 3 4 2 1 3 2 0 3 0
1 1 1 2 1 1 2 2 2 1 2 2 0 1 1 2 2 2 1 2 1 1 2 4 2 0 0 1 3 2 0 3 3 4 2 4
1 0 1 3 0 2 3 0 3 0 4 4 2 4 0 2 0 0 5 2 0 0 2 2 3 2 0 4 0 3 2 2 0 3 2 0
1 0 2 0 0 4 0 1 4 3 4 2 4 3 1 2 1 0 1 4 3 1 1 1 4 2 1 0 3 2 3 5 3 1 1 0
1 1 4 0 2 0 1 2 1 3 2 3 4 2 3 4 3 1 4 1 4 2 1 5 2 3 5 3 0 0 2 2 4 5 2 0
1 4 0 0 3 4 1 2 0 0 0 4 0 1 2 4 3 4 5 4 1 4 1 4 0 3 3 3 1 0 2 1 3 1 4 4
1 4 1 1 2 5 4 5 0 1 2 1 3 4 3 3 2 4 2 2 0 3 3 1 0 0 3 3 4 4 0 1 2 4 1 0
1 3 1 4 0 4 5 5 1 3 4 3 3 1 0 3 4 1 0 3 0 0 1 3 0 0 5 4 2 1 2 0 4 4 0 2
1 0 0 5 1 3 4 0 1 1 2 3 1 1 0 4 3 4 2 3 0 3 3 0 3 2 0 4 2 4 3 4 0 3 0 0
1 4 3 2 3 5 1 2 4 1 2 0 3 2 3 0 4 0 4 3 0 0 5 4 2 3 4 0 2 2 3 4 1 0 2 4
1 1 3 1 1 4 2 0 1 2 2 4 3 0 3 1 1 3 4 4 2 1 3 4 0 3 2 4 4 3 4 5 1 4 0 2
1 5 0 3 0 0 1 3 4 4 2 4 0 0 4 2 1 0 2 0 1 4 0 3 1 1 4 0 4 3 1 3 2 2 0 0
2 0 0 5 4 3 5 3 4 3 2 3 2 4 1 5 3 2 1 2 2 5 2 5 4 0 5 5 5 0 3 4 4 0 1 3
2 5 0 0 1 1 4 5 4 3 2 1 3 2 3 0 5 3 1 3 5 4 4 2 5 0 3 4 0 1 4 5 4 2 0 5
2 0 4 0 2 3 0 0 3 2 4 1 4 1 5 1 5 5 3 4 2 1 4 1 4 2 0 5 4 1 2 3 4 5 0 3
2 0 3 2 0 3 4 3 0 5 3 4 5 3 5 5 0 4 0 4 0 0 5 5 5 3 3 3 2 4 4 1 3 4 2 1
2 1 0 1 1 0 0 2 4 0 4 1 0 4 5 1 2 5 4 0 5 5 2 1 4 3 5 1 0 0 1 3 4 0 3 2
2 5 0 1 5 5 0 1 3 3 5 4 1 2 1 4 1 4 3 3 2 0 4 1 2 2 1 2 0 2 1 1 0 0 4 1
2 0 3 2 3 3 2 0 1 4 4 0 3 0 4 1 2 5 0 1 1 3 2 4 2 5 4 0 5 4 3 2 2 1 1 0
2 0 0 4 3 1 3 0 0 4 4 1 2 0 0 3 3 4 4 5 4 3 2 5 1 2 4 0 4 0 5 2 4 0 3 0
2 4 2 5 0 5 4 4 0 0 2 3 1 0 0 5 4 2 1 5 4 4 3 4 0 1 3 2 1 1 2 4 5 1 1 5
2 1 4 3 4 2 4 1 0 3 0 3 1 3 5 5 0 2 4 0 3 3 1 1 1 5 1 2 5 2 2 3 1 1 0 2
2 1 1 3 3 0 1 5 2 3 4 0 3 0 0 4 4 2 4 3 3 5 4 1 4 2 2 0 3 5 0 1 0 4 0 5
2 1 2 2 1 3 2 0 1 0 1 0 0 3 2 5 1 5 1 3 1 3 1 0 3 5 1 3 1 5 4 2 2 5 5 2
2 4 0 1 4 4 0 5 1 1 3 0 4 0 3 1 1 0 4 3 4 1 1 3 0 4 2 0 0 4 4 5 2 4 2 4
2 0 3 2 3 2 0 5 5 4 0 4 4 4 0 1 4 1 5 2 4 3 3 0 3 0 4 2 3 0 3 1 4 2 0 5
2 1 1 5 3 1 3 3 1 3 4 1 5 0 2 0 2 1 1 5 5 4 4 1 2 1 2 0 2 4 5 2 2 0 4 2
2 4 3 2 0 5 5 2 0 0 2 2 1 4 2 3 0 5 2 5 2 0 1 0 0 3 4 1 1 1 3 4 5 3 1 3
2 3 4 5 1 5 4 5 4 0 2 1 1 0 3 0 5 0 0 2 4 5 2 3 4 4 5 1 0 5 5 0 5 0 4 2
2 0 4 4 2 5 1 4 3 5 0 3 4 5 2 4 2 0 0 1 2 4 5 5 4 2 5 0 2 1 4 4 2 5 2 4
2 1 2 4 4 3 0 2 5 2 2 0 2 0 2 3 0 0 3 0 2 1 0 2 5 0 3 5 2 1 4 3 1 1 1 5
2 2 1 4 1 2 3 2 2 4 2 2 2 3 3 1 1 2 5 4 0 5 1 2 0 3 3 3 2 2 3 0 3 4 4 3
2 5 3 2 1 1 0 4 0 1 4 1 0 0 1 5 5 3 2 0 0 0 3 0 5 1 2 3 3 5 1 5 3 1 3 4
2 3 3 3 4 2 2 0 4 5 4 4 1 3 2 0 0 0 3 0 1 2 0 1 2 4 4 1 2 1 2 5 1 1 3 0
2 4 4 0 3 2 2 3 5 0 2 5 1 5 5 3 3 2 4 4 3 1 4 0 0 2 4 2 2 3 3 0 3 3 1 1
2 5 5 4 5 4 4 4 0 3 1 5 5 0 1 0 5 4 1 2 1 0 3 1 0 2 0 4 2 4 2 4 0 0 2 5
2 1 2 3 2 1 2 1 0 5 5 2 1 1 0 5 5 0 3 4 2 1 5 2 4 0 4 1 3 3 0 5 1 4 4 3
2 2 0 3 1 4 3 0 4 1 2 4 3 3 5 0 0 1 0 0 4 4 2 0 4 0 0 3 3 3 0 4 1 5 2 1
2 3 2 3 2 5 1 1 0 2 2 3 2 3 3 5 1 1 1 3 5 3 4 2 1 2 0 0 3 5 1 5 4 3 5 5
2 5 0 0 3 2 4 0 1 3 0 5 3 3 1 3 4 3 2 5 5 5 4 2 1 5 5 4 0 0 2 2 4 5 5 2
2 4 5 0 5 3 2 3 0 5 0 3 0 3 0 0 0 2 2 2 0 2 4 4 5 3 0 1 4 0 0 1 2 2 1 5
2 0 2 5 4 3 1 4 5 5 4 3 2 4 1 4 5 4 5 1 3 1 1 2 4 3 5 4 5 1 0 4 4 2 5 5
2 0 2 1 3 5 5 3 0 2 5 5 3 2 0 3 0 1 4 1 3 5 1 0 1 4 3 2 4 1 0 0 3 3 2 2
2 3 1 2 5 5 1 5 0 3 3 4 2 2 4 0 2 4 0 5 4 0 2 5 3 5 2 4 5 3 2 1 0 3 4 4
2 2 0 4 4 0 1 0 2 3 5 0 0 0 3 4 0 2 5 1 5 1 3 1 3 5 5 4 3 1 3 3 0 0 1 1
2 2 4 2 2 5 3 3 3 1 1 3 4 3 0 0 2 4 3 5 2 0 0 2 1 5 2 5 1 4 0 2 5 4 0 3
2 1 0 0 1 0 5 4 2 3 2 3 5 2 1 3 2 1 2 3 2 3 5 2 0 4 5 4 4 3 3 2 3 3 0 0
3 0 6 3 3 0 5 2 4 5 2 0 4 5 4 5 1 5 0 2 1 2 0 2 0 2 3 3 1 4 1 4 3 3 6 3
3 5 0 1 5 3 3 5 5 1 4 1 4 5 3 4 0 0 3 1 4 3 1 2 2 0 5 2 0 0 3 5 0 1 0 3
3 4 6 0 3 0 0 5 3 3 0 6 1 5 2 2 5 3 5 4 4 0 0 1 4 5 2 0 5 0 3 5 3 3 1 6
3 0 1 3 0 5 5 4 3 6 4 4 6 1 3 0 1 1 5 5 4 3 4 4 0 3 3 0 6 4 2 6 3 1 5 0
3 0 2 2 5 0 2 6 4 2 2 2 5 3 2 3 0 5 4 2 2 0 5 4 2 5 2 6 6 5 2 6 2 5 0 6
3 5 1 3 0 5 0 2 4 3 0 2 2 0 0 2 6 4 0 1 0 0 5 0 6 0 6 2 0 6 2 0 6 4 3 4
3 1 1 0 2 3 3 0 0 2 4 4 4 0 0 0 1 5 2 3 4 1 1 6 4 4 2 1 0 3 4 3 2 4 0 3
3 3 5 0 0 5 6 2 0 5 2 1 1 5 6 4 3 2 0 2 3 2 2 6 2 0 4 6 2 5 2 4 0 4 0 4
3 3 2 4 1 4 5 2 4 0 6 1 4 6 4 0 6 5 0 4 1 4 4 0 0 2 5 4 5 3 4 0 5 1 0 2
3 1 0 0 3 3 4 2 3 1 0 3 1 1 6 5 2 0 4 1 0 3 3 2 5 4 6 0 0 2 1 1 2 2 6 3
3 0 3 2 0 3 2 2 4 1 3 0 6 2 3 3 6 4 2 4 2 3 4 4 3 0 5 4 3 3 4 0 1 3 5 4
3 1 5 3 6 1 0 3 0 1 2 5 0 1 0 2 1 5 2 1 0 2 5 4 5 0 0 1 5 1 6 2 2 4 5 5
3 6 6 4 4 0 2 3 1 3 3 3 5 0 6 1 1 4 4 6 3 6 2 0 1 6 1 1 0 0 4 0 6 3 1 0
3 6 4 2 4 0 1 5 4 3 2 2 2 0 0 0 3 2 3 4 5 0 4 1 4 1 4 6 6 3 6 0 2 1 4 5
3 4 3 4 4 3 1 1 4 1 0 5 4 4 0 0 6 1 2 2 6 1 2 5 2 1 5 3 4 0 2 0 4 1 5 4
3 3 4 5 5 5 3 5 1 1 2 5 6 0 4 3 0 3 5 4 0 0 4 5 1 0 4 4 4 5 0 1 0 1 0 0
3 2 6 5 4 4 6 3 4 3 1 4 3 2 5 1 6 0 0 6 0 3 0 1 1 1 4 3 3 4 3 0 0 5 2 0
3 6 1 2 5 6 0 3 1 4 0 0 3 0 2 0 3 2 0 1 2 1 1 1 1 1 4 6 1 5 4 0 3 4 5 0
3 1 3 1 0 2 4 4 5 1 1 1 4 2 0 1 1 4 3 0 2 4 1 0 5 5 1 1 4 6 1 0 3 4 1 1
3 5 3 1 2 3 6 0 1 5 2 3 3 5 2 4 2 2 6 5 0 0 2 1 1 2 3 3 3 2 3 2 3 0 4 2
3 5 5 6 6 5 1 1 4 3 6 5 3 4 5 1 5 4 4 5 4 0 1 3 2 2 0 4 1 1 2 2 1 3 4 5
3 2 4 0 5 3 0 4 5 6 2 2 3 5 5 2 1 2 3 4 1 0 0 2 4 4 0 1 2 0 0 2 5 3 1 2
3 3 1 1 0 6 4 1 4 5 2 6 0 5 6 0 3 2 5 1 0 4 5 0 4 4 1 2 4 3 0 1 1 3 0 5
3 2 4 6 2 4 1 2 2 1 3 2 6 4 3 4 1 5 4 2 2 2 6 1 0 1 1 6 1 2 2 1 4 2 1 4
3 3 0 1 3 5 5 5 6 5 4 1 2 4 1 6 6 3 1 2 4 3 4 5 1 0 4 1 2 1 2 5 2 2 6 6
3 6 0 6 5 0 6 2 2 4 5 1 3 3 1 0 5 0 1 0 3 4 5 3 4 3 0 6 5 2 3 6 5 3 2 3
3 5 5 4 5 3 4 1 1 4 2 5 4 0 3 0 2 4 4 2 2 4 0 2 4 4 5 0 0 0 2 0 4 5 2 0
3 4 3 5 0 4 6 0 2 3 2 4 4 4 5 1 3 0 1 2 6 6 2 4 0 0 2 5 0 5 4 2 1 4 5 6
3 3 5 1 1 6 3 5 5 1 4 4 2 4 4 2 1 2 4 4 4 2 0 0 1 3 3 1 0 0 2 4 4 6 0 5
3 3 3 5 3 0 5 4 4 3 0 3 0 5 4 4 2 2 5 2 1 4 2 2 3 4 2 2 4 3 0 0 5 5 5 2
3 5 2 1 1 1 4 2 3 0 5 4 1 2 5 1 3 2 2 3 1 3 2 4 2 5 6 1 6 4 1 0 2 0 2 1
3 4 4 1 2 0 1 3 5 6 6 3 3 3 1 2 1 6 2 4 3 0 3 5 1 1 3 2 3 5 3 4 0 2 4 0
3 1 1 4 5 2 1 6 6 6 1 3 5 5 0 4 3 4 0 5 6 3 3 0 2 3 3 6 3 3 6 6 5 0 1 2
3 0 1 1 0 3 3 6 4 4 0 2 2 1 4 2 2 6 6 3 3 2 4 2 4 1 1 6 6 2 1 4 3 5 0 0
3 2 3 4 2 0 0 3 4 5 4 5 3 2 2 5 3 6 6 2 3 1 1 3 1 1 6 1 1 4 6 6 3 5 2 0
4 0 3 2 3 0 2 4 1 2 1 1 2 1 1 4 3 0 3 1 1 3 1 0 0 4 2 1 0 2 2 4 3 3 2 1
4 2 0 2 4 1 0 0 2 4 2 1 4 1 4 0 4 3 0 1 0 3 3 0 1 0 3 1 2 1 3 3 4 3 4 1
4 3 4 0 1 1 3 3 0 1 2 1 0 0 1 0 1 3 3 1 1 3 1 3 2 3 3 2 2 0 1 1 1 3 0 4
4 1 3 3 0 1 2 0 2 4 0 4 0 4 1 1 3 1 0 1 2 2 4 3 4 3 3 0 2 0 2 2 3 1 3 0
4 1 3 1 0 0 4 3 4 0 2 4 3 3 4 1 3 1 3 1 3 2 0 1 0 0 3 0 2 1 1 2 0 4 4 3
4 1 0 4 3 3 0 2 4 0 2 2 1 1 3 0 0 2 2 3 3 1 2 1 2 2 0 3 3 0 4 3 3 0 0 3
4 1 3 1 2 1 4 0 1 3 1 4 2 3 3 3 1 4 3 3 4 0 4 1 0 4 3 1 4 4 3 1 2 1 2 2
4 1 4 4 3 1 4 4 0 0 2 3 0 3 3 3 3 2 0 4 1 1 4 2 4 1 3 0 3 4 2 2 3 3 0 0
4 1 4 0 4 3 0 2 2 0 1 4 3 0 3 1 0 2 1 2 2 4 1 2 1 0 4 1 1 2 1 3 0 3 1 0
4 1 3 3 3 1 0 1 0 1 0 3 2 3 3 1 0 2 2 2 2 1 3 4 2 0 3 3 0 1 3 3 1 1 0 0
4 0 4 1 3 0 1 3 3 2 2 0 2 0 0 3 0 1 1 2 4 2 2 3 3 4 4 4 4 1 3 0 1 2 3 1
4 3 2 3 4 4 1 2 4 2 1 1 0 3 4 2 2 3 3 3 0 1 1 0 3 0 2 3 3 1 1 1 2 0 4 0
4 0 0 4 0 3 2 2 2 2 0 0 4 0 3 2 3 0 2 1 3 0 0 2 1 0 1 1 2 0 4 1 3 0 4 2
4 1 3 2 3 4 2 0 3 0 3 0 0 4 0 3 2 2 0 1 1 1 3 4 3 1 1 2 4 3 3 2 1 0 0 3
4 4 3 0 3 0 2 1 1 3 3 4 2 1 0 0 2 0 3 2 4 0 2 1 1 4 4 0 3 1 0 1 3 4 1 0
4 3 2 2 4 2 3 0 0 1 2 3 0 0 3 2 0 2 3 3 0 0 1 0 3 2 0 0 1 3 4 2 1 3 1 0
4 1 0 4 1 0 2 4 3 2 0 4 4 4 3 1 3 0 1 2 1 4 4 0 1 1 3 0 3 2 0 2 1 1 0 1
4 2 0 0 1 2 1 0 2 1 2 4 2 1 0 1 4 3 0 1 4 4 3 3 3 1 0 4 3 3 0 0 4 4 3 1
4 2 1 0 4 2 4 3 1 0 0 4 4 4 3 4 4 0 4 0 2 1 4 4 2 1 3 4 0 0 2 3 0 0 3 2
4 1 0 0 4 0 1 0 2 0 0 4 0 3 0 0 2 4 3 2 0 1 2 1 4 3 0 0 3 3 4 4 2 0 2 4
4 4 2 3 0 1 1 0 3 1 1 3 1 4 3 1 3 3 4 0 3 0 1 3 4 4 1 1 4 2 0 4 3 4 3 2
4 4 2 1 2 0 4 1 1 3 3 2 1 2 4 4 4 0 0 3 4 3 0 1 3 1 1 2 4 2 0 3 1 1 2 0
4 2 1 1 0 0 1 3 4 0 1 4 2 2 2 0 3 4 2 0 0 1 1 0 2 1 3 1 4 3 4 1 2 1 3 0
4 4 4 0 0 1 1 1 1 4 2 3 0 1 2 4 4 0 2 2 1 2 0 3 0 2 0 2 4 2 1 0 3 4 3 1
4 3 4 2 0 4 1 4 2 4 4 2 4 2 3 0 4 0 3 3 0 2 0 1 4 0 4 2 4 2 4 3 4 1 0 2
4 3 3 4 0 4 3 1 4 0 1 3 0 1 0 2 4 3 1 3 2 3 4 1 4 1 0 0 2 2 1 4 0 1 0 1
4 3 0 3 0 0 2 3 0 4 3 3 3 3 2 4 3 2 0 4 2 4 4 3 0 4 0 0 1 0 3 3 4 1 1 0
4 3 1 2 1 1 3 0 2 0 4 0 4 3 1 4 3 0 0 0 4 2 0 0 1 3 2 0 0 0 3 1 2 4 3 0
4 2 0 1 1 0 0 2 2 2 1 1 2 2 1 2 1 0 1 2 0 3 2 2 2 3 1 0 0 0 3 3 3 1 0 3
4 1 0 1 0 1 4 4 0 3 0 2 2 3 0 3 2 1 3 4 0 1 3 4 2 4 0 2 3 1 0 0 1 2 4 0
4 2 4 2 2 2 2 0 1 2 3 2 4 1 3 2 0 2 0 1 2 0 2 0 4 2 2 1 0 0 2 0 4 3 0 4
4 1 4 1 3 4 1 0 2 4 1 0 3 4 1 1 2 1 1 4 3 2 2 0 3 2 1 1 1 1 3 1 0 2 1 1
4 3 1 4 4 3 2 2 0 1 3 4 4 3 0 4 2 2 1 2 2 1 2 4 2 3 1 3 0 2 2 0 0 0 1 4
4 1 3 4 1 3 4 1 4 2 4 0 1 2 2 4 2 3 2 3 0 0 3 3 3 1 3 4 2 1 2 2 2 2 0 1
4 1 3 0 2 1 4 3 3 4 4 2 0 4 1 1 2 1 4 2 3 2 2 3 3 2 0 4 3 4 1 2 3 0 1 0
5 0 6 7 1 9 1 4 4 4 0 6 4 2 5 2 6 8 5 8 5 5 2 3 7 1 4 3 0 3 2 0 1 0 1 5
5 2 0 8 1 7 3 9 5 6 2 7 9 0 8 1 5 5 7 8 2 7 3 4 8 9 0 8 3 3 5 7 6 2 7 8
5 2 4 0 4 0 8 5 0 8 5 9 3 6 7 4 2 2 3 5 6 5 7 6 9 4 1 3 0 3 7 5 3 0 5 2
5 4 0 2 0 2 9 8 0 1 5 1 3 8 6 8 2 0 1 3 9 2 7 5 8 6 6 0 6 0 9 7 7 1 4 3
5 2 8 4 7 0 8 2 2 3 5 2 1 3 2 6 2 7 8 5 8 0 6 4 7 0 0 5 3 0 9 0 3 3 5 3
5 4 7 2 2 8 0 3 6 3 1 4 9 2 2 7 5 2 5 5 5 2 2 0 4 3 6 7 2 8 7 4 2 2 8 2
5 5 5 1 2 1 2 0 8 6 3 2 6 4 8 9 3 8 0 2 2 3 8 6 2 6 4 4 5 5 2 4 7 0 5 0
5 8 6 5 8 5 1 8 0 4 1 8 5 4 5 7 5 6 0 9 8 0 8 0 7 3 2 6 8 8 0 3 7 1 5 7
5 4 0 3 2 9 6 8 8 0 0 0 7 5 7 1 0 2 6 1 2 3 6 2 2 4 0 1 6 1 1 1 7 8 8 5
5 6 0 8 6 0 4 0 5 7 0 1 2 1 0 1 6 8 3 5 3 7 5 1 5 4 8 2 0 2 5 1 8 3 3 4
5 0 7 1 5 1 7 5 0 4 4 0 1 5 6 8 5 0 0 3 0 0 0 5 9 0 8 2 3 7 2 1 1 2 3 8
5 7 8 0 8 0 6 4 4 5 1 7 0 1 4 1 5 0 7 7 3 4 0 4 0 7 5 2 2 5 3 1 7 3 5 2
5 4 0 2 3 7 8 2 6 5 8 0 7 0 8 4 9 8 0 2 7 5 5 8 3 2 6 1 7 0 3 5 2 7 1 6
5 3 4 5 3 4 2 7 9 2 8 3 3 4 0 9 5 6 5 3 0 2 3 5 5 6 9 3 5 0 0 6 0 9 2 0
5 5 5 2 5 3 1 2 2 6 4 5 2 6 4 0 3 2 7 7 4 4 3 6 6 6 0 9 4 7 6 4 7 8 6 1
5 2 0 9 5 7 0 8 8 6 0 3 5 6 1 0 0 0 6 2 5 3 6 2 5 3 1 5 0 6 8 0 1 7 2 2
5 3 8 9 0 3 6 9 5 2 2 1 8 6 2 2 3 0 5 9 5 0 5 3 4 7 0 3 3 1 7 0 5 8 7 4
5 5 6 1 0 1 5 8 4 0 3 4 3 5 3 9 1 7 0 7 6 4 4 1 1 1 4 7 4 5 7 0 3 2 8 7
5 5 2 2 5 7 7 7 5 0 1 0 7 2 8 2 6 1 5 0 2 9 0 7 1 4 0 1 8 5 6 2 0 1 4 7
5 4 4 3 4 1 7 5 3 6 1 8 5 6 5 8 7 1 5 4 0 4 2 3 2 9 5 4 8 8 5 5 0 3 1 8
5 3 6 6 2 5 3 6 5 6 4 4 4 1 4 8 8 4 3 4 6 0 0 6 7 6 5 8 7 0 0 6 6 5 7 6
5 4 8 7 0 3 1 3 4 5 8 0 2 5 3 2 4 0 3 7 7 0 0 8 4 8 5 8 1 2 6 0 4 4 9 7
5 0 5 5 7 7 6 1 3 0 4 0 9 3 0 8 2 0 1 3 2 0 8 0 0 7 5 7 1 3 4 1 2 2 1 3
5 2 4 0 9 9 3 1 3 2 4 0 3 5 5 0 6 2 4 7 6 6 3 2 0 5 4 8 6 9 1 6 0 1 5 8
5 6 7 1 6 4 3 2 8 9 5 8 4 2 8 2 7 3 0 7 1 2 3 3 7 0 5 1 5 0 4 6 1 3 9 2
5 3 2 3 8 4 3 8 3 1 7 0 0 5 1 5 5 6 7 6 8 0 4 6 1 5 0 8 4 5 6 9 1 6 1 1
5 5 9 5 6 9 4 4 3 0 0 3 6 8 2 2 1 7 6 6 0 2 3 4 2 4 8 0 3 4 0 5 0 1 8 5
5 3 0 1 6 5 8 6 3 8 8 1 2 5 9 3 4 7 0 7 0 6 8 1 3 1 2 6 0 2 9 4 6 8 1 2
5 8 5 8 7 4 1 8 1 7 0 4 4 3 3 3 4 3 3 3 7 8 8 9 1 3 0 9 7 0 7 2 8 6 8 7
5 7 5 0 4 2 0 6 0 7 7 1 0 3 1 2 2 3 0 8 9 9 1 3 1 5 2 7 1 8 0 6 6 8 7 8
5 2 1 3 7 4 2 2 2 2 2 8 0 8 0 3 8 1 3 3 1 7 0 6 6 1 2 7 4 4 8 0 2 6 1 1
5 1 0 1 4 5 0 0 7 4 1 3 9 2 4 0 8 7 8 2 7 2 3 7 5 5 0 8 1 8 2 9 0 2 3 4
5 7 9 8 3 8 3 0 0 4 4 7 0 1 7 2 4 4 8 6 6 2 0 1 6 1 7 8 1 2 3 1 4 0 7 3
5 4 0 1 9 1 0 8 2 9 7 1 1 7 6 4 9 0 1 3 0 5 1 0 6 6 0 4 5 2 7 2 1 0 0 4
5 4 8 4 7 3 2 5 9 7 0 1 1 7 4 7 6 2 4 8 5 2 1 1 6 6 9 9 7 7 4 4 1 1 9 0
6 0 4 2 5 3 3 5 2 3 2 3 5 5 0 3 6 2 5 0 4 5 3 4 6 3 4 0 1 2 5 5 2 0 3 5
6 4 0 6 4 3 6 0 2 5 3 0 4 3 1 5 4 2 0 4 6 5 5 5 5 0 2 1 3 3 2 1 3 6 4 0
6 1 3 0 3 2 5 4 6 2 0 6 3 2 4 0 5 0 3 4 2 5 3 2 6 1 1 0 1 2 6 2 2 6 3 6
6 2 5 0 0 1 5 4 5 1 2 5 6 2 1 4 3 1 6 0 4 6 2 6 0 6 3 2 4 1 2 4 4 4 0 0
6 2 1 6 2 0 0 2 1 2 1 5 5 5 0 0 1 2 4 5 2 0 3 3 0 1 4 5 1 6 5 3 2 5 3 0
6 1 4 3 2 3 0 6 1 4 6 6 1 5 6 2 0 5 1 5 5 0 0 1 4 1 4 0 5 0 3 4 5 0 1 5
6 6 4 2 0 6 1 0 5 5 2 1 3 2 3 3 5 3 3 0 0 3 2 5 6 0 6 2 6 6 5 1 6 4 3 3
6 4 1 6 2 1 6 4 0 2 5 6 4 4 5 0 2 2 2 5 2 5 0 5 3 1 4 5 2 4 1 4 4 1 4 5
6 0 0 0 4 2 1 1 1 0 1 6 1 0 4 1 1 6 0 1 3 3 2 0 5 0 0 4 0 5 2 5 4 2 2 1
6 1 2 0 3 3 0 3 5 0 0 6 2 0 0 1 3 2 6 2 0 4 3 5 0 1 6 1 0 0 2 5 0 3 6 5
6 4 4 0 4 5 2 4 1 1 0 0 3 4 5 4 3 4 5 1 5 3 1 4 3 1 2 5 6 4 2 6 0 3 2 5
6 0 1 5 4 1 5 5 6 3 0 2 0 0 3 5 4 0 3 3 2 3 0 1 6 0 2 2 4 3 0 4 3 2 3 5
6 5 0 1 4 4 2 6 1 3 3 2 4 0 3 3 3 2 2 4 6 4 4 5 0 1 2 4 0 2 1 5 0 3 5 5
6 4 6 5 2 3 5 3 0 3 1 5 1 2 0 5 6 4 4 3 1 3 0 4 5 0 5 2 1 2 4 3 2 2 6 3
6 4 3 5 5 1 5 1 4 4 0 1 4 6 2 0 1 2 3 1 3 6 5 2 0 5 2 6 3 3 3 1 2 6 0 3
6 4 2 0 4 2 1 4 2 5 5 4 3 6 5 5 0 3 0 6 5 1 0 1 3 5 1 1 1 4 3 0 4 5 5 4
6 3 1 2 6 4 1 5 0 2 5 4 1 1 3 4 0 0 1 4 2 0 6 5 5 0 2 4 3 3 4 5 5 2 3 5
6 4 0 4 2 4 5 6 6 3 1 6 0 3 5 4 2 0 0 4 6 3 3 0 6 5 6 0 4 0 4 5 3 4 4 4
6 2 6 5 1 0 6 5 0 4 2 5 6 1 4 1 1 0 1 0 0 2 5 5 5 2 6 0 4 2 2 6 1 5 5 4
6 0 4 1 1 6 2 4 3 5 4 0 4 6 4 4 4 3 5 0 0 0 1 6 0 1 3 3 4 3 4 5 4 0 2 0
6 1 2 5 6 3 3 5 5 2 5 1 3 6 3 2 6 4 6 3 1 0 2 3 2 0 3 3 3 6 2 5 1 1 6 0
6 4 4 1 3 1 5 4 0 0 3 5 4 3 4 3 3 3 1 1 4 0 0 4 3 0 5 6 2 5 5 4 2 1 4 4
6 2 1 0 6 5 4 2 1 6 3 2 2 5 4 0 0 4 2 2 2 6 6 0 6 6 6 0 5 4 1 5 4 4 0 4
6 6 3 2 4 1 1 4 1 4 3 1 4 4 5 4 0 2 1 3 6 1 4 3 0 2 2 3 5 2 3 2 2 0 1 5
6 4 0 3 2 3 1 1 4 1 2 0 3 0 4 5 4 6 6 3 0 5 0 6 3 0 0 2 5 2 5 0 4 4 5 6
6 2 3 2 1 1 1 0 3 4 4 5 4 2 2 5 0 3 5 4 0 1 6 2 4 0 0 1 0 0 4 4 5 4 6 2
6 6 2 3 0 2 2 5 3 5 5 5 5 4 0 5 6 4 2 3 2 4 5 4 1 2 5 0 0 4 0 1 4 1 3 5
6 4 4 3 3 2 4 3 2 0 5 3 5 0 6 6 0 0 6 3 5 5 1 5 1 4 3 6 0 0 2 5 5 5 5 4
6 0 2 6 5 3 3 3 0 6 5 5 0 2 6 4 2 5 1 4 5 3 1 0 0 1 3 5 6 0 5 6 4 4 6 1
6 3 5 3 6 2 2 4 4 4 4 2 5 3 2 2 6 1 0 4 3 2 5 4 1 1 1 0 1 5 0 4 4 5 6 4
6 5 0 0 2 1 4 3 1 2 3 3 6 2 3 4 0 3 3 1 4 4 1 3 3 0 3 3 5 1 6 0 5 5 4 5
6 5 3 0 0 2 2 2 3 4 0 1 3 4 6 1 4 0 1 6 3 5 4 6 1 2 3 0 1 2 1 0 0 2 2 2
6 0 3 5 5 0 3 3 6 2 5 4 4 3 5 5 5 0 1 2 3 1 0 0 6 4 5 3 0 3 1 3 1 0 6 6
6 6 2 2 1 1 2 1 3 0 1 0 1 5 1 6 4 6 4 6 4 3 0 5 6 5 4 5 0 1 2 6 1 4 0 6
6 1 6 6 0 2 0 3 1 0 6 5 1 0 6 2 1 0 3 3 3 4 5 4 2 6 5 6 5 1 1 3 4 6 4 0
7 0 1 0 0 1 1 0 5 2 4 2 1 3 4 3 0 5 3 3 1 1 3 2 3 1 3 4 3 1 5 3 0 2 0 2
7 1 0 2 5 0 3 1 1 4 5 0 1 1 0 1 0 4 3 0 0 1 0 1 2 3 1 3 1 4 3 5 2 3 3 4
7 2 3 0 2 0 1 2 1 1 0 1 5 1 1 1 2 5 5 5 5 5 5 0 3 4 2 5 2 2 0 0 4 5 3 3
7 3 3 0 0 1 1 2 5 3 4 4 3 5 1 4 0 0 2 3 3 0 2 0 0 2 0 0 1 3 1 0 5 0 2 4
7 5 1 1 5 0 4 4 1 4 0 0 5 4 1 1 0 2 0 0 3 2 0 4 5 3 0 2 1 0 3 0 1 5 5 3
7 1 2 5 3 2 0 4 1 0 3 4 2 2 5 0 2 4 5 4 4 4 4 1 5 0 3 0 4 4 3 1 4 5 5 1
7 0 4 2 4 0 1 0 4 1 1 2 2 1 2 1 0 2 1 3 0 0 5 2 4 2 4 2 0 4 4 5 3 1 1 2
7 0 5 2 4 0 1 2 0 0 1 0 4 2 0 5 1 4 1 5 0 4 4 1 2 5 0 0 4 4 5 1 0 0 4 0
7 4 3 3 3 2 3 2 3 0 3 3 2 4 0 5 5 3 3 1 0 0 5 4 3 4 4 1 5 1 3 3 0 0 3 0
7 1 4 2 1 3 1 5 2 5 0 1 3 4 0 5 3 1 2 5 1 3 0 5 4 2 2 4 3 3 0 3 2 1 2 4
7 0 3 1 0 4 1 2 3 4 3 0 4 1 5 4 5 0 1 0 4 4 2 4 4 0 3 4 0 4 3 1 0 2 5 3
7 3 0 0 4 0 1 4 3 5 0 4 0 1 0 1 3 4 1 5 1 0 1 0 0 0 2 1 5 2 4 2 2 4 3 1
7 5 5 5 0 3 5 2 1 0 1 3 1 0 5 1 3 0 0 1 2 1 4 4 0 3 3 0 0 4 3 1 3 0 1 0
7 2 2 0 3 1 4 4 3 0 1 2 1 2 0 5 1 1 3 0 4 0 2 0 5 3 0 5 2 1 2 2 2 4 0 5
7 2 3 3 0 0 5 2 1 3 1 1 1 0 3 0 0 3 0 4 2 3 0 5 4 2 5 1 4 2 3 0 4 3 5 5
7 4 2 2 2 4 0 1 5 5 4 3 0 2 1 1 0 5 5 4 5 0 5 0 3 2 0 2 0 0 2 4 0 1 5 3
7 4 1 1 1 3 4 2 5 3 0 3 5 2 0 4 4 0 5 0 0 3 0 4 2 1 4 3 1 4 0 0 0 1 5 3
7 0 0 1 2 5 0 1 4 3 1 3 4 3 0 0 3 3 0 5 2 5 5 4 1 0 1 3 0 2 5 5 0 0 1 0
7 0 0 1 3 4 5 4 2 1 4 5 0 1 3 0 2 3 3 0 5 0 1 3 4 0 2 3 4 3 3 5 2 4 3 3
7 0 5 5 4 0 4 5 2 2 3 5 4 4 2 1 0 0 0 2 0 3 4 0 3 5 3 2 0 2 5 2 2 1 5 5
7 4 5 4 4 0 5 3 5 3 3 2 2 2 2 4 1 5 5 2 0 0 2 0 3 4 2 4 4 0 3 4 4 3 5 4
7 0 5 5 3 2 2 2 5 3 4 5 0 1 1 4 5 0 0 5 0 1 0 0 4 1 0 1 2 4 0 2 5 5 0 2
7 0 3 3 4 3 2 3 0 3 2 0 5 3 2 3 1 0 5 3 3 3 1 0 4 2 3 5 0 2 0 4 1 1 1 1
7 1 0 1 1 5 4 0 2 5 3 5 1 5 3 4 3 0 4 5 1 4 0 2 0 0 3 2 1 3 3 5 5 3 5 1
7 1 4 3 4 3 0 0 2 1 3 4 5 4 2 4 2 1 4 4 0 3 2 1 3 0 5 1 3 0 1 2 2 1 4 4
7 5 3 2 4 5 2 4 3 3 2 5 2 0 5 1 5 3 4 5 0 2 4 2 5 3 0 4 4 2 3 3 1 4 5 2
7 5 0 3 4 5 5 1 0 3 3 2 4 1 1 5 1 1 1 2 1 3 5 0 0 1 3 0 2 3 4 0 1 3 4 3
7 4 0 1 1 2 4 2 4 1 1 2 4 0 1 4 5 2 3 5 5 4 5 1 3 3 2 3 0 3 2 3 2 3 2 3
7 5 4 4 1 0 5 5 0 4 5 1 3 0 1 4 0 4 4 3 3 5 0 1 4 1 1 1 3 0 4 0 4 3 0 5
7 0 0 3 4 2 5 4 1 0 4 2 1 2 2 3 1 1 2 2 2 0 1 0 0 4 5 2 2 0 0 4 2 0 0 1
7 3 5 1 2 5 3 5 4 4 3 0 0 3 5 4 0 2 0 5 3 4 1 1 5 0 3 4 1 2 5 0 1 3 0 1
7 0 0 4 4 5 5 2 4 2 3 0 5 1 1 2 0 5 0 0 2 1 3 3 0 3 3 0 3 2 4 0 0 2 5 2
7 2 5 1 1 0 5 4 4 3 4 0 0 0 5 5 5 4 4 2 4 2 2 2 4 5 5 4 4 0 5 5 0 0 0 0
7 4 1 0 3 4 0 4 1 3 3 3 4 0 1 5 3 2 0 1 0 2 4 0 2 0 1 1 2 2 0 3 0 4 0 4
7 1 3 5 3 3 1 2 1 1 1 4 5 1 1 4 2 3 1 4 2 4 4 3 3 0 4 2 1 4 2 4 3 3 4 0
8 0 2 3 2 4 2 1 3 0 2 0 0 2 2 3 3 4 2 4 4 0 2 3 2 2 2 3 3 3 1 0 2 3 1 0
8 3 0 1 1 4 1 1 3 3 3 3 4 2 2 2 3 2 0 3 1 1 1 4 1 2 2 0 2 4 2 1 4 1 4 2
8 1 0 0 3 1 0 0 3 4 3 1 2 0 2 2 4 1 3 1 2 1 1 1 2 4 1 2 1 0 2 2 2 3 3 2
8 2 0 2 0 4 3 2 4 2 3 1 2 0 3 2 4 1 1 2 4 2 4 2 1 2 4 1 4 1 2 0 3 1 2 1
8 3 4 1 4 0 1 4 3 3 2 4 1 1 2 3 0 0 1 1 4 0 2 0 3 0 4 2 0 2 3 4 4 0 0 0
8 1 3 2 1 1 0 0 3 1 0 4 3 0 0 2 3 4 3 2 3 3 4 4 0 1 4 1 2 4 1 1 3 2 2 3
8 3 1 4 1 4 0 0 3 4 2 1 4 2 0 2 4 3 3 4 2 4 4 1 1 2 0 2 4 3 1 3 1 4 0 0
8 1 4 2 3 1 0 1 0 4 1 0 0 1 4 2 1 4 2 3 3 0 4 0 2 4 3 1 0 3 2 2 0 2 0 0
8 0 2 2 2 2 4 3 4 0 1 1 1 3 1 2 3 3 1 2 2 1 0 3 4 3 2 0 2 0 2 1 1 2 1 3
8 0 0 1 3 0 4 2 2 1 0 2 2 1 3 2 4 1 1 3 3 3 3 2 1 3 4 3 2 0 0 3 1 1 3 4
8 0 3 0 2 4 4 2 1 2 0 0 0 2 3 3 0 3 2 2 3 3 0 2 1 2 2 3 1 0 2 0 0 1 1 4
8 2 3 2 4 0 4 4 3 4 2 2 0 0 3 4 0 2 3 0 0 0 0 1 1 3 3 2 0 3 4 2 1 4 4 3
8 0 3 0 1 4 2 4 2 4 1 3 1 0 0 4 4 2 2 0 3 0 1 3 1 1 2 2 0 3 0 4 2 3 2 1
8 0 2 2 0 1 1 0 1 3 0 1 1 3 0 1 1 1 3 0 4 2 2 0 2 4 3 3 1 3 4 3 2 2 4 2
8 4 4 4 4 2 3 2 1 2 3 0 3 0 3 0 4 1 3 2 3 3 3 2 0 4 3 3 3 2 3 1 4 2 2 1
8 4 2 3 0 1 3 1 2 2 1 2 3 2 2 0 0 3 0 4 3 2 4 2 3 4 2 4 1 4 4 4 2 3 3 2
8 3 1 0 1 1 3 3 0 0 3 0 2 1 1 3 1 0 4 0 3 0 3 0 4 0 3 4 3 3 2 3 4 0 4 4
8 2 2 2 0 2 1 3 4 2 1 3 4 4 4 2 3 3 0 4 4 0 2 3 1 2 1 1 3 3 3 1 0 1 1 1
8 2 0 3 1 2 1 1 1 4 4 2 1 2 3 2 4 0 1 0 0 1 0 3 1 1 0 1 2 4 2 1 1 0 1 2
8 4 1 4 1 2 0 1 1 0 0 0 3 1 1 3 3 1 1 1 0 3 0 4 3 3 0 4 1 2 1 2 0 3 4 3
8 1 3 3 2 3 4 1 1 2 3 4 2 2 0 4 2 0 0 1 3 0 0 4 0 4 0 1 4 3 0 4 4 2 4 0
8 0 2 1 3 0 0 4 3 2 1 0 1 4 1 0 3 1 0 0 0 1 0 0 3 4 4 4 0 1 4 0 3 0 2 2
8 0 3 0 0 1 4 4 3 3 4 1 1 1 0 3 0 1 3 4 2 0 1 0 2 3 2 4 3 4 3 0 3 3 3 1
8 3 0 3 1 1 2 3 2 0 2 1 2 1 3 0 1 3 4 1 1 3 1 3 0 1 2 3 0 3 4 2 3 2 2 3
8 2 2 4 3 1 2 1 0 1 3 4 1 3 1 1 1 1 1 0 2 4 2 4 2 0 1 4 2 2 3 4 1 0 4 2
8 1 1 1 1 2 0 1 1 1 2 3 1 1 3 0 0 3 1 1 3 0 0 0 1 0 0 3 1 1 1 4 1 3 0 2
8 4 0 1 2 1 4 3 0 2 3 3 2 2 0 0 2 1 2 3 0 3 4 1 1 4 2 0 1 2 1 3 0 4 1 3
8 2 1 1 0 1 2 0 2 1 2 2 3 3 1 4 2 2 3 4 1 0 0 1 4 2 1 0 0 0 0 4 2 0 4 1
8 3 4 3 4 3 3 4 2 2 2 3 1 3 3 1 0 0 0 1 1 1 2 4 3 2 1 1 3 0 2 0 2 2 2 3
8 1 0 3 4 0 1 3 3 1 3 1 2 1 4 0 3 1 2 3 4 4 1 2 1 4 0 3 2 0 0 2 4 0 1 4
8 2 0 0 1 3 3 1 1 1 1 1 3 2 2 0 3 4 1 0 1 1 1 0 2 1 4 4 0 2 0 0 0 4 4 4
8 3 3 0 4 1 2 4 2 1 1 0 2 0 0 2 3 3 4 0 2 4 0 2 1 1 2 3 3 3 3 2 0 0 0 2
8 3 3 1 0 2 3 3 3 4 2 0 4 0 3 0 4 0 2 3 1 0 3 2 4 0 0 1 2 4 1 3 3 0 0 4
8 3 3 4 4 0 1 3 0 0 2 4 0 3 2 0 4 2 0 3 3 0 3 1 1 3 1 0 2 2 4 0 0 2 0 1
8 1 3 2 3 1 2 0 3 3 1 3 2 2 1 4 2 3 0 1 4 3 3 1 0 2 3 4 2 3 3 2 3 3 3 0
9 0 11 8 3 4 10 1 2 8 9 4 6 2 6 6 6 6 10 5 10 3 0 3 2 8 8 3 1 8 5 6 8 9 4 6
9 7 0 11 3 8 6 7 9 8 1 10 9 0 1 1 1 5 2 4 8 3 1 0 9 7 9 6 9 0 10 7 1 2 10 2
9 10 5 0 3 0 6 0 6 10 7 8 5 10 3 11 3 8 9 5 10 8 2 1 8 5 7 2 6 0 5 0 2 1 8 9
9 6 0 5 0 7 3 2 6 5 2 3 5 0 8 9 3 6 8 10 6 3 1 0 2 6 0 4 0 8 6 8 7 2 4 9
9 10 3 1 1 0 7 4 3 8 8 7 0 2 2 8 2 9 2 3 3 6 3 0 7 4 5 11 6 4 6 10 4 7 10 6
9 8 3 1 7 4 0 2 10 7 4 6 8 7 2 6 0 1 10 4 10 1 8 10 5 7 1 10 7 1 10 7 3 7 7 2
9 3 1 7 5 0 6 0 6 0 10 10 3 4 3 5 4 2 1 8 5 6 4 9 3 1 1 0 3 10 4 9 2 10 6 2
9 4 4 3 2 2 4 0 0 1 4 5 7 7 10 10 7 3 2 10 2 6 8 5 9 1 1 0 1 6 2 3 0 10 0 3
9 2 8 0 2 7 3 6 7 0 9 9 10 5 3 0 8 7 8 9 3 6 4 10 3 1 9 8 1 7 3 0 2 1 3 1
9 3 7 0 0 5 8 0 5 1 0 7 4 9 1 1 9 8 8 5 7 6 3 7 9 1 9 2 1 10 9 4 8 9 10 5
9 4 4 7 5 8 5 1 7 1 4 0 10 1 10 8 6 0 3 3 7 7 11 4 3 8 0 5 9 4 9 10 3 0 0 5
9 8 3 8 6 6 10 2 1 10 1 9 0 5 10 2 6 1 5 3 7 6 7 2 9 5 7 3 7 0 2 5 6 10 0 3
9 3 3 10 2 2 8 9 8 4 10 2 10 0 9 4 6 4 8 8 0 8 9 4 5 6 0 8 6 9 10 3 3 8 0 10
9 8 5 0 11 2 5 7 8 7 5 10 8 8 0 2 5 6 8 8 1 1 1 6 9 6 7 2 4 8 0 5 10 3 8 9
9 7 4 2 3 2 7 0 5 7 10 7 4 1 4 0 6 7 1 4 2 6 1 7 9 3 10 7 9 9 5 2 3 4 3 10
9 7 5 1 11 2 2 2 9 7 2 9 7 9 6 7 0 9 8 0 2 2 4 9 6 7 6 1 10 6 3 5 10 2 5 9
9 3 0 9 4 2 3 6 3 8 9 8 4 4 3 8 10 0 3 8 1 1 3 4 4 1 8 8 6 4 4 4 7 5 2 5
9 0 8 10 10 8 4 7 11 5 0 0 5 3 6 8 4 5 0 0 0 6 1 4 0 5 0 8 7 6 6 3 5 0 3 4
9 4 4 4 8 8 7 4 5 8 0 9 4 10 8 10 10 0 0 0 5 5 0 2 6 1 7 5 6 6 1 8 3 0 0 5
9 9 6 0 11 6 9 5 3 6 8 10 8 4 8 5 0 3 10 5 0 2 9 7 8 3 6 11 6 2 4 7 0 5 6 2
9 8 10 7 0 2 4 7 7 4 1 7 9 0 3 0 3 8 3 1 9 0 9 2 9 6 8 8 2 9 4 7 9 6 4 10
9 11 11 8 5 10 8 3 5 10 2 3 3 1 7 8 6 1 9 9 3 5 0 8 10 1 7 6 2 3 0 7 10 4 11 1
9 5 7 3 6 6 3 3 3 4 6 8 1 8 0 3 7 3 8 2 0 5 2 0 9 11 4 5 4 10 11 3 8 3 10 3
9 0 2 4 0 5 9 2 5 1 5 10 5 11 4 7 4 10 6 6 8 6 3 3 0 4 0 0 9 9 8 4 2 9 2 6
9 9 4 9 5 5 0 7 6 4 1 5 1 0 0 1 7 4 10 0 1 0 0 10 9 0 5 3 6 10 2 7 11 4 2 3
9 3 7 1 5 8 3 7 9 5 7 3 6 2 4 1 4 0 0 10 4 6 4 0 4 9 0 7 10 3 6 10 7 1 4 9
9 9 10 5 4 3 6 1 4 4 0 8 8 0 4 0 8 11 5 10 0 6 0 10 10 10 0 0 0 2 8 6 8 9 5 9
9 1 7 5 5 9 0 0 5 7 4 3 4 5 9 4 1 0 0 8 5 10 7 11 1 10 9 10 0 5 5 5 10 8 8 2
9 3 6 2 5 5 9 10 8 0 7 0 5 9 2 1 4 3 10 5 2 6 2 0 5 4 9 6 10 0 8 10 4 6 6 10
9 6 7 7 6 7 9 9 0 7 4 4 4 11 5 6 1 5 5 7 9 1 3 8 2 0 9 6 4 8 0 8 10 1 4 2
9 2 8 4 1 4 1 4 7 0 9 10 9 9 4 8 1 10 8 3 10 5 3 8 0 1 8 10 9 0 2 0 8 5 9 5
9 4 3 0 9 10 1 10 8 9 6 7 10 4 0 3 3 7 1 6 0 6 3 8 11 6 9 1 5 1 10 11 0 4 10 1
9 0 1 7 1 0 10 3 0 4 3 1 6 5 10 0 3 10 5 7 6 8 10 7 7 8 6 11 10 10 0 1 4 0 1 2
9 10 4 0 2 0 10 7 0 5 1 7 5 0 10 8 4 1 1 6 6 11 3 10 10 6 9 10 9 6 9 9 9 5 0 9
9 2 7 8 1 0 3 3 8 10 8 0 8 3 1 9 8 6 8 0 1 4 2 2 7 4 2 3 7 3 3 7 9 10 5 0
10 0 2 2 2 3 2 2 2 1 2 3 2 3 3 2 2 4 4 1 1 4 1 1 1 1 0 2 4 2 0 1 4 0 4 2
10 2 0 1 3 1 0 3 3 1 1 0 4 4 3 0 2 3 2 4 1 1 0 0 0 3 3 0 0 2 1 4 0 4 1 0
10 4 4 0 0 2 1 1 0 1 0 2 2 3 1 3 0 3 2 2 1 0 1 3 1 2 3 0 0 3 2 4 1 4 1 4
10 2 4 4 0 0 1 0 0 4 4 0 4 3 3 2 4 0 0 2 4 0 3 3 2 3 2 0 1 1 0 0 4 4 2 1
10 3 2 0 2 0 1 4 3 3 3 2 3 2 2 3 4 3 0 2 1 0 4 0 3 1 3 4 1 2 0 2 1 2 3 3
10 2 2 3 3 0 0 0 1 4 2 2 1 4 0 2 4 2 1 3 4 0 0 3 0 0 3 4 2 4 1 3 2 3 4 1
10 3 3 4 2 4 4 0 1 1 2 3 4 2 3 2 2 2 1 4 2 2 2 0 2 1 2 1 2 3 0 4 1 3 2 0
10 3 0 1 4 3 0 2 0 3 0 1 0 0 4 1 3 4 4 1 1 2 2 0 0 3 2 2 2 0 2 1 4 2 1 4
10 0 3 0 0 0 0 1 4 0 1 0 4 1 2 3 2 0 4 2 3 3 0 1 1 0 4 3 2 2 2 1 3 3 3 2
10 3 4 1 0 4 2 3 3 1 0 0 1 2 4 2 1 0 1 3 1 1 1 0 3 0 4 0 3 4 2 1 2 3 2 1
10 2 0 0 3 1 2 0 0 2 1 0 4 3 3 2 0 0 2 1 4 2 2 1 4 4 0 4 4 4 3 3 3 1 1 0
10 0 2 4 2 4 4 1 4 1 4 2 0 0 4 4 1 4 3 1 2 4 2 1 3 0 4 2 4 4 0 1 2 2 2 2
10 2 4 2 2 2 2 1 2 2 3 3 1 0 0 3 0 2 2 2 4 3 1 3 2 4 1 1 1 4 3 1 0 4 4 4
10 0 0 1 2 0 2 0 0 2 0 3 0 3 0 2 3 1 4 0 2 2 0 0 4 1 3 3 2 3 0 4 4 2 1 1
10 0 2 4 2 1 2 0 1 0 3 2 1 3 1 0 2 1 3 0 1 2 2 3 4 1 1 4 2 2 1 0 1 2 4 4
10 0 2 2 3 4 2 3 1 1 4 4 3 4 3 3 0 1 2 1 4 0 4 0 0 4 3 2 4 1 0 4 0 2 2 2
10 2 2 3 4 4 0 0 3 4 1 3 3 2 4 4 4 0 2 1 3 4 3 4 0 4 4 4 4 2 0 3 1 2 4 0
10 0 2 4 1 3 3 3 2 0 2 3 0 2 3 1 1 4 0 0 3 4 0 3 1 2 3 2 4 0 0 4 3 0 1 2
10 4 0 1 2 3 2 2 1 4 4 2 0 2 4 3 2 4 3 0 0 4 3 1 2 2 2 2 3 3 1 0 0 1 3 0
10 1 2 2 1 1 0 2 3 1 1 4 2 2 1 4 2 4 0 3 0 2 2 0 4 4 0 4 1 1 4 1 3 4 4 0
10 0 1 3 3 1 3 4 1 3 0 0 3 3 2 1 2 3 3 2 1 0 4 2 4 2 2 3 0 1 1 0 2 3 3 4
10 3 0 3 2 0 2 4 4 0 2 2 2 0 2 0 1 4 3 2 2 1 0 4 2 2 0 3 4 4 2 3 2 4 0 4
10 0 2 0 1 1 3 1 3 0 1 1 3 3 0 1 1 0 1 2 1 1 0 0 4 0 0 0 0 3 4 1 2 2 0 0
10 4 1 3 0 1 2 0 2 1 1 0 3 0 0 4 4 2 1 2 3 2 0 0 0 3 1 1 0 0 2 3 0 4 4 3
10 3 3 4 4 2 2 0 2 3 1 4 1 2 2 3 1 4 4 4 3 2 0 3 1 0 1 4 0 0 0 3 0 3 4 3
10 1 3 1 1 4 4 1 0 3 2 2 2 1 2 0 4 1 2 1 0 2 1 3 2 1 0 0 4 2 3 3 4 3 2 0
10 1 3 0 2 3 2 2 0 4 1 2 2 4 4 0 4 2 4 2 1 1 1 2 3 0 3 0 1 0 4 4 4 1 1 1
10 0 1 1 0 4 1 4 1 4 1 4 3 0 0 4 3 3 0 4 1 2 3 1 0 3 0 4 0 4 0 1 4 4 2 1
10 2 2 1 3 3 1 0 2 0 1 1 4 3 3 1 1 1 3 4 1 0 0 3 4 2 1 1 2 0 1 1 4 4 1 0
10 0 1 2 2 1 3 3 1 2 4 0 1 4 4 3 3 3 3 2 0 4 2 2 0 0 1 1 1 0 0 3 1 3 0 4
10 3 4 4 0 2 4 0 3 2 3 0 1 1 1 4 4 2 1 4 1 0 3 0 0 2 3 4 0 3 1 0 3 0 2 4
10 3 4 1 2 0 4 4 3 4 3 0 4 0 4 3 4 2 2 3 1 0 3 4 0 2 0 1 2 2 0 3 0 0 0 1
10 1 0 2 1 1 4 1 0 3 1 2 4 4 0 4 4 2 4 4 1 3 2 2 0 4 4 1 2 0 3 2 2 0 1 2
10 0 0 2 3 4 3 3 3 0 0 0 4 0 3 4 0 1 1 1 3 4 1 3 1 2 4 0 3 4 4 1 0 3 0 2
10 2 2 3 4 4 0 3 3 2 1 1 1 3 2 0 1 3 1 0 0 1 1 0 2 4 2 3 0 1 4 0 2 3 1 0
11 0 0 0 1 2 4 0 1 1 3 1 3 0 4 4 2 0 0 1 4 3 4 0 4 3 1 1 2 2 3 3 4 1 2 4
11 4 0 3 2 0 3 1 2 2 4 2 1 2 4 4 2 2 3 3 0 2 4 3 4 4 2 3 0 3 3 4 4 2 4 4
11 0 3 0 5 3 4 5 0 1 1 1 5 0 5 4 1 1 0 3 2 2 3 4 1 0 1 2 0 3 4 1 4 0 2 0
11 3 2 0 0 3 0 0 1 1 2 2 4 0 1 2 0 0 3 2 4 1 2 1 0 2 3 1 3 5 3 0 3 1 0 4
11 3 2 0 3 0 4 0 5 1 4 0 3 0 3 2 3 5 3 4 2 0 0 0 0 0 2 1 2 3 2 3 1 3 1 0
11 0 4 4 1 3 0 0 2 4 4 0 1 1 0 1 0 2 2 3 1 3 1 4 2 4 2 0 1 0 4 2 0 2 0 3
11 2 5 0 3 2 0 0 5 4 2 0 0 4 4 4 3 3 1 0 4 3 3 0 0 0 0 1 1 4 5 1 0 0 3 0
11 4 0 4 3 2 2 2 0 4 0 2 3 0 4 0 3 2 0 3 0 4 2 4 0 0 4 0 5 1 3 3 5 0 1 2
11 3 3 3 1 1 4 4 1 0 4 3 4 3 2 4 2 2 5 5 1 2 4 0 1 1 0 4 0 0 2 0 3 5 4 2
11 2 0 1 2 1 2 2 4 2 0 2 2 3 2 1 3 2 0 0 0 0 1 4 5 4 0 0 2 3 3 1 2 3 3 3
11 2 3 3 3 2 1 1 4 2 2 0 1 3 4 4 0 5 2 3 2 1 3 3 4 4 4 2 5 0 4 3 2 2 3 3
11 2 0 1 2 1 1 3 4 2 0 0 0 0 4 2 4 4 4 3 5 3 2 5 0 2 4 2 4 4 0 4 3 2 1 0
11 2 3 1 1 3 3 2 1 0 2 0 1 0 4 2 0 1 0 4 4 3 3 0 2 0 4 0 0 3 1 0 3 0 0 4
11 4 4 3 1 2 4 4 1 4 3 3 0 4 0 3 4 3 0 0 1 4 2 1 4 4 2 2 3 2 5 3 4 2 0 2
11 3 1 1 3 3 0 2 0 3 4 0 2 2 1 0 1 3 4 2 0 1 3 2 2 1 1 4 0 2 4 0 1 4 2 4
11 1 0 3 3 3 2 0 2 2 3 4 2 1 0 5 0 0 0 4 1 4 1 1 0 1 4 1 0 3 4 0 2 0 3 3
11 2 0 0 2 1 0 3 3 0 3 4 3 3 4 3 4 0 2 0 2 4 2 4 2 4 4 2 3 4 0 3 3 0 0 3
11 3 3 2 1 3 4 1 2 1 0 0 2 2 0 2 2 5 0 4 0 3 3 3 4 2 4 1 0 2 3 4 2 3 4 2
11 3 1 2 4 0 3 4 4 4 1 2 1 0 2 1 1 1 3 0 3 3 4 2 3 4 0 3 3 3 4 1 4 4 0 4
11 5 2 0 2 1 1 5 1 5 0 4 2 4 0 4 3 3 3 4 0 3 4 2 4 4 2 4 4 1 0 3 4 0 4 3
11 2 3 3 4 2 4 1 0 2 0 4 0 4 2 0 0 0 2 2 1 0 1 3 0 4 1 3 2 4 4 0 4 0 2 2
11 1 2 1 1 3 2 4 1 2 0 4 4 0 3 5 4 3 0 4 3 0 0 2 4 2 2 4 3 0 4 5 1 0 4 1
11 4 2 4 3 1 0 2 4 5 0 2 3 1 1 2 3 0 4 5 3 3 0 0 2 0 0 3 0 3 1 1 2 2 4 2
11 0 4 4 4 2 0 2 4 4 0 0 4 4 4 5 1 0 4 3 0 3 4 4 0 0 3 4 5 1 1 4 2 2 0 1
11 1 4 0 3 4 1 4 2 0 4 0 1 0 3 0 3 0 0 0 2 0 3 1 0 0 3 1 2 3 3 4 4 2 4 3
11 2 2 0 3 0 3 2 3 3 3 0 2 3 0 2 0 2 5 1 2 4 1 3 2 3 0 3 3 2 3 2 1 2 1 0
11 4 3 1 4 1 1 2 2 2 1 4 1 1 0 4 3 3 0 3 1 2 4 0 4 2 2 0 5 4 5 0 4 1 1 2
11 2 1 5 2 2 4 0 1 4 3 3 1 2 3 4 4 2 0 0 3 0 4 2 4 3 3 3 0 4 1 1 0 5 3 2
11 3 2 3 4 2 2 2 1 4 1 4 0 0 2 1 3 1 1 4 4 1 1 0 0 0 1 2 2 0 0 4 3 0 2 4
11 3 4 1 4 0 1 0 4 1 3 3 0 1 4 3 5 0 3 1 0 2 4 4 2 1 4 5 2 3 0 3 5 1 0 1
11 0 3 3 1 3 1 5 1 1 4 1 1 2 1 1 4 3 4 2 2 2 5 0 2 3 1 3 1 3 4 0 0 0 3 3
11 4 4 1 2 1 0 2 1 5 3 5 2 1 4 2 4 4 3 0 5 1 0 0 4 4 0 0 4 3 0 5 0 1 0 1
11 1 3 4 3 3 2 0 1 0 5 4 3 4 1 4 2 2 4 3 1 2 3 3 4 2 2 1 4 2 1 1 0 0 0 3
11 2 3 3 4 0 1 0 4 3 2 3 5 4 5 0 4 1 4 5 0 4 5 3 4 5 1 3 2 2 0 0 2 0 0 1
11 5 0 3 0 4 4 2 2 0 4 4 4 1 3 4 0 2 3 2 4 1 0 3 0 3 3 2 4 4 2 3 2 1 4 0
12 0 3 3 5 4 5 4 2 4 1 2 4 4 7 7 2 1 1 4 6 0 4 3 5 6 0 7 6 7 2 4 0 0 1 3
12 6 0 5 0 4 2 0 4 1 1 7 1 6 3 6 6 3 7 7 7 2 5 1 4 1 0 2 4 4 0 0 3 1 1 1
12 4 4 0 0 7 4 5 7 2 2 6 7 0 0 0 7 4 0 6 5 2 3 0 0 1 1 2 0 1 0 6 0 3 7 7
12 5 1 5 0 4 2 7 7 2 5 3 2 3 2 6 4 3 4 5 0 3 5 7 0 4 2 3 0 2 1 0 3 4 1 2
12 1 6 7 0 0 5 0 4 2 5 1 3 1 0 1 1 0 6 5 5 1 4 4 3 0 3 7 3 5 7 3 6 1 2 4
12 5 3 2 3 6 0 3 5 2 1 5 0 3 1 4 7 2 4 3 0 2 0 6 4 3 0 3 5 6 7 0 7 1 6 0
12 5 7 5 0 0 6 0 3 3 2 5 2 7 6 6 4 4 2 6 0 2 6 0 1 5 4 4 7 0 0 2 0 5 0 6
12 1 4 2 5 2 0 5 0 0 0 6 3 2 2 0 2 3 3 1 1 3 3 7 2 0 6 7 2 6 4 3 0 7 2 2
12 7 6 3 5 7 1 2 2 0 6 6 1 2 4 2 7 1 1 7 3 0 3 2 1 7 1 0 6 1 5 7 7 7 0 6
12 4 7 2 2 2 5 3 1 4 0 3 7 4 3 6 2 5 6 4 6 3 4 5 6 7 4 7 4 6 6 1 4 6 2 7
12 4 0 5 0 1 2 3 5 3 1 0 5 0 2 4 1 2 0 5 7 7 3 4 2 2 5 5 7 4 5 6 4 5 2 0
12 4 0 2 4 2 4 5 2 7 3 6 0 7 4 7 5 7 4 1 5 5 3 0 4 1 3 4 3 1 5 0 6 1 6 0
12 2 0 2 4 2 1 5 3 3 4 7 5 0 6 6 3 7 4 2 0 6 4 5 7 4 3 6 5 1 3 1 7 1 0 2
12 0 2 1 0 0 7 6 2 7 3 7 4 7 0 0 0 5 6 4 4 3 5 0 0 4 2 6 4 3 5 0 4 7 7 2
12 5 4 4 4 7 2 1 1 2 2 4 0 6 0 0 6 0 0 1 1 4 7 2 2 1 3 0 6 6 0 7 1 4 5 2
12 7 3 4 6 0 5 2 0 5 0 7 3 2 2 4 0 4 2 0 6 1 6 2 1 1 4 5 3 5 0 4 3 4 7 0
12 3 7 2 1 3 5 2 3 5 7 4 4 0 2 3 7 0 7 4 4 2 1 2 4 6 6 4 3 7 0 4 3 6 0 6
12 0 3 6 1 5 6 5 4 7 3 7 6 4 4 6 0 4 0 7 2 7 1 0 7 7 6 2 4 3 0 6 4 1 7 5
12 7 1 0 3 7 3 2 2 6 1 5 0 5 5 2 0 1 4 0 7 2 1 2 4 5 2 3 1 7 6 3 6 3 3 6
12 3 0 5 5 3 2 7 2 4 0 5 5 4 7 2 4 7 5 1 0 2 3 2 6 5 5 0 6 7 1 1 4 4 3 2
12 7 2 0 3 6 5 5 0 4 6 4 7 4 3 1 6 5 5 2 1 0 7 1 2 2 7 2 0 6 3 7 4 0 6 0
12 3 5 1 1 7 0 5 1 1 0 6 1 7 2 3 6 5 7 6 0 4 0 3 6 2 1 1 3 4 1 6 7 3 7 0
12 1 1 6 5 2 6 3 0 1 1 0 5 2 5 5 2 3 0 5 5 4 5 0 2 4 0 5 6 5 4 0 5 2 0 3
12 6 5 6 3 5 4 2 5 5 2 5 1 0 5 1 1 6 2 7 6 0 4 7 0 3 1 6 2 1 1 4 6 5 0 2
12 3 1 2 1 2 4 5 4 4 2 3 0 6 1 5 2 4 2 2 4 1 2 4 3 0 5 5 4 0 4 0 2 3 5 0
12 2 5 3 4 4 6 1 3 2 0 4 5 4 3 1 2 6 5 4 7 1 0 7 0 6 0 2 6 0 4 1 4 5 2 5
12 5 6 3 4 1 6 1 2 6 4 2 7 6 5 6 2 5 0 4 1 7 6 7 7 6 1 0 7 7 0 6 6 7 6 4
12 0 3 3 7 1 2 6 6 6 3 7 3 2 2 1 6 4 4 4 3 5 2 1 2 1 2 6 0 2 1 7 5 7 5 7
12 6 6 4 7 7 5 3 1 3 2 0 2 4 3 4 1 1 7 5 5 0 6 6 1 6 4 5 1 0 0 5 7 0 5 2
12 5 7 0 7 1 4 1 0 4 5 1 0 0 4 6 1 4 6 4 7 2 4 3 1 1 0 5 5 4 0 1 3 6 7 3
12 4 7 6 2 5 0 1 1 2 3 3 3 1 5 1 7 1 7 7 1 5 0 4 3 0 3 3 6 0 5 0 4 2 0 4
12 6 6 0 6 6 6 2 3 2 0 7 0 0 1 7 4 1 1 5 2 7 3 6 4 6 6 2 3 2 0 1 0 1 4 1
12 5 4 3 7 3 5 6 4 0 7 1 1 6 6 1 0 2 0 7 2 7 2 4 1 1 0 3 3 1 4 2 1 0 2 3
12 5 1 6 5 0 3 7 4 4 2 2 6 1 6 0 3 1 4 2 0 3 5 4 0 7 3 4 5 4 3 6 7 0 0 4
12 7 5 4 4 7 5 3 2 2 6 6 0 1 7 3 6 2 4 3 1 0 7 0 4 4 4 1 1 6 6 6 1 5 7 0
<end>