<number of tasks>
35
<number of stations>
5
<type of the robots>
5
<limit of the robots>
1 1
2 1
3 1
4 1
5 1
<task times>
1 142 67 88 56 84
2 92 45 183 56 69
3 56 25 36 37 37
4 64 61 53 45 47
5 62 29 92 35 95
6 68 51 132 83 177
7 93 90 137 71 158
8 59 73 90 51 116
9 29 36 36 51 50
10 53 55 37 36 43
11 63 40 85 59 51
12 42 73 49 109 49
13 42 36 91 64 47
14 77 46 93 68 66
15 37 45 50 37 83
16 28 28 73 47 37
17 65 49 41 53 51
18 93 49 63 151 101
19 103 37 62 54 89
20 38 55 38 29 34
21 51 83 122 67 117
22 36 43 57 47 60
23 70 87 74 63 146
24 42 83 108 49 49
25 103 55 66 54 83
26 36 78 64 34 48
27 44 82 49 68 46
28 105 36 69 119 94
29 58 31 59 37 60
30 43 37 59 53 64
31 42 32 51 82 113
32 40 39 89 45 91
33 32 31 99 57 46
34 93 37 50 53 91
35 37 50 72 84 53
<precedence relations>
1,2
1,5
1,7
1,10
1,12
2,3
3,4
4,11
5,6
6,7
6,8
7,14
7,18
8,9
9,13
10,14
11,28
11,33
12,18
13,28
13,33
14,15
15,16
16,21
17,20
18,19
19,20
20,21
21,22
21,25
21,30
21,32
22,23
23,24
24,27
25,26
26,27
27,28
27,33
27,34
28,29
30,31
31,32
32,33
33,35
<setup time between tasks by robots>
1 0 5 2 5 3 1 3 3 6 5 0 5 4 2 0 4 0 1 5 2 6 3 0 0 6 3 0 5 3 4 4 1 3 5 3
1 2 0 4 5 3 6 1 0 0 3 6 3 3 2 6 3 5 0 6 4 6 1 1 5 3 1 6 1 5 4 0 3 5 6 6
1 1 4 0 2 3 3 4 5 2 2 2 4 5 5 2 2 2 1 5 3 4 3 5 0 1 4 0 3 1 5 2 6 6 5 1
1 6 2 5 0 1 2 6 0 2 6 3 2 0 2 1 0 1 6 3 1 2 3 5 4 6 3 1 6 1 2 4 4 4 3 1
1 2 2 6 4 0 0 1 3 2 6 0 0 1 4 2 0 2 5 6 1 4 4 2 3 5 1 0 1 1 5 1 2 6 6 1
1 1 0 1 2 6 0 6 3 2 0 4 3 4 6 5 0 2 3 2 5 3 1 6 4 2 4 4 3 1 2 6 5 5 3 0
1 1 0 3 1 3 5 0 3 0 4 4 2 4 4 0 5 0 4 4 6 6 2 3 3 2 4 6 3 0 5 1 4 1 3 6
1 0 3 1 6 4 3 0 0 3 5 5 6 5 5 3 0 2 0 6 0 5 5 1 0 1 0 5 5 0 4 3 4 5 2 5
1 3 3 4 6 1 5 1 3 0 0 2 0 0 3 2 0 4 1 6 6 3 5 4 3 1 4 4 2 6 6 0 4 6 1 1
1 6 6 3 4 2 1 2 6 5 0 3 4 0 5 3 2 6 6 2 2 6 5 3 4 0 1 3 0 6 1 6 0 2 3 0
1 3 1 6 1 6 3 4 3 4 6 0 0 5 4 4 1 3 0 4 3 6 4 5 3 1 4 1 1 3 1 5 3 5 4 6
1 6 6 0 6 1 1 5 5 4 0 1 0 4 2 3 6 3 4 1 4 3 0 5 6 0 1 2 0 6 6 4 0 3 4 0
1 3 0 5 5 1 1 3 1 4 6 6 3 0 0 6 3 3 6 1 3 6 2 6 0 3 5 3 4 2 0 5 5 6 5 2
1 6 4 4 4 4 2 2 1 1 6 2 0 5 0 0 4 2 5 4 0 2 3 5 4 0 3 1 5 3 0 0 6 6 0 1
1 4 2 4 0 1 6 1 4 2 4 5 0 1 2 0 2 3 3 1 0 2 0 0 6 2 4 0 1 0 2 2 5 4 6 5
1 6 4 1 6 0 4 4 6 5 6 6 4 3 0 2 0 4 2 1 4 6 2 6 6 5 0 2 3 2 1 6 3 4 5 4
1 5 6 5 1 0 2 5 0 0 1 2 4 4 1 6 0 0 2 4 2 1 1 2 3 0 2 1 5 1 0 2 2 0 4 0
1 4 1 4 4 3 1 3 4 0 1 2 5 5 0 2 5 5 0 5 4 3 1 2 2 6 4 2 2 6 2 0 1 0 6 5
1 3 0 6 3 2 2 4 6 5 6 4 5 5 3 2 1 1 3 0 2 4 1 4 4 4 0 2 5 4 6 1 1 4 5 2
1 2 2 3 3 6 6 2 4 2 2 2 4 0 1 1 5 3 1 2 0 5 0 0 4 2 5 3 3 2 4 4 3 6 0 6
1 5 4 1 2 4 3 5 4 0 2 5 4 1 2 0 0 3 3 4 2 0 0 1 0 6 6 3 2 2 3 2 0 3 1 2
1 2 1 5 6 0 4 4 4 0 6 3 2 1 4 2 3 0 3 5 6 1 0 5 1 1 2 5 1 3 1 6 2 2 4 3
1 0 4 6 1 5 0 6 2 1 0 3 3 4 3 5 3 1 2 3 4 3 5 0 0 1 0 3 1 0 5 1 6 0 4 1
1 5 1 5 3 4 2 3 5 5 6 2 6 1 4 3 2 6 3 4 0 1 1 6 0 6 0 2 1 6 1 5 1 1 2 3
1 6 5 6 0 0 1 6 2 0 1 0 5 1 3 2 3 6 3 1 0 0 2 4 6 0 1 6 6 1 6 6 0 6 6 4
1 0 3 1 6 1 2 5 0 1 4 2 0 3 1 1 2 2 0 3 2 0 2 1 5 0 0 3 0 3 1 3 2 3 0 3
1 2 4 3 1 4 3 1 1 1 6 3 3 5 6 4 3 6 3 3 2 3 4 3 5 6 2 0 0 5 4 2 5 5 3 6
1 2 1 3 4 2 3 2 4 6 2 6 1 6 4 1 5 0 5 5 2 3 1 3 1 2 0 2 0 0 0 4 5 1 2 2
1 1 1 6 0 0 5 3 2 6 2 5 0 1 0 1 1 2 2 1 2 0 1 4 3 3 3 0 6 0 4 5 6 6 5 5
1 6 6 4 5 4 4 6 3 3 1 2 2 6 4 6 6 2 0 0 1 5 0 6 4 2 2 1 6 0 0 5 5 0 5 1
1 2 4 0 6 2 0 0 4 6 5 0 2 0 0 0 1 1 2 6 6 1 2 1 0 0 1 6 0 3 5 0 2 2 3 5
1 3 2 2 4 4 2 3 4 5 6 4 1 1 2 1 0 4 5 3 5 5 6 1 2 5 0 2 2 0 1 5 0 6 5 2
1 6 5 2 5 5 3 3 6 5 1 1 2 0 5 2 1 3 6 6 4 2 0 3 4 2 1 4 4 1 6 5 6 0 3 3
1 0 4 2 1 3 4 5 0 5 3 6 0 0 4 6 4 4 1 5 4 1 2 4 6 4 3 4 1 3 4 4 1 4 0 4
1 4 4 1 2 6 2 4 3 2 4 3 0 3 6 0 6 3 6 6 1 3 3 4 3 2 5 6 0 2 4 2 3 4 5 0
2 0 3 4 2 4 2 1 3 1 0 1 2 3 5 1 0 0 1 0 5 5 3 5 3 5 0 0 2 5 4 4 5 3 3 1
2 0 0 0 0 0 4 2 3 1 3 0 3 2 3 2 3 5 1 0 0 3 1 0 6 3 1 6 3 3 3 1 5 5 4 2
2 5 0 0 1 4 3 2 1 2 0 3 3 3 5 1 2 2 2 3 6 5 5 0 4 0 2 3 4 2 4 5 4 2 0 1
2 2 5 6 0 1 3 1 3 4 0 4 3 3 2 0 0 1 4 3 4 6 3 5 1 4 5 5 4 2 0 2 0 3 4 3
2 5 0 1 3 0 2 2 2 5 3 4 2 4 1 6 4 1 3 0 2 2 4 5 1 1 4 0 2 0 3 1 5 2 0 2
2 2 6 3 2 5 0 1 4 0 4 3 4 2 1 5 5 3 2 1 4 5 3 2 4 4 2 5 0 3 5 1 3 0 4 4
2 5 3 3 5 0 1 0 4 1 4 2 4 4 1 3 2 4 1 5 3 0 3 3 2 4 1 2 2 2 4 2 3 2 3 5
2 1 4 5 1 6 0 1 0 0 2 5 2 3 4 3 5 0 5 1 5 1 2 0 5 5 1 5 1 0 2 0 2 1 1 3
2 5 5 3 4 3 0 1 3 0 1 4 4 3 5 5 3 0 1 2 5 4 0 4 5 1 5 5 4 4 0 5 0 2 3 5
2 4 3 0 4 0 2 6 6 5 0 6 1 3 5 4 4 1 2 2 3 2 0 0 2 4 5 1 5 2 2 0 5 4 3 6
2 5 3 1 2 4 4 5 3 4 2 0 0 5 4 3 1 2 3 2 3 2 6 4 2 5 5 1 0 3 3 3 5 0 3 4
2 2 4 2 3 5 1 1 4 1 4 0 0 4 3 5 1 5 6 3 3 5 3 5 2 3 5 0 2 2 5 6 0 3 1 3
2 1 3 4 3 2 4 4 4 4 2 0 2 0 6 3 3 3 5 0 4 5 4 0 0 1 0 1 2 1 5 0 4 0 1 3
2 6 5 2 0 0 4 0 5 0 0 1 3 4 0 1 5 3 2 5 4 1 5 1 1 1 4 4 3 2 5 3 1 0 0 1
2 0 6 3 2 0 4 4 2 0 4 4 4 4 1 0 1 3 3 1 0 3 0 5 0 2 0 2 1 1 0 3 4 3 1 2
2 4 0 4 4 5 2 1 3 1 1 0 1 1 1 5 0 4 1 6 1 3 0 1 0 0 1 5 0 5 1 2 0 5 3 3
2 2 2 2 4 1 5 0 3 4 3 0 5 3 0 1 3 0 4 3 6 2 3 0 3 0 3 0 4 5 3 6 5 1 5 5
2 5 4 2 3 0 5 0 1 2 3 1 4 3 5 2 2 3 0 4 1 2 4 2 0 0 1 4 4 2 1 4 4 4 2 3
2 0 4 0 1 6 0 1 3 3 0 6 2 0 5 2 1 1 2 0 0 6 0 2 5 3 2 1 0 1 5 3 2 2 2 4
2 4 2 1 1 3 2 3 1 5 5 0 4 2 2 4 5 4 1 4 0 4 1 3 5 1 1 1 0 3 6 2 1 0 0 3
2 3 5 3 2 0 0 1 5 1 4 5 2 3 1 3 2 2 0 0 1 0 3 6 0 3 5 2 3 5 2 0 5 4 1 5
2 1 4 3 5 1 6 5 3 3 5 1 1 3 0 3 4 0 0 0 1 2 0 1 1 3 0 1 5 0 1 2 0 0 0 3
2 5 4 0 3 4 1 0 0 0 4 0 3 2 6 1 6 3 6 0 4 5 2 0 3 3 3 4 5 4 3 6 0 1 0 5
2 2 5 5 0 1 4 2 6 4 1 3 1 3 2 3 0 2 3 3 4 4 0 4 0 2 5 5 6 3 2 3 1 3 4 4
2 5 4 4 2 5 2 1 3 1 1 3 1 1 3 3 3 3 0 2 3 2 5 5 2 0 3 5 5 0 4 2 0 3 1 5
2 1 1 1 3 2 0 4 6 5 6 1 5 4 4 2 2 4 5 2 5 4 0 5 0 1 0 2 0 3 5 1 6 5 1 2
2 2 1 0 0 1 4 4 3 1 4 4 3 0 0 3 0 3 5 0 5 2 4 0 4 2 4 0 2 4 0 1 5 1 0 0
2 2 0 5 3 4 4 3 1 1 1 2 2 1 0 0 3 0 4 3 2 0 2 2 2 4 5 5 0 3 2 2 0 0 1 5
2 0 2 1 2 2 4 3 5 2 5 5 0 1 1 2 4 1 2 2 4 3 3 0 0 4 6 0 4 0 1 4 4 1 5 1
2 3 4 4 3 1 4 2 4 1 4 1 0 1 5 2 0 5 0 1 5 0 1 5 2 2 2 1 0 3 0 3 2 4 3 2
2 4 5 1 1 2 5 6 3 2 0 0 4 0 5 2 5 1 4 2 4 0 3 3 0 5 4 0 5 6 5 0 0 4 0 0
2 5 0 1 5 4 0 4 5 0 5 1 5 5 5 2 4 1 2 4 3 5 1 5 0 1 1 0 5 0 2 5 0 2 5 2
2 4 0 4 1 4 2 2 4 1 0 1 2 4 3 0 3 3 0 4 5 6 4 2 1 4 3 2 2 4 1 3 3 0 4 0
2 3 3 5 0 2 2 4 3 1 1 5 2 2 2 1 0 4 3 5 2 5 5 3 2 4 4 1 3 3 0 3 3 4 0 3
2 2 3 5 3 5 5 1 3 3 5 4 3 2 0 1 1 4 1 0 4 1 5 3 4 4 0 5 5 4 5 0 1 0 3 0
3 0 8 5 6 6 4 2 4 4 4 1 4 7 4 3 6 4 7 1 1 1 6 2 5 8 6 1 4 1 8 8 8 6 8 3
3 7 0 6 6 6 4 8 7 8 8 8 0 5 2 2 8 1 6 8 5 3 5 8 0 8 0 2 8 0 2 2 1 8 5 8
3 3 7 0 2 4 0 1 6 8 7 6 5 3 6 0 3 6 7 4 5 7 8 8 6 5 7 3 8 5 5 8 8 2 3 0
3 3 0 5 0 0 7 6 2 3 2 6 0 6 8 4 3 3 7 2 8 4 1 1 2 0 5 4 2 4 1 1 3 4 2 7
3 2 3 3 7 0 4 5 5 2 5 7 0 1 4 3 7 7 7 6 1 4 5 6 4 0 2 4 7 4 5 7 7 8 7 4
3 4 5 6 4 3 0 0 4 0 3 5 1 2 4 7 8 7 6 3 4 5 3 3 1 5 0 6 7 5 4 3 2 1 4 1
3 3 8 5 8 2 7 0 0 1 7 1 3 5 4 5 8 3 2 8 2 3 2 7 0 3 2 4 3 3 8 0 7 0 0 1
3 8 2 8 4 2 7 4 0 0 5 6 6 1 7 7 3 3 4 8 1 6 2 7 1 8 4 1 5 8 0 1 3 0 7 8
3 6 3 6 1 2 4 2 4 0 0 0 8 5 0 3 0 1 4 7 7 1 0 8 2 8 4 7 5 0 3 1 5 5 5 1
3 7 4 4 5 7 3 3 1 1 0 6 8 0 3 5 3 0 4 3 5 0 5 1 7 6 6 6 7 3 4 4 5 5 2 1
3 6 4 3 8 1 4 4 1 5 6 0 1 8 5 0 1 4 7 8 0 1 7 4 0 6 7 4 5 3 6 2 6 8 8 0
3 5 2 3 7 5 3 6 7 7 2 7 0 2 0 7 3 4 0 4 6 3 5 7 8 1 5 4 4 2 5 3 0 5 0 4
3 3 5 7 0 6 2 4 5 1 3 4 7 0 1 6 7 4 0 6 4 5 2 1 5 4 0 0 6 2 5 7 4 7 7 3
3 5 7 4 1 7 2 1 8 2 6 8 1 1 0 1 6 2 8 2 2 4 2 3 6 2 7 0 5 3 2 6 4 5 2 4
3 1 5 3 5 2 2 1 5 1 6 7 3 0 3 0 4 7 6 8 2 2 0 5 3 5 1 0 2 5 1 2 3 0 3 5
3 8 5 4 2 0 3 0 6 1 7 3 6 0 2 1 0 1 8 0 2 1 7 8 7 8 7 7 4 1 0 8 0 3 6 1
3 4 6 8 4 2 5 3 0 6 5 6 0 0 3 1 8 0 2 2 8 3 3 0 5 2 1 6 3 5 8 2 2 2 3 3
3 7 1 3 3 1 3 2 4 7 1 4 1 0 1 8 4 6 0 4 5 6 4 3 3 4 7 8 6 2 6 7 7 3 8 1
3 2 2 0 5 8 1 4 2 4 7 2 3 4 2 2 0 3 3 0 8 2 1 8 8 8 4 2 8 1 5 6 2 5 8 2
3 0 1 1 1 8 0 1 6 8 7 8 3 5 0 4 2 1 4 8 0 2 2 0 2 8 3 2 2 5 5 0 7 0 6 1
3 1 2 6 6 6 3 1 5 5 2 5 0 1 2 7 4 5 1 6 3 0 3 2 2 1 6 4 2 4 0 2 6 3 2 2
3 4 4 2 5 6 7 6 4 0 2 4 5 4 1 7 2 4 2 7 0 1 0 5 2 7 1 5 6 5 5 1 7 4 5 0
3 7 0 5 8 3 3 0 1 3 7 1 6 2 2 3 7 7 8 3 3 3 5 0 3 2 0 3 3 0 8 1 7 0 2 0
3 8 8 6 3 3 2 4 4 4 2 8 4 2 7 1 3 5 8 3 3 0 6 2 0 6 5 8 5 7 4 0 7 3 0 3
3 0 0 2 4 7 1 3 7 8 2 2 5 5 6 4 6 4 8 8 2 6 7 0 8 0 8 8 4 1 6 4 5 8 1 3
3 0 2 2 0 2 2 6 6 5 7 1 3 5 4 0 7 8 3 1 1 5 0 8 4 7 0 6 1 0 2 3 8 3 7 7
3 2 4 0 3 1 8 3 6 3 5 5 6 0 5 0 4 7 1 5 0 2 5 5 1 2 8 0 8 4 8 6 2 8 2 1
3 8 7 8 5 4 2 1 3 1 7 3 3 2 6 6 0 0 5 8 5 4 4 1 5 5 0 2 0 1 1 3 1 8 3 0
3 7 6 0 0 8 7 0 7 5 7 3 8 7 7 6 6 5 7 2 3 6 3 0 7 6 6 8 3 0 5 2 5 6 4 4
3 7 3 3 7 6 5 3 1 4 4 6 8 2 2 0 1 5 4 5 0 7 2 1 4 3 2 2 7 1 0 5 4 4 5 8
3 5 2 3 8 6 0 2 6 7 7 0 5 8 5 0 1 6 6 5 0 1 4 6 1 2 6 6 6 3 1 0 2 2 0 2
3 1 0 4 5 6 7 8 0 5 1 0 6 8 3 5 2 4 8 3 4 6 5 6 8 6 2 6 6 8 5 5 0 2 2 7
3 0 1 2 8 6 2 2 2 3 6 3 4 2 7 3 8 4 2 7 8 0 1 2 3 8 3 5 6 3 4 6 7 0 0 1
3 2 3 6 8 6 8 8 7 6 6 3 2 3 3 5 8 1 8 2 1 5 0 0 2 0 3 6 0 8 7 5 1 3 0 6
3 3 7 8 4 0 7 3 8 5 8 1 5 6 7 7 1 3 5 7 4 4 3 3 7 6 7 3 1 6 6 7 0 6 0 0
4 0 6 6 1 4 0 3 5 3 2 7 5 1 2 2 5 2 4 5 0 5 7 0 5 6 6 5 3 3 1 2 3 2 1 1
4 4 0 6 4 6 1 5 7 2 2 0 1 0 3 0 4 1 4 6 5 0 2 6 4 1 0 0 1 3 3 6 1 5 6 1
4 0 0 0 1 4 1 0 3 5 6 1 3 3 5 2 6 5 1 1 2 0 1 5 0 6 4 3 3 1 5 3 0 1 4 6
4 3 3 3 0 4 2 4 5 6 1 2 2 3 1 2 3 5 6 2 2 2 6 2 2 2 1 0 3 2 5 3 3 3 6 3
4 4 0 5 4 0 0 3 0 0 2 2 1 2 5 2 6 5 1 3 1 1 2 1 3 5 5 6 4 1 0 6 6 3 0 0
4 1 2 0 1 4 0 2 1 0 1 7 5 0 3 5 2 7 0 0 3 5 4 6 6 6 1 6 4 2 2 3 6 4 5 1
4 3 0 6 2 3 3 0 4 2 5 6 4 2 1 0 0 4 4 5 3 3 0 6 5 5 5 6 5 7 3 4 2 1 1 0
4 7 7 5 5 0 4 6 0 6 6 2 2 2 6 4 1 6 6 0 4 5 4 5 1 3 2 0 6 4 6 4 0 3 6 2
4 2 2 6 6 3 2 2 2 0 0 3 4 2 0 6 5 3 3 6 6 5 5 1 2 3 4 6 5 3 5 1 4 1 7 3
4 2 7 0 5 2 0 6 2 6 0 5 1 5 3 2 4 6 4 2 4 0 1 6 3 6 0 6 5 0 1 4 2 5 5 2
4 0 1 5 0 0 5 4 0 4 0 0 4 1 4 5 5 0 3 4 1 3 5 4 2 4 6 6 1 1 4 3 3 5 0 5
4 6 7 0 0 2 1 2 6 7 3 3 0 5 5 3 6 5 2 3 6 0 0 4 1 4 3 2 0 2 1 1 1 0 0 0
4 6 4 1 2 6 6 0 2 0 5 2 4 0 5 6 6 0 2 1 3 6 4 3 3 0 6 5 0 4 4 4 5 5 2 3
4 0 5 0 0 6 5 0 3 2 0 5 2 3 0 0 1 7 0 0 5 6 3 0 2 2 4 3 4 3 4 5 6 1 1 5
4 2 5 2 6 0 5 0 6 5 1 1 3 5 3 0 0 1 2 0 2 3 6 0 4 6 1 3 3 3 2 5 6 6 2 3
4 4 5 6 5 5 7 5 0 4 3 6 5 2 4 0 0 5 0 0 5 3 4 6 1 3 4 0 5 6 6 5 5 3 6 3
4 7 0 3 5 4 0 0 6 7 6 4 5 0 3 1 3 0 1 0 5 0 1 2 5 5 0 0 1 6 3 0 6 0 7 6
4 1 6 4 5 0 4 5 5 3 3 1 6 6 6 1 1 7 0 2 4 1 5 5 2 0 5 0 1 1 6 4 6 4 6 3
4 4 0 2 1 6 1 3 1 1 2 7 3 5 3 6 2 5 6 0 1 3 4 4 4 6 3 6 4 0 7 4 5 4 5 1
4 6 0 6 2 6 4 5 4 0 1 0 0 7 1 3 0 2 2 7 0 3 1 3 4 7 4 3 1 0 4 0 0 4 2 0
4 1 2 6 1 5 2 6 1 5 5 0 6 7 4 2 6 3 3 2 4 0 0 3 3 1 0 4 0 0 3 5 6 5 6 5
4 0 4 4 5 6 1 4 2 5 1 3 3 5 7 1 2 3 4 3 5 1 0 2 6 2 6 5 3 5 3 2 5 6 6 6
4 4 4 1 6 3 1 4 6 0 1 0 0 4 2 0 0 4 1 0 6 7 3 0 3 3 4 1 3 1 4 3 5 5 5 1
4 4 3 6 0 6 6 6 4 3 3 1 6 5 4 5 4 6 6 0 3 2 4 0 0 0 6 4 6 1 4 3 6 4 0 5
4 0 6 0 0 2 4 3 5 6 1 7 5 3 3 4 3 2 6 5 4 1 1 0 6 0 1 6 3 7 3 3 2 5 6 5
4 3 4 4 2 1 3 1 3 3 4 2 4 1 4 1 0 0 0 2 6 0 3 1 7 4 0 4 4 6 6 4 3 3 4 3
4 7 5 5 0 0 2 3 2 5 2 0 5 4 2 5 7 3 5 0 5 6 3 6 5 0 2 0 2 1 0 4 3 4 3 0
4 6 6 5 5 0 0 5 1 6 5 5 3 4 1 4 5 6 1 1 0 1 7 4 2 4 5 6 0 2 2 2 5 2 2 3
4 4 6 2 0 6 5 0 7 5 1 3 4 5 4 1 0 5 5 4 4 4 6 4 7 3 6 1 5 0 4 4 2 2 6 4
4 0 4 1 6 1 4 4 6 1 2 3 5 2 6 4 0 3 6 6 6 7 1 6 0 3 5 1 1 2 0 0 5 1 5 3
4 0 0 6 5 1 2 5 5 2 2 2 1 2 3 5 3 6 5 2 5 6 6 1 3 3 6 1 1 3 6 0 0 0 6 3
4 3 3 6 1 5 0 2 3 0 1 2 5 2 2 0 5 0 5 4 0 1 5 6 2 2 3 2 3 1 7 3 0 0 0 3
4 1 6 4 2 6 0 2 2 2 3 5 3 6 2 1 3 1 7 0 0 4 4 2 3 2 5 6 5 5 0 4 0 0 0 2
4 4 6 4 5 3 5 6 3 1 2 6 4 1 1 0 7 1 3 3 0 3 2 2 4 2 4 4 6 3 0 3 6 6 0 1
4 3 5 5 1 0 4 7 7 6 0 6 5 2 2 7 4 0 5 5 4 5 5 5 1 0 1 5 7 1 3 2 5 6 1 0
5 0 8 4 0 5 5 5 2 8 5 4 3 7 3 1 3 3 2 2 8 3 7 3 5 6 3 1 1 6 5 8 6 2 0 6
5 6 0 6 8 0 7 1 7 7 2 1 2 1 7 6 3 5 6 6 5 0 1 6 2 2 2 5 6 1 1 1 7 0 7 8
5 7 2 0 7 3 6 4 3 2 4 1 7 4 2 5 0 2 6 0 3 3 5 2 2 8 4 0 0 7 0 3 6 5 2 7
5 8 8 8 0 4 4 6 2 4 6 0 4 7 6 7 0 7 0 2 7 8 1 5 3 0 1 8 8 1 6 1 5 5 5 0
5 5 2 7 6 0 6 8 0 3 5 3 5 4 5 4 4 3 4 4 2 4 1 5 6 6 0 6 5 1 0 5 1 7 3 0
5 7 7 1 4 2 0 6 7 1 0 4 4 4 0 5 7 4 3 0 4 1 5 4 3 5 7 2 0 2 5 0 5 8 5 6
5 1 4 7 6 0 2 0 7 4 2 3 2 4 2 0 7 7 7 7 1 3 1 3 4 0 6 1 0 3 4 0 2 0 3 4
5 4 4 4 0 1 5 3 0 5 6 3 1 5 6 4 1 0 6 1 4 6 5 7 2 6 1 2 3 2 7 6 1 5 7 6
5 6 6 3 0 4 6 1 4 0 7 7 2 4 3 0 2 5 6 0 4 2 6 1 1 4 0 7 5 3 0 0 5 0 2 7
5 7 3 8 3 1 3 1 3 5 0 7 0 0 7 6 3 5 4 5 6 5 5 7 8 2 2 8 5 2 0 6 3 1 3 4
5 3 0 5 7 1 6 3 3 6 0 0 1 3 2 1 6 1 0 1 6 2 3 1 1 1 7 1 4 2 7 7 3 7 3 2
5 3 1 0 3 3 3 6 1 3 7 5 0 4 0 3 4 1 1 3 4 4 1 5 4 8 3 0 5 3 7 2 1 6 3 3
5 3 1 7 0 1 8 0 3 8 3 6 2 0 6 2 2 7 7 4 3 5 7 3 7 7 0 2 5 1 1 6 6 1 4 0
5 0 2 0 4 7 0 5 4 2 7 6 1 2 0 6 3 1 7 3 5 2 4 6 8 6 7 7 1 6 3 3 3 7 0 1
5 1 4 5 0 4 1 0 5 7 1 7 8 1 4 0 0 2 4 0 5 5 1 3 6 5 2 5 0 7 7 4 3 0 8 1
5 6 3 1 8 3 6 0 6 2 6 7 1 2 8 7 0 6 2 2 7 4 3 4 4 4 1 1 8 1 0 6 2 7 1 1
5 3 2 7 2 2 1 0 7 5 1 7 2 1 3 5 3 0 6 4 0 5 3 5 0 1 7 2 1 7 1 7 1 2 4 6
5 3 1 7 5 7 6 7 3 4 4 4 6 7 4 7 6 7 0 7 8 6 6 6 3 0 0 4 8 1 8 3 0 1 0 4
5 0 2 4 7 4 1 5 7 0 4 1 3 5 2 6 2 1 7 0 6 1 1 3 7 6 3 0 4 5 3 7 0 4 8 6
5 7 2 8 0 1 6 3 2 0 6 7 0 5 2 2 4 3 7 4 0 6 0 6 1 0 8 3 0 6 0 5 5 2 4 2
5 3 3 2 2 3 6 0 0 2 6 5 5 5 6 4 6 2 0 7 5 0 4 1 3 2 3 7 4 7 0 2 2 6 6 6
5 1 0 1 2 5 5 6 2 4 8 7 4 7 0 4 3 2 7 6 1 4 0 0 6 5 7 2 1 4 8 5 7 5 4 3
5 3 2 5 6 0 2 8 4 6 5 4 3 2 3 7 3 3 4 4 4 0 5 0 1 6 3 1 7 2 0 2 6 0 1 5
5 0 4 8 8 1 4 3 5 5 7 5 4 8 0 1 0 5 5 1 6 5 5 2 0 4 2 2 2 4 6 4 7 1 2 6
5 0 2 2 5 7 5 4 0 7 3 5 2 6 2 0 1 2 5 3 8 8 5 4 5 0 6 1 0 0 2 5 6 5 0 8
5 7 1 5 2 1 3 7 0 8 7 2 6 1 5 4 5 5 7 1 1 5 7 2 4 6 0 3 7 4 5 1 0 4 2 0
5 5 0 2 5 0 6 0 7 6 2 3 3 6 8 5 7 8 7 2 4 1 3 2 1 6 8 0 1 8 3 3 3 7 4 7
5 6 5 1 2 7 5 2 2 3 5 4 4 3 0 7 0 0 5 2 1 7 0 4 0 7 3 7 0 2 1 2 6 0 0 3
5 4 2 5 0 4 5 4 8 8 8 5 5 2 1 2 0 5 2 2 6 2 2 0 5 6 1 2 3 0 0 4 2 2 1 7
5 5 0 3 0 8 4 0 2 4 3 4 7 7 6 2 2 5 0 4 7 4 5 7 4 5 6 0 3 3 0 8 7 4 7 5
5 6 1 2 1 1 2 2 8 3 8 3 5 1 5 0 2 7 0 8 1 1 3 1 0 7 2 0 4 5 3 0 6 1 4 1
5 3 6 0 2 1 1 2 6 7 4 7 3 3 4 0 3 2 6 3 6 1 8 3 6 5 2 7 7 3 6 3 0 5 4 7
5 5 1 8 0 5 6 1 4 8 6 1 3 4 5 6 4 8 8 2 2 6 7 2 0 3 5 1 6 6 6 3 2 0 0 5
5 1 6 2 7 8 5 0 2 4 4 4 4 3 0 0 5 0 3 7 2 1 5 7 3 3 2 3 0 8 0 7 0 2 0 3
5 6 5 7 0 5 5 6 1 2 4 0 4 3 0 0 2 2 1 7 5 2 1 2 6 5 3 4 1 3 2 1 0 2 8 0
<end>