<number of tasks>
53
<number of stations>
5
<type of the robots>
5
<limit of the robots>
1 1
2 1
3 1
4 1
5 1
<task times>
1 52 56 76 49 41
2 63 48 34 42 30
3 64 37 78 63 59
4 87 32 46 48 54
5 96 90 63 103 45
6 69 37 74 112 73
7 59 67 82 90 43
8 82 38 99 75 47
9 129 48 104 91 69
10 115 27 43 97 32
11 65 57 56 57 51
12 65 37 45 51 36
13 56 49 120 101 56
14 46 31 48 37 35
15 93 58 51 60 39
16 56 41 68 57 45
17 57 31 99 118 32
18 64 37 37 35 29
19 60 20 35 40 23
20 149 79 54 79 109
21 85 33 63 54 72
22 48 34 41 45 56
23 66 41 84 147 45
24 87 26 40 50 30
25 104 33 55 71 52
26 127 93 74 66 40
27 60 24 54 44 30
28 114 45 55 60 65
29 101 37 96 36 57
30 92 30 74 57 32
31 64 30 46 67 39
32 135 34 94 56 49
33 48 41 28 34 51
34 142 42 155 59 91
35 76 34 88 118 54
36 51 38 65 52 37
37 90 47 63 63 81
38 153 32 70 87 35
39 131 33 64 68 87
40 53 29 87 108 68
41 66 46 58 53 98
42 82 94 117 67 64
43 61 36 123 99 54
44 54 36 63 72 48
45 145 48 66 48 80
46 85 33 68 40 61
47 129 36 98 54 48
48 73 29 72 51 23
49 51 28 57 64 44
50 46 25 49 80 59
51 43 24 51 49 37
52 139 77 44 52 47
53 77 46 130 71 58
<precedence relations>
1,2
1,3
1,4
1,5
1,6
1,7
2,36
3,36
4,9
5,9
6,9
7,9
8,9
9,10
10,11
11,12
12,13
12,14
12,15
13,16
13,17
13,18
14,22
15,16
15,17
16,29
16,30
16,31
17,19
18,42
19,20
19,21
19,22
20,23
21,24
22,25
23,36
24,36
25,26
26,27
27,28
28,29
28,30
28,31
28,32
28,33
28,34
29,35
30,35
31,35
32,35
33,35
34,35
35,36
36,37
37,38
37,39
37,40
38,41
39,41
40,41
41,42
42,43
42,44
42,45
42,46
42,47
43,48
44,49
45,51
45,52
46,50
47,51
47,52
48,51
48,52
49,51
49,52
50,51
50,52
51,53
52,53
<setup time between tasks by robots>
1 0 5 5 10 3 10 7 5 9 1 4 0 7 3 4 4 4 4 8 2 1 1 3 4 10 9 10 10 7 8 3 5 3 3 7 9 10 7 7 5 8 1 8 3 7 2 10 8 1 7 6 1 3
1 1 0 1 9 7 0 10 4 6 8 3 9 4 2 3 9 5 2 6 0 0 9 4 4 0 4 5 9 1 6 7 6 0 3 10 9 3 10 3 6 5 7 10 10 7 4 8 0 6 4 4 10 8
1 1 7 0 5 9 7 2 5 8 6 6 9 6 5 2 9 5 7 5 6 5 0 6 3 7 9 0 6 4 8 5 4 1 2 5 2 2 2 4 3 6 9 6 4 5 5 6 5 7 5 6 8 9
1 2 0 10 0 10 9 10 4 2 8 10 0 7 1 5 9 5 4 10 9 9 2 7 1 8 5 1 4 5 9 7 0 0 3 4 10 7 10 8 8 8 5 9 10 7 9 2 6 8 9 8 2 7
1 8 9 7 0 0 9 2 7 3 0 10 4 1 4 5 8 7 5 3 1 7 10 3 3 10 6 0 7 1 8 2 0 3 1 2 0 4 4 4 3 8 8 2 9 1 9 7 7 6 5 10 0 2
1 6 6 6 6 9 0 2 5 6 4 0 8 0 8 7 9 2 5 6 4 1 6 2 7 1 2 0 1 5 5 5 5 7 9 8 5 7 8 1 8 10 6 2 6 10 7 2 6 3 8 4 3 8
1 5 0 8 3 0 5 0 9 0 5 10 1 5 5 1 0 7 8 8 10 0 10 2 5 8 0 10 1 9 4 8 5 9 6 9 2 0 1 8 0 8 8 2 9 8 5 5 3 6 3 5 9 7
1 8 9 3 6 4 3 0 0 3 9 4 2 2 0 0 7 1 3 6 7 3 5 0 6 7 6 6 7 6 2 5 10 2 8 5 8 2 1 7 5 10 5 7 0 9 8 10 4 6 6 4 7 2
1 2 9 7 1 8 0 7 6 0 6 7 8 1 5 5 4 7 10 1 1 6 5 0 6 8 2 7 2 2 1 4 5 6 7 1 9 4 10 6 9 5 4 10 8 3 9 4 2 8 3 8 5 7
1 4 2 5 2 2 1 1 4 6 0 2 4 9 1 1 5 10 7 7 9 5 8 4 5 6 5 5 6 0 1 4 7 9 2 0 0 7 9 5 2 3 5 3 9 3 8 0 10 4 1 7 1 6
1 1 9 1 0 8 5 2 8 3 9 0 3 7 7 9 1 8 1 9 0 10 1 9 1 5 3 4 6 4 4 0 9 1 9 8 4 8 3 1 1 2 7 1 6 6 10 3 2 10 3 2 3 4
1 7 0 5 0 10 7 5 6 3 3 2 0 0 10 4 7 1 3 0 8 3 6 8 6 5 4 10 10 3 9 5 3 2 4 6 1 4 2 7 8 10 5 9 5 4 5 4 3 1 6 10 7 1
1 7 2 3 9 2 6 2 8 9 9 4 9 0 9 6 4 7 7 8 1 8 2 7 5 10 7 1 3 2 4 3 4 4 4 4 5 3 8 1 3 0 3 6 0 9 7 5 10 4 0 10 1 0
1 7 7 2 2 7 4 5 6 2 1 1 0 6 0 6 8 0 2 3 7 9 4 9 10 5 4 4 6 2 1 9 0 5 0 2 1 2 9 5 4 9 2 8 4 10 2 0 5 8 5 4 4 6
1 3 6 1 4 3 4 8 10 4 7 2 7 0 6 0 10 1 0 8 1 5 6 7 9 0 1 8 1 10 5 4 2 2 8 3 9 10 0 6 2 4 10 5 1 8 9 5 6 3 0 9 4 0
1 8 7 10 5 3 0 9 1 7 3 8 6 6 5 2 0 5 6 9 1 7 1 0 10 3 2 8 10 9 7 1 0 4 8 5 3 6 2 8 2 10 3 10 10 9 9 9 0 10 2 3 3 1
1 6 1 5 8 5 7 6 5 5 10 0 9 9 9 0 5 0 3 1 0 2 6 3 2 6 8 4 2 5 6 7 2 1 0 5 1 0 2 7 9 8 3 5 3 6 5 7 1 5 9 1 9 4
1 8 9 0 0 3 1 10 6 8 3 4 1 2 7 6 0 3 0 8 7 9 4 8 4 5 4 0 0 2 7 7 3 4 10 0 5 9 6 6 5 6 8 9 4 10 1 0 4 6 9 6 8 10
1 3 8 5 10 3 6 1 2 2 9 1 7 1 3 1 2 4 0 0 2 9 1 2 9 7 3 6 9 4 8 9 0 7 8 9 1 4 10 7 7 9 9 6 2 0 1 9 1 10 7 8 3 4
1 6 3 1 2 0 0 3 2 0 1 4 4 10 2 1 0 1 4 10 0 8 3 8 2 1 2 4 2 1 10 9 0 10 8 7 4 0 8 1 4 9 4 5 10 5 3 6 10 1 4 9 9 3
1 8 2 2 0 2 1 10 0 8 6 9 5 9 3 5 5 8 8 4 0 0 4 0 4 5 3 8 6 0 6 7 5 6 5 3 2 3 9 3 3 10 9 10 8 8 10 10 5 5 9 2 0 0
1 5 10 4 0 4 8 0 1 9 9 1 1 8 6 7 10 8 7 2 9 8 0 5 6 4 8 8 4 0 2 9 3 6 8 6 3 1 10 3 10 1 4 6 3 3 1 1 9 4 4 9 9 6
1 4 1 4 1 0 8 2 7 1 1 1 9 3 2 4 4 5 8 1 7 10 5 0 8 3 1 3 9 0 1 8 10 1 1 8 1 1 7 3 2 10 4 3 7 2 0 7 5 8 1 7 6 3
1 2 0 6 1 5 1 2 3 4 6 5 3 6 5 1 3 1 5 10 10 4 9 5 0 1 0 7 9 1 2 8 1 7 4 6 6 3 0 7 2 9 6 6 6 9 3 0 9 8 7 8 7 4
1 8 7 10 6 3 5 1 3 4 6 0 2 0 5 6 10 9 2 7 3 10 3 7 0 0 0 10 7 2 3 4 0 4 2 2 10 6 0 5 6 9 8 8 4 4 2 2 4 1 0 9 4 8
1 7 5 0 9 4 2 9 0 1 0 0 6 1 6 10 0 5 1 4 0 2 4 0 5 10 0 9 7 8 3 6 9 4 8 9 1 2 8 3 0 5 6 6 7 0 4 8 0 2 5 0 0 2
1 1 0 3 7 5 0 7 7 1 4 0 5 5 3 4 2 7 7 8 4 4 5 2 3 1 0 0 6 7 1 7 4 8 9 1 9 1 1 6 8 6 2 0 0 7 10 5 7 1 1 6 7 5
1 8 0 9 3 6 0 6 3 5 0 10 9 5 9 6 3 7 6 3 0 7 7 1 2 9 1 8 0 9 4 9 8 2 0 6 2 1 3 5 9 0 5 6 4 3 1 7 1 1 9 2 5 10
1 2 7 3 9 7 5 4 7 3 5 6 3 9 2 8 7 3 0 7 7 10 4 6 9 0 6 6 6 0 7 2 2 5 3 6 2 6 7 8 0 3 7 6 8 9 2 4 6 0 3 3 3 8
1 0 7 3 6 2 3 6 5 7 5 9 8 0 2 2 3 7 7 9 2 4 4 10 5 6 0 6 1 7 0 0 9 1 4 0 1 4 5 8 8 1 0 3 2 5 9 7 7 5 3 1 7 5
1 8 8 2 6 8 6 0 6 7 10 7 6 0 6 7 6 10 4 9 8 8 5 10 3 7 8 5 10 8 3 0 3 6 3 1 5 4 8 8 5 1 0 6 10 10 3 6 3 0 0 0 7 1
1 3 3 6 3 4 0 1 9 5 2 1 9 3 4 7 8 7 2 3 1 3 7 8 10 2 1 9 4 4 2 7 0 1 0 3 8 1 1 5 7 1 3 0 0 5 3 6 1 7 2 3 8 7
1 7 5 2 10 6 3 5 5 2 9 6 10 3 4 1 6 7 5 5 2 1 3 5 1 4 0 2 7 9 4 5 9 0 10 6 5 8 1 0 9 5 10 10 5 4 1 0 3 1 1 7 3 0
1 0 8 9 0 3 9 0 5 0 9 5 2 1 3 6 4 1 7 7 5 6 2 7 7 2 3 9 8 1 8 6 1 8 0 6 5 8 7 3 5 5 10 0 8 5 6 8 4 2 8 1 0 0
1 1 2 6 4 9 5 9 1 6 7 5 10 5 0 8 4 5 0 1 5 2 7 0 8 4 5 2 1 7 8 6 3 1 4 0 1 4 3 9 8 6 9 1 2 3 4 2 7 8 4 10 6 1
1 7 5 9 2 7 3 0 4 0 2 1 1 7 7 7 9 5 1 3 4 5 1 8 3 1 8 3 5 3 7 5 7 4 5 10 0 9 6 0 5 3 8 8 3 5 7 7 4 7 0 0 8 10
1 9 10 6 8 3 6 0 6 8 2 5 2 2 5 8 1 9 5 1 8 9 10 9 3 10 4 1 8 8 8 1 4 6 8 3 9 0 4 3 8 10 5 9 2 8 2 2 6 6 5 2 4 5
1 4 8 8 5 8 2 9 4 0 9 4 8 10 2 6 3 0 10 9 0 7 7 1 3 3 2 6 1 2 6 4 5 9 7 4 0 9 0 6 10 4 1 3 7 10 0 5 1 9 3 4 8 0
1 6 2 8 0 7 9 4 3 1 3 1 4 0 7 1 10 7 1 7 1 10 2 0 6 0 7 5 3 3 6 1 5 9 9 0 2 1 3 0 6 0 1 0 2 3 6 1 5 3 3 7 4 8
1 3 4 2 9 2 1 4 5 9 10 9 5 7 1 3 1 7 7 1 8 9 4 0 6 2 2 10 5 0 3 5 4 7 3 3 2 0 10 5 0 8 6 7 9 2 2 0 2 10 8 0 2 7
1 7 5 6 8 8 9 7 4 1 5 8 4 6 8 3 6 5 3 6 10 8 3 4 10 2 5 7 10 3 6 8 1 2 3 3 5 6 4 9 6 0 3 4 10 10 1 9 8 8 0 9 0 6
1 10 9 7 5 6 10 1 3 8 8 7 9 1 1 7 10 8 7 6 7 6 6 2 6 4 3 3 10 5 5 8 2 3 0 5 7 4 7 2 1 9 0 6 5 3 7 7 7 2 5 5 6 9
1 6 0 2 7 1 10 10 5 5 6 6 0 9 7 8 2 0 1 3 7 6 10 6 7 7 7 5 10 3 6 2 1 7 2 8 2 0 4 4 1 2 9 0 10 1 4 3 3 3 1 6 2 1
1 2 4 6 1 1 10 0 9 0 7 6 5 5 7 9 5 4 5 10 9 5 4 0 5 5 4 1 1 4 3 6 2 9 0 3 0 10 2 6 7 3 1 8 0 10 9 4 5 10 8 2 4 1
1 4 2 3 9 7 3 6 10 9 1 5 9 10 1 5 4 1 5 5 2 4 3 1 1 4 2 8 1 6 6 4 3 9 6 1 3 4 6 4 9 1 1 0 1 0 7 10 1 9 8 2 10 4
1 6 8 4 4 5 1 3 5 8 8 6 4 7 4 4 6 4 5 6 5 1 2 4 5 9 7 1 0 3 9 6 3 7 0 7 5 7 4 1 2 9 8 10 3 7 0 1 7 2 5 5 9 9
1 10 9 2 10 8 7 4 10 6 5 5 5 0 8 1 2 5 0 7 1 4 1 5 9 2 3 1 10 6 3 2 9 2 8 6 5 8 3 8 2 8 0 5 7 2 6 0 0 5 1 3 9 3
1 10 0 2 8 7 1 1 5 9 2 1 7 7 10 1 5 6 6 6 1 9 10 6 6 7 9 1 9 7 3 8 8 9 1 4 6 6 7 10 5 1 10 3 9 7 7 7 0 2 3 10 2 8
1 4 8 3 10 6 10 0 6 3 5 10 4 2 7 1 5 2 2 2 8 9 9 6 2 4 7 9 5 3 5 9 1 9 10 0 3 2 5 6 10 6 2 3 8 1 7 9 9 0 4 9 9 4
1 6 6 10 1 10 10 6 0 4 3 3 1 1 3 1 7 3 5 1 10 5 0 6 9 4 8 3 8 0 3 2 1 2 2 5 8 1 4 7 5 6 3 3 7 4 8 6 5 1 0 1 0 6
1 2 2 4 4 0 1 7 4 6 0 7 8 9 10 7 3 0 10 10 10 4 2 0 8 7 8 6 1 7 0 6 1 2 10 3 6 7 3 6 7 3 0 8 0 9 0 7 0 9 8 0 9 9
1 10 7 0 7 1 6 3 4 1 10 7 7 4 8 2 7 0 8 4 10 5 1 4 7 7 5 2 8 4 0 7 6 8 1 2 4 0 1 6 1 9 10 2 10 4 9 7 10 4 2 0 0 2
1 2 9 2 7 1 4 0 9 6 1 2 8 4 7 8 6 4 6 3 3 5 6 4 3 7 7 10 6 9 1 6 3 8 1 0 6 0 3 3 9 2 9 9 4 9 6 0 0 3 9 8 9 0
2 0 1 2 0 1 1 3 1 4 4 4 4 1 4 3 2 1 2 2 4 3 1 2 3 3 1 0 2 3 1 0 1 2 0 0 3 2 0 1 3 4 2 2 0 2 0 2 3 1 4 3 1 2
2 4 0 2 0 2 4 0 3 0 0 3 3 1 1 1 0 1 1 4 1 3 3 3 2 2 4 2 2 1 4 0 1 0 3 2 3 3 0 0 4 4 0 1 1 4 1 4 4 4 4 0 4 4
2 1 1 0 3 4 0 0 2 2 2 1 3 2 1 1 1 0 2 4 3 0 0 4 4 2 4 0 0 0 2 3 2 4 2 0 2 4 1 4 3 4 0 3 4 0 3 3 3 1 1 4 2 2
2 4 1 2 0 1 4 2 2 1 1 4 2 3 0 0 0 1 0 1 1 3 3 4 4 2 3 4 2 4 4 1 1 2 2 1 2 4 0 2 0 2 1 1 3 2 1 0 0 3 2 2 1 2
2 1 3 1 4 0 3 0 2 0 3 2 1 1 3 2 3 3 1 4 1 4 3 1 3 2 1 3 2 0 1 2 0 0 2 4 0 2 1 2 4 0 3 4 1 4 1 2 1 4 2 2 0 0
2 4 2 2 1 2 0 1 2 2 0 1 3 3 4 0 1 0 4 2 1 3 1 2 2 1 1 1 2 0 2 2 4 0 4 2 0 1 1 1 4 4 3 2 1 3 0 3 1 3 1 4 2 3
2 0 1 0 2 0 0 0 1 1 1 3 0 3 0 4 0 4 4 2 2 4 0 1 4 3 1 4 4 4 0 3 4 2 0 2 1 1 1 0 3 2 1 3 0 3 1 4 0 1 3 4 4 3
2 0 2 3 4 3 3 3 0 0 3 3 2 3 3 2 4 2 3 4 3 3 4 1 3 4 2 3 2 0 2 0 2 4 2 3 1 3 2 4 0 4 3 4 3 2 1 1 4 4 2 3 2 4
2 0 3 4 2 0 3 1 2 0 4 3 2 3 3 3 3 1 4 0 1 4 1 3 2 4 4 0 3 0 4 1 4 4 4 2 3 0 3 1 0 0 4 1 2 4 3 3 0 1 1 1 0 1
2 1 2 0 0 0 4 3 0 4 0 4 3 4 0 1 3 2 0 1 4 1 0 3 3 3 3 2 0 2 2 0 0 2 4 3 4 4 4 1 3 4 3 2 1 0 1 0 2 2 4 2 0 3
2 0 4 3 2 0 2 4 4 2 4 0 4 4 3 2 4 4 1 4 0 2 0 4 0 1 0 0 1 3 0 0 3 3 2 1 2 3 4 0 0 0 0 4 2 0 1 1 3 2 3 2 1 2
2 3 4 1 0 4 0 3 3 1 2 1 0 4 1 4 0 4 3 1 3 4 3 2 3 2 0 0 2 0 0 0 1 0 2 2 2 4 0 0 2 2 2 2 4 2 2 4 4 4 2 0 3 3
2 1 3 1 3 0 2 2 4 0 2 4 0 0 4 2 0 4 1 1 4 4 1 1 1 3 0 4 3 3 4 3 3 2 3 0 4 1 4 1 3 2 1 0 0 0 1 0 1 2 0 0 1 2
2 0 2 3 1 3 3 4 1 4 0 4 0 4 0 3 3 3 3 4 2 0 0 2 4 3 2 3 3 0 3 1 3 2 4 4 4 2 4 0 3 3 2 3 4 3 2 3 0 4 1 2 2 4
2 0 2 0 0 4 2 3 0 4 1 4 4 0 2 0 2 3 3 0 2 4 2 3 2 0 1 2 2 2 3 1 2 3 1 0 1 0 3 3 3 4 4 1 1 2 3 3 3 2 1 2 1 1
2 4 0 4 1 2 1 4 4 4 4 1 3 2 2 3 0 3 1 0 2 2 2 2 1 4 1 3 4 1 1 2 3 4 0 3 3 3 3 4 2 2 3 1 0 3 4 4 1 0 1 2 2 2
2 2 3 3 1 4 0 4 4 4 1 3 3 4 0 0 1 0 3 4 1 4 1 0 1 2 3 1 1 0 3 3 4 1 1 3 0 4 4 0 0 2 1 0 1 1 2 1 0 3 3 2 1 4
2 3 1 4 1 2 4 1 4 2 4 4 0 2 3 3 4 3 0 4 4 2 3 4 3 0 3 1 0 2 0 1 3 3 2 1 0 3 4 2 3 2 0 1 4 4 4 4 0 0 4 1 1 1
2 1 1 3 1 2 1 3 2 4 0 2 3 2 4 2 2 4 4 0 1 1 2 4 0 0 3 2 4 1 3 1 0 2 4 1 3 0 1 3 3 4 1 1 2 1 4 3 2 2 2 4 3 2
2 4 1 1 4 2 4 0 4 1 1 4 2 1 1 1 3 2 4 0 0 0 4 2 1 0 0 0 4 0 0 4 2 2 1 1 0 1 2 1 0 0 2 2 4 0 4 1 3 1 4 2 3 4
2 3 3 3 0 0 3 1 4 0 0 1 2 1 2 4 0 0 2 2 3 0 2 3 1 4 2 2 4 1 2 0 4 1 2 4 1 4 1 0 0 2 3 2 3 4 1 0 4 4 2 4 4 4
2 1 3 1 0 1 2 4 0 1 0 2 1 3 1 3 2 3 4 1 0 0 0 3 3 3 3 3 1 2 2 3 2 4 1 1 0 4 0 1 0 3 2 0 4 0 4 0 4 4 2 2 2 0
2 4 4 3 4 2 4 4 1 2 1 0 3 0 2 1 0 4 0 1 1 0 2 0 0 4 1 1 2 1 4 2 2 0 0 1 0 0 2 4 3 3 0 0 4 0 1 3 0 2 3 2 0 1
2 3 0 0 2 3 4 3 0 3 2 2 1 4 2 1 4 0 1 0 3 2 2 3 0 2 1 1 0 4 1 0 2 1 2 2 1 4 0 2 2 2 0 3 3 4 0 3 1 2 1 0 4 0
2 4 2 1 0 3 3 2 2 2 3 0 1 2 3 0 4 3 2 4 4 4 4 1 4 0 1 1 4 3 3 0 0 3 1 4 4 1 4 2 2 2 4 0 3 1 2 2 1 3 1 1 1 1
2 0 0 3 1 3 1 0 3 3 0 4 3 4 4 3 3 3 1 2 0 0 1 3 0 4 0 1 3 2 4 2 1 3 3 0 1 2 2 2 3 2 0 2 1 2 3 4 1 3 3 2 3 3
2 1 3 3 1 3 4 2 3 2 2 4 2 2 1 4 2 3 3 0 1 1 4 3 1 3 2 0 2 3 4 0 0 1 0 2 2 2 4 4 1 4 0 4 1 2 4 0 1 2 2 0 1 3
2 1 2 0 0 4 2 4 2 3 1 1 3 1 0 0 1 4 0 1 1 0 1 2 1 2 1 2 0 0 4 1 2 1 1 2 3 1 4 4 2 3 3 2 3 0 4 2 2 0 4 0 4 2
2 0 3 4 3 3 4 4 0 3 2 3 3 0 1 1 0 2 0 0 0 4 4 0 2 1 1 3 1 0 4 2 2 3 0 0 0 2 2 4 1 0 1 2 2 4 1 1 1 3 2 0 0 4
2 1 4 2 3 0 3 0 1 3 1 4 2 2 0 4 1 3 4 3 1 4 0 3 2 1 1 1 3 3 0 0 4 4 2 0 4 3 0 1 2 4 3 1 1 2 3 0 3 1 0 0 0 3
2 0 1 1 0 2 3 2 3 1 4 2 2 4 4 0 3 4 4 3 2 1 4 0 4 1 0 2 3 0 2 0 0 2 1 3 1 3 4 4 0 0 3 1 1 2 2 2 4 4 4 3 4 1
2 4 4 4 4 3 0 0 1 2 1 1 2 1 0 4 4 1 1 4 4 2 1 2 2 1 2 4 2 4 1 0 0 0 3 3 1 3 0 0 4 1 0 3 3 3 4 1 4 0 1 3 4 3
2 4 4 0 0 2 2 1 1 0 4 4 2 0 0 4 3 0 4 4 4 2 2 1 0 2 1 1 1 3 4 0 3 0 4 2 4 1 2 2 1 0 0 2 4 3 1 1 2 2 1 3 3 1
2 0 3 2 2 3 0 3 2 3 2 1 4 2 0 0 2 4 1 3 3 0 1 1 3 1 4 4 3 0 3 0 0 1 0 0 3 2 3 0 2 0 4 3 1 2 1 4 4 3 3 1 3 1
2 0 0 0 2 3 4 2 1 2 4 2 0 1 4 3 1 1 1 1 0 4 3 4 4 3 3 2 3 2 0 2 1 4 0 0 1 3 2 0 3 0 3 0 2 1 1 4 4 4 0 2 3 1
2 2 2 2 1 3 1 4 1 2 4 3 2 1 4 2 0 1 4 1 4 1 2 1 0 0 0 4 3 0 0 4 1 1 4 1 0 3 2 1 2 4 4 1 0 1 0 3 1 0 1 2 0 2
2 1 0 1 3 1 1 3 3 3 2 0 0 0 2 2 3 1 3 0 2 3 1 2 2 3 2 0 2 3 1 3 1 4 1 3 3 0 4 2 4 4 1 0 1 3 4 1 3 3 3 0 3 4
2 2 4 4 1 3 0 0 3 1 0 2 0 3 3 1 1 3 1 2 3 1 1 2 3 3 1 2 4 4 3 1 0 3 4 3 3 4 0 4 2 0 3 0 4 3 4 0 3 4 2 0 0 1
2 1 0 1 4 2 2 4 2 2 0 3 0 1 4 1 1 1 3 2 1 3 4 3 3 4 4 4 1 4 2 0 0 4 1 2 3 0 3 0 1 4 2 3 1 2 0 0 1 2 3 4 3 3
2 1 4 1 4 4 2 3 3 2 3 4 1 0 2 0 0 0 1 2 2 0 1 3 2 2 4 2 3 3 3 2 3 0 1 0 1 0 3 2 0 2 3 3 0 3 0 1 4 2 4 4 0 1
2 3 0 2 3 4 2 4 4 1 3 2 1 4 1 4 1 3 1 0 4 0 3 0 1 1 2 2 1 2 0 0 2 3 0 1 1 3 2 0 3 0 4 2 1 3 3 3 2 4 4 2 4 3
2 1 3 3 1 3 1 1 4 4 1 0 3 4 0 1 4 0 1 0 4 1 1 4 3 3 2 2 3 3 4 3 2 0 1 2 1 2 0 3 3 2 0 0 1 0 1 0 1 1 2 1 2 4
2 0 2 4 2 0 2 0 0 3 3 1 2 2 2 4 2 0 4 3 1 0 3 3 1 2 1 0 1 3 0 1 4 4 4 0 4 1 1 3 0 2 4 0 2 4 2 0 1 3 1 4 4 1
2 2 1 3 4 3 2 4 3 3 2 0 3 2 1 1 0 0 2 4 4 4 4 0 3 4 3 3 4 4 0 4 1 3 1 4 3 3 2 2 4 0 4 0 0 1 3 3 3 3 3 0 1 3
2 2 2 0 0 4 2 2 4 2 0 2 0 1 2 4 0 3 3 1 1 2 0 2 1 4 4 4 3 2 1 3 1 3 2 1 1 3 3 3 1 1 2 2 0 0 4 0 0 4 4 0 2 0
2 4 3 0 2 2 3 3 2 1 4 0 1 1 0 1 2 1 1 4 4 1 1 3 3 0 4 1 3 4 3 1 0 1 2 0 0 0 1 3 0 3 1 4 3 3 0 2 2 0 0 2 2 4
2 2 4 3 0 3 0 0 4 3 1 2 3 2 4 1 4 3 1 0 4 3 3 4 1 2 2 2 3 2 3 4 3 2 3 4 0 4 2 4 1 4 0 1 4 4 0 0 4 0 3 0 2 0
2 2 3 1 1 4 4 4 0 2 4 4 0 4 0 2 1 2 1 1 2 0 1 4 3 3 3 3 3 2 4 4 0 0 3 0 3 4 2 4 1 4 0 4 4 0 3 2 0 4 2 3 3 0
2 1 2 3 4 0 0 2 2 3 2 2 0 2 3 3 4 4 3 0 3 2 3 2 0 3 4 4 4 0 0 3 1 0 0 0 1 3 1 4 1 1 3 3 4 2 4 4 4 0 0 3 3 1
2 2 4 0 0 2 1 1 2 1 1 0 1 3 0 1 4 4 1 1 1 0 4 2 3 4 1 1 0 1 0 0 0 1 4 0 3 0 0 0 3 1 2 3 1 3 2 1 1 2 0 4 3 1
2 2 4 4 2 3 4 4 3 4 0 1 1 4 3 2 4 2 0 1 3 4 1 1 4 2 3 2 2 1 2 0 0 1 4 1 0 0 3 2 2 4 0 0 1 0 0 3 1 3 4 0 1 4
2 2 0 1 3 4 1 4 3 0 4 4 2 4 3 4 3 0 3 1 2 1 4 1 1 2 0 1 4 3 4 3 0 4 3 1 3 4 1 1 2 4 1 0 4 3 0 2 1 3 2 4 0 0
2 3 0 1 2 1 3 3 3 0 0 3 2 3 3 3 2 0 4 3 3 0 2 4 0 1 3 4 4 3 2 4 1 2 4 0 4 3 2 0 3 1 2 4 4 3 2 0 2 1 4 0 0 0
3 0 0 0 4 6 4 2 3 1 3 0 4 3 4 6 0 1 4 2 4 1 5 2 2 1 4 5 0 3 4 1 1 1 0 5 6 2 4 3 1 2 0 2 3 1 5 4 3 5 4 1 6 6
3 1 0 2 2 2 4 6 0 2 0 0 1 4 1 5 1 6 5 4 5 5 0 5 6 4 3 1 6 6 2 5 0 3 6 2 1 0 4 4 5 4 2 1 5 2 6 6 2 5 2 0 4 5
3 2 5 0 2 3 6 2 1 6 4 3 4 4 4 4 2 3 1 0 5 3 2 6 1 4 4 6 3 2 3 3 0 4 0 3 0 4 6 6 5 1 3 4 1 3 5 4 5 3 2 6 5 6
3 0 3 5 0 4 6 1 6 3 3 1 6 4 5 4 5 4 2 2 1 5 3 2 2 1 1 3 2 3 1 6 2 5 6 5 4 1 6 0 5 0 4 5 5 0 6 3 5 1 2 1 4 6
3 3 1 3 1 0 5 0 5 6 1 2 5 2 1 1 6 5 3 0 4 1 2 5 2 5 3 2 0 5 3 3 2 5 0 0 6 3 2 1 4 6 0 5 6 3 4 3 0 4 6 1 0 6
3 4 0 5 6 1 0 2 6 0 5 3 0 2 3 0 0 1 1 2 6 2 2 1 6 2 5 5 6 3 2 1 1 0 2 3 0 3 4 1 6 2 1 5 5 4 0 0 0 6 5 4 5 6
3 0 6 5 6 5 3 0 5 5 2 3 5 3 0 5 4 3 5 1 0 3 5 2 6 2 5 2 5 3 1 3 1 0 4 6 4 4 2 1 6 1 3 5 6 4 2 4 3 4 2 4 2 1
3 6 6 5 3 6 0 2 0 4 5 2 4 2 3 0 6 2 5 5 4 2 5 3 0 0 4 5 4 1 5 2 0 6 3 6 4 4 0 1 2 1 0 6 0 6 6 2 4 5 3 2 5 5
3 0 0 4 1 0 1 4 1 0 0 2 1 0 3 2 3 0 4 4 6 3 1 6 5 3 4 0 4 3 3 2 4 5 4 1 0 3 6 2 3 0 2 0 2 1 2 2 2 2 4 6 3 6
3 5 1 6 6 6 1 6 6 5 0 4 3 0 3 1 6 5 2 2 2 0 1 2 1 3 5 6 4 0 0 5 6 4 5 1 2 3 0 0 1 4 4 1 3 1 1 0 4 5 6 4 6 2
3 1 5 3 2 4 6 2 3 4 6 0 5 5 5 0 0 3 5 3 4 3 2 5 6 6 0 2 3 2 5 4 2 3 0 3 0 2 5 6 5 6 2 1 1 3 2 6 2 1 2 5 2 2
3 4 6 0 0 6 4 4 5 1 4 4 0 0 6 1 6 1 3 2 6 3 3 0 6 3 3 2 3 2 5 5 0 1 5 3 0 0 6 4 2 3 6 6 4 6 1 4 1 5 0 0 0 5
3 4 2 3 4 5 6 3 6 0 2 3 5 0 2 2 4 5 0 1 2 5 2 5 2 4 0 0 2 5 4 6 1 1 6 4 6 6 4 2 5 0 5 4 0 5 4 0 2 0 4 0 4 0
3 5 4 4 6 6 1 2 4 6 6 2 5 2 0 2 0 5 4 1 6 0 6 4 0 3 6 6 5 6 6 4 0 2 2 1 5 3 3 0 3 1 3 0 0 4 2 3 5 4 4 1 5 6
3 5 4 4 5 4 0 0 3 6 2 3 6 5 5 0 2 3 3 4 1 2 2 5 4 0 4 2 5 1 3 0 6 1 5 1 6 2 4 6 1 3 1 6 1 0 5 0 2 2 3 3 0 2
3 5 4 1 3 3 5 1 5 2 4 0 4 2 6 4 0 5 0 6 5 5 0 4 3 1 5 2 4 4 3 3 5 4 1 1 1 5 3 4 2 5 2 3 4 0 4 2 3 4 6 0 1 6
3 6 0 3 5 2 0 3 3 3 2 0 4 1 5 3 3 0 1 4 2 5 6 0 3 6 3 0 2 1 4 6 0 2 0 0 2 3 5 5 4 2 4 6 1 1 2 5 0 1 4 3 5 4
3 0 1 3 6 4 4 4 1 3 5 4 5 1 1 1 1 3 0 5 5 3 0 1 6 4 0 1 1 3 6 2 2 1 1 3 6 5 1 3 1 3 1 6 5 5 4 6 6 5 6 0 2 5
3 0 2 1 4 3 4 6 2 1 2 6 2 2 3 4 4 1 5 0 2 0 0 6 0 4 6 5 6 6 3 0 4 5 6 1 5 1 5 0 1 6 1 3 3 4 6 0 0 5 0 6 2 2
3 2 3 2 5 4 6 5 0 6 0 2 1 6 5 4 0 0 0 1 0 0 4 4 2 2 3 0 4 3 0 1 6 0 4 2 1 6 4 6 1 3 5 4 2 1 3 3 0 6 6 0 6 0
3 6 0 1 5 1 0 5 3 3 6 5 4 3 4 2 6 1 6 4 2 0 6 4 5 0 1 4 6 6 1 3 6 3 4 0 2 5 3 2 5 6 3 2 5 1 4 0 0 3 2 5 6 0
3 3 1 4 5 6 5 2 1 0 0 5 5 5 5 6 0 1 3 0 1 0 0 2 6 0 5 5 1 1 3 2 0 2 1 1 1 2 3 2 1 0 1 3 1 3 6 5 3 6 3 3 5 4
3 0 6 2 5 6 1 1 4 0 2 0 5 4 4 1 2 5 0 5 3 0 6 0 0 6 3 5 6 1 0 4 2 2 3 0 6 4 3 5 1 2 3 6 1 1 3 0 0 5 5 1 0 5
3 4 1 0 4 0 6 1 3 4 3 3 1 0 1 5 5 2 0 4 5 0 2 5 0 4 3 4 5 5 5 5 6 4 5 3 6 3 4 3 5 2 3 6 5 0 6 0 5 1 1 5 2 5
3 5 5 4 0 5 4 5 0 1 4 1 2 4 3 4 3 0 3 1 5 1 1 2 4 0 1 6 2 6 5 5 4 6 6 4 2 4 2 1 1 0 2 0 4 1 4 1 1 5 0 2 4 4
3 2 0 2 6 1 5 6 1 5 5 2 1 1 6 5 4 0 6 5 1 4 1 6 5 2 0 1 5 1 1 1 4 4 2 1 4 1 3 5 4 2 2 2 5 2 1 3 6 2 4 1 4 4
3 5 5 2 1 0 2 5 3 2 1 5 3 5 2 6 3 5 6 1 1 6 3 1 4 2 0 0 0 2 6 5 3 4 3 3 1 4 3 2 6 2 6 6 0 3 4 2 1 1 1 0 3 6
3 6 1 0 3 2 0 6 2 1 4 1 3 6 2 2 4 2 0 4 4 0 2 0 4 2 1 0 0 1 5 4 0 3 5 2 5 5 4 6 6 0 6 2 5 5 0 4 0 6 5 1 3 5
3 6 2 0 6 0 4 1 6 5 4 2 1 3 5 1 6 2 1 0 0 0 3 1 1 0 0 6 4 0 6 1 1 4 5 1 3 4 5 0 0 3 3 0 6 0 3 6 5 0 1 2 0 1
3 2 1 5 6 5 0 4 1 6 0 5 0 6 5 4 5 5 2 0 5 1 6 3 0 1 3 1 6 2 0 2 5 3 0 4 0 6 0 1 2 6 0 0 5 5 1 2 4 5 0 4 0 1
3 1 5 3 4 1 3 3 1 5 2 4 5 6 4 0 3 6 6 4 1 0 1 5 0 4 5 4 4 0 3 0 0 0 1 5 5 0 5 0 2 1 2 0 3 2 3 1 5 5 2 1 6 6
3 1 5 4 2 5 2 3 1 6 4 3 5 3 5 5 2 4 5 4 5 1 3 6 5 5 2 0 4 0 2 6 0 6 4 4 0 3 0 5 1 3 5 3 2 6 6 4 0 6 3 6 6 2
3 4 0 6 2 1 0 4 2 0 4 0 6 3 0 0 2 5 2 0 3 0 2 1 0 0 1 4 3 3 3 0 1 0 3 0 3 4 0 5 4 6 6 3 3 6 0 3 4 6 3 5 1 6
3 2 4 6 4 2 3 4 5 3 2 6 0 2 1 3 3 1 6 3 0 3 3 3 4 5 6 3 0 6 1 6 5 6 0 6 0 5 1 0 6 1 6 5 0 1 1 0 3 4 4 4 1 6
3 4 4 0 5 2 2 4 1 4 2 0 1 6 3 3 3 1 3 4 0 2 1 5 2 1 6 4 0 6 3 2 2 6 6 0 5 4 2 4 1 5 5 4 5 5 6 6 6 0 3 4 5 6
3 5 0 0 1 4 4 5 6 3 3 3 5 5 0 5 1 3 5 0 0 0 0 3 1 3 1 6 2 0 1 6 0 0 6 6 0 4 4 1 3 3 5 0 3 0 4 0 1 6 2 1 2 0
3 4 5 5 3 3 4 2 2 4 5 1 2 4 2 6 4 4 3 0 2 1 0 0 2 5 4 5 1 3 4 0 6 2 0 5 6 0 3 0 4 6 5 3 6 3 0 4 4 2 3 5 5 0
3 4 6 1 0 4 4 0 3 4 4 6 4 4 3 2 6 2 0 1 2 2 6 5 0 1 5 2 6 3 6 6 5 2 5 2 2 0 0 6 6 5 4 1 0 3 0 3 0 1 1 6 5 4
3 4 2 6 4 0 0 0 3 2 0 5 3 4 4 6 2 0 3 5 2 6 3 1 4 2 3 4 2 3 0 2 2 4 6 5 6 1 5 0 2 5 1 5 0 5 2 3 4 3 6 6 3 6
3 2 6 1 5 3 2 0 4 1 4 6 3 1 4 2 5 5 0 1 1 5 4 6 1 0 5 0 4 4 1 4 2 0 6 2 6 1 1 0 0 4 5 4 0 5 4 2 6 4 2 2 0 3
3 3 2 5 2 2 4 0 4 4 3 4 5 5 6 2 4 4 5 6 6 6 1 0 1 0 6 3 5 0 6 1 3 2 4 6 6 4 2 2 3 0 1 1 3 1 3 2 3 1 2 3 0 2
3 1 0 3 2 0 2 5 4 6 5 0 6 3 4 1 5 1 1 3 4 3 0 6 0 2 1 4 0 6 2 5 2 3 1 4 6 2 4 3 0 6 0 5 1 1 2 6 3 2 5 1 6 5
3 5 3 5 2 1 4 1 1 1 6 0 1 1 3 5 0 1 5 2 6 2 3 2 2 1 0 0 6 2 3 1 3 1 1 1 6 1 6 3 1 1 5 0 0 0 4 4 2 4 3 0 3 1
3 1 4 0 0 2 6 1 3 3 6 3 3 3 5 2 1 0 6 1 4 0 2 1 2 6 4 4 0 5 4 2 2 4 2 6 5 0 0 1 6 5 3 1 0 5 2 6 4 6 6 5 6 5
3 0 5 5 3 6 3 0 0 5 4 5 3 4 3 1 2 1 2 0 2 0 1 2 0 2 2 2 3 5 0 4 0 3 0 3 1 5 6 4 1 5 0 1 2 0 0 1 3 4 6 2 5 2
3 3 3 2 5 4 4 0 4 5 0 1 5 3 1 0 4 5 2 0 1 3 6 6 6 2 2 6 2 1 0 0 3 4 5 2 3 3 3 3 4 0 4 6 2 5 0 4 3 2 5 0 0 2
3 2 3 6 6 2 1 6 2 5 5 5 0 1 0 0 2 3 6 4 6 3 3 6 2 1 6 0 0 1 4 3 0 6 0 3 6 2 1 4 6 2 2 4 0 0 2 0 4 3 0 1 2 6
3 5 4 4 5 0 3 4 3 5 2 5 4 4 2 6 0 0 5 0 6 1 2 0 2 6 6 4 4 1 3 4 5 4 1 3 6 5 4 4 3 4 1 3 6 5 6 6 0 1 3 5 3 4
3 1 6 5 1 6 2 4 1 3 2 3 0 0 1 4 6 4 3 4 4 3 5 3 6 0 1 4 5 0 6 6 2 3 5 3 3 3 1 3 4 0 6 2 6 3 3 2 1 0 0 2 1 5
3 6 4 2 2 4 5 1 6 1 6 6 5 2 4 2 6 3 3 3 5 5 5 5 0 2 1 3 2 5 5 0 4 6 3 5 0 1 1 1 1 0 1 6 5 4 2 3 2 2 0 3 4 4
3 3 2 0 5 5 2 0 3 2 2 3 0 5 2 2 3 1 0 1 1 3 2 0 3 3 3 6 2 1 5 4 0 0 2 4 0 1 0 6 6 6 4 6 2 3 2 3 1 0 6 0 1 0
3 4 6 0 3 2 0 1 1 6 3 6 5 1 5 1 3 0 2 5 1 1 6 2 1 1 6 3 0 6 5 2 4 1 4 1 0 3 4 2 6 5 6 6 4 4 2 1 4 5 2 4 0 5
3 6 6 3 1 3 1 1 3 1 5 1 3 1 6 1 5 0 6 0 5 6 1 0 2 5 3 1 2 3 6 3 5 1 6 0 0 5 3 6 6 4 5 1 2 1 4 0 4 2 3 6 5 0
4 0 5 3 6 0 1 8 1 7 3 6 1 7 3 4 1 4 4 0 0 1 5 3 2 0 0 5 3 0 7 8 7 5 0 1 3 0 5 2 4 6 6 1 8 8 5 6 7 5 2 1 2 8
4 4 0 2 5 6 6 8 4 6 6 6 0 3 1 8 0 4 5 4 2 0 2 2 7 8 3 2 4 4 6 1 4 0 1 0 4 7 7 4 7 7 4 8 8 0 6 6 0 7 6 2 3 5
4 7 6 0 8 3 7 8 1 7 3 8 4 1 5 6 0 2 3 5 0 4 1 3 1 7 4 3 1 4 7 2 1 6 2 3 1 3 0 5 5 1 1 7 3 6 4 6 7 2 7 0 0 4
4 5 4 0 0 7 4 5 6 5 6 0 4 7 4 0 0 7 2 5 5 0 1 6 1 7 5 6 3 7 2 6 3 7 1 1 1 4 7 2 3 1 7 3 0 4 7 3 6 6 6 2 4 3
4 8 4 7 4 0 7 6 2 7 0 5 0 2 8 2 6 5 0 4 8 5 5 7 5 5 4 6 2 7 8 0 6 7 6 8 6 6 6 2 4 4 7 2 1 3 2 5 4 4 1 7 0 4
4 8 8 7 3 2 0 2 4 5 3 4 1 1 5 6 4 0 2 4 7 4 7 3 2 6 8 4 6 2 7 0 1 6 0 6 1 0 5 4 4 4 1 0 4 0 6 6 5 2 4 1 8 5
4 8 5 1 4 1 7 0 1 6 2 8 4 1 0 0 1 7 7 6 4 5 6 2 4 4 4 6 3 7 6 3 0 0 0 3 1 4 4 5 3 7 1 3 1 0 3 3 5 5 7 3 5 6
4 2 0 6 8 5 1 0 0 1 7 4 7 5 7 0 3 7 4 4 6 0 1 0 3 3 8 1 2 3 3 6 1 6 3 3 6 3 0 8 2 1 0 4 4 0 3 8 4 3 0 0 3 0
4 8 6 6 0 3 2 0 1 0 2 1 2 2 5 0 6 4 7 3 0 6 5 6 7 4 7 7 7 6 3 6 4 5 4 8 6 6 1 2 1 6 0 6 7 4 4 1 2 6 6 3 0 5
4 3 6 5 0 8 1 7 5 6 0 7 6 0 2 0 4 4 5 5 4 3 3 5 7 3 5 1 2 2 4 4 6 0 4 2 2 4 5 3 7 1 2 5 6 7 6 7 0 3 7 0 6 8
4 2 7 0 7 3 3 8 6 1 6 0 6 6 1 5 8 1 3 6 7 2 5 0 5 8 0 2 8 6 0 6 8 3 7 3 5 5 1 2 6 4 0 3 4 4 0 1 5 1 5 5 7 3
4 2 7 8 2 3 0 3 7 1 4 3 0 7 4 1 6 0 0 0 3 5 7 6 4 6 4 1 0 7 4 7 3 1 8 1 1 3 4 7 0 7 2 8 5 2 2 5 1 6 7 1 3 0
4 7 1 6 0 3 2 2 0 1 8 3 1 0 5 5 1 0 0 2 6 2 0 4 5 4 3 3 6 5 5 2 1 2 5 2 3 0 1 8 5 2 3 1 6 5 4 6 2 5 0 0 2 7
4 0 6 0 8 7 2 2 7 1 5 2 5 7 0 8 8 8 6 7 7 3 3 0 5 8 4 2 0 7 5 6 3 5 0 5 2 5 0 0 6 5 1 1 4 5 4 4 6 6 6 2 7 8
4 4 3 7 1 0 3 4 0 2 0 7 5 1 7 0 6 4 4 4 4 1 1 1 2 6 2 2 3 7 4 1 7 0 7 5 6 7 2 1 3 0 1 0 5 6 1 5 4 5 7 7 0 5
4 3 2 5 2 0 7 7 3 6 7 1 4 7 1 5 0 7 6 5 2 6 0 3 6 1 5 1 5 7 6 2 2 4 4 6 2 2 1 0 7 3 7 1 8 0 2 7 0 8 2 0 0 4
4 2 2 6 7 2 6 8 0 0 6 7 6 5 3 5 5 0 2 7 1 0 2 1 4 4 6 4 6 5 0 6 5 3 6 6 1 2 6 6 3 0 7 1 3 2 0 4 3 2 4 2 0 6
4 0 8 6 0 1 0 6 1 2 4 1 6 5 3 0 2 5 0 7 0 0 4 7 8 4 4 2 1 0 2 5 7 7 0 7 6 3 7 6 2 4 1 2 6 0 2 2 7 0 6 3 6 2
4 4 7 6 1 1 3 8 3 7 2 7 3 7 3 4 7 5 6 0 0 1 7 2 1 0 5 5 8 6 5 6 6 5 6 0 3 5 0 2 6 3 3 3 1 4 4 3 6 1 5 6 2 1
4 2 7 6 2 1 2 6 5 7 3 3 0 1 0 8 0 4 0 3 0 2 0 3 2 7 5 3 6 0 5 6 2 1 5 0 1 5 5 3 8 4 6 1 1 0 3 3 1 1 1 3 4 1
4 7 4 5 1 5 8 7 7 4 7 1 0 7 3 7 7 0 0 3 6 0 6 4 6 0 3 5 2 2 7 8 5 0 6 2 1 8 1 6 7 1 6 6 4 5 1 0 6 6 6 2 4 2
4 7 0 0 5 5 7 1 5 5 7 5 0 3 1 7 8 2 1 5 5 5 0 7 1 2 3 6 4 2 1 4 8 1 2 3 4 2 8 0 8 7 8 7 1 1 8 6 1 5 8 3 5 7
4 2 7 7 1 0 2 7 3 8 3 6 2 5 5 1 7 6 0 3 6 1 2 0 1 1 5 8 3 8 5 4 6 5 0 4 3 2 8 6 3 0 3 4 5 5 6 1 7 1 3 0 2 0
4 6 7 2 6 3 0 1 6 6 0 6 1 2 3 0 2 8 1 4 1 0 2 2 0 2 0 2 6 5 0 0 7 0 3 5 7 4 7 1 7 2 0 5 2 6 5 5 3 7 1 5 2 1
4 5 6 2 7 1 7 4 6 1 4 6 2 6 2 8 0 1 2 0 2 1 2 4 0 0 1 3 2 3 4 7 5 4 1 4 5 5 7 8 7 5 6 4 2 7 7 0 5 4 2 8 5 1
4 2 7 6 5 5 2 3 8 1 7 2 7 2 8 8 0 3 4 5 5 3 8 8 0 0 0 3 4 8 5 0 8 8 7 7 4 2 3 4 0 1 8 4 2 4 4 4 2 5 6 2 6 3
4 2 2 0 7 5 6 7 2 0 3 0 3 5 8 1 0 3 2 5 0 7 4 2 2 3 1 0 7 4 8 5 1 0 0 8 5 1 0 3 2 3 1 4 6 2 1 4 2 7 2 5 1 8
4 0 4 6 7 4 7 5 7 4 6 2 0 2 1 4 4 1 6 8 5 1 6 0 6 5 0 1 0 2 1 4 7 3 0 1 5 7 7 0 4 1 1 6 8 7 2 3 7 1 6 1 5 7
4 7 4 3 5 7 7 2 0 6 4 1 6 1 3 8 6 2 6 5 5 5 6 5 3 7 2 2 4 0 4 1 0 2 5 5 5 3 3 8 1 1 2 0 0 4 7 0 1 2 1 1 5 1
4 4 3 0 1 0 5 2 1 0 5 2 0 6 1 6 2 6 5 1 7 2 8 1 3 2 4 5 3 4 0 7 3 7 2 5 0 3 2 2 1 2 3 5 7 5 2 8 5 5 5 2 6 0
4 5 3 3 1 8 0 0 5 1 6 4 3 3 4 0 7 0 8 4 5 0 6 7 7 8 2 0 6 4 3 0 8 7 1 8 4 7 2 3 0 2 2 0 5 0 3 5 4 6 0 5 2 5
4 0 5 1 7 6 5 5 7 7 2 2 7 4 6 0 3 4 0 2 2 3 2 5 1 3 4 2 2 1 1 2 0 1 3 3 3 6 3 1 0 0 3 6 1 4 7 8 0 4 6 1 1 3
4 0 6 4 2 6 3 6 2 5 7 4 2 7 5 0 5 5 4 4 3 8 7 3 6 6 0 1 7 3 6 6 2 0 1 3 8 8 6 5 7 2 7 0 8 3 2 2 7 6 4 6 6 7
4 1 8 7 5 2 8 8 6 5 5 8 6 7 6 7 1 0 3 5 7 7 3 2 5 0 4 7 1 4 8 5 0 4 0 0 6 8 7 4 7 3 6 6 8 7 1 5 6 3 1 4 0 2
4 1 2 1 4 3 4 2 3 8 5 4 4 0 8 3 2 3 3 3 3 4 5 7 1 6 6 8 3 2 1 3 7 7 5 0 2 5 6 0 1 6 3 0 2 1 0 3 6 4 5 8 7 5
4 4 7 3 1 8 1 8 0 1 4 8 5 0 4 3 5 3 3 5 7 5 6 2 4 5 6 4 4 8 3 4 0 3 2 2 0 5 4 5 4 1 3 5 5 7 4 1 0 5 2 6 4 4
4 0 2 3 2 0 7 8 0 6 0 2 3 1 4 5 7 5 1 0 1 1 2 4 4 4 6 4 7 7 2 7 8 3 6 7 1 0 4 2 8 8 0 6 2 5 2 2 2 3 4 2 3 3
4 2 7 0 0 2 2 8 0 7 7 3 3 0 5 1 3 3 0 3 2 2 1 4 1 2 6 4 8 4 5 6 0 2 1 2 8 4 0 5 4 2 2 1 0 3 2 2 5 4 1 3 7 6
4 5 7 1 5 4 0 1 2 5 8 5 4 5 0 1 5 2 5 1 6 4 1 3 1 2 7 1 1 0 5 3 0 4 0 7 7 1 1 0 1 6 3 4 7 7 7 0 1 6 4 1 2 6
4 7 5 3 3 6 1 0 3 1 6 2 6 1 3 5 3 5 8 7 2 6 7 7 8 0 0 0 6 4 3 3 8 2 3 2 8 3 6 4 0 2 6 6 2 3 5 3 3 0 8 5 0 7
4 3 2 8 0 5 3 5 4 5 1 8 3 5 4 4 2 0 0 6 0 0 1 0 2 7 5 7 6 0 1 4 7 2 7 6 3 0 2 1 6 0 7 4 5 5 8 3 0 6 7 0 3 0
4 6 5 0 4 7 3 8 2 6 4 8 1 7 5 4 6 7 2 7 5 3 0 0 6 6 8 2 2 4 0 6 5 1 6 6 6 0 0 7 2 2 0 3 4 4 7 7 2 1 1 3 6 7
4 3 4 3 7 2 8 5 4 2 0 3 5 6 6 5 4 7 7 7 0 6 5 8 7 1 6 2 6 0 5 7 7 5 6 7 5 7 8 6 0 3 0 0 2 7 2 2 2 4 4 2 2 0
4 4 0 2 7 5 7 5 2 1 4 5 4 4 0 7 6 1 1 3 3 3 6 7 0 4 6 1 1 4 1 4 1 4 0 2 5 6 3 8 2 7 0 2 0 6 4 2 7 0 0 6 4 7
4 3 6 4 3 1 4 5 5 6 7 2 7 1 7 1 7 4 1 2 2 5 7 7 6 5 0 0 7 7 1 6 3 5 5 5 0 5 2 4 0 6 8 0 3 0 6 8 0 6 6 2 5 8
4 2 7 3 2 3 5 6 1 6 3 0 0 3 5 3 4 0 2 4 3 4 1 5 1 5 1 4 0 1 1 0 4 5 0 7 4 4 3 1 0 7 0 0 3 6 0 5 7 5 1 6 4 6
4 8 8 6 0 3 0 6 7 3 6 3 4 8 3 5 3 7 3 5 7 0 8 0 0 7 4 0 1 2 0 4 4 2 6 0 7 0 5 0 5 2 5 4 7 3 0 0 5 4 2 7 2 0
4 3 1 0 0 0 1 6 2 8 2 0 2 1 5 6 2 6 0 0 0 7 1 0 2 3 1 4 1 5 5 3 0 1 2 0 5 3 7 6 5 2 3 5 6 4 4 4 0 7 1 1 3 5
4 2 7 5 5 2 2 1 2 3 6 3 6 4 6 3 2 8 2 0 1 3 4 1 2 5 0 0 7 6 4 2 5 7 2 0 3 2 0 2 3 7 3 6 5 3 6 2 8 0 3 2 5 1
4 4 6 6 5 6 3 3 0 1 8 1 1 1 3 6 1 0 5 3 3 5 6 8 7 5 5 2 1 3 5 6 1 7 3 6 5 2 7 6 6 0 3 3 6 0 6 1 0 5 0 5 0 3
4 5 8 5 1 0 7 8 2 3 1 5 1 0 2 4 6 0 8 6 2 2 5 8 0 1 6 6 2 0 4 2 3 5 0 3 3 0 0 2 3 2 0 2 5 4 8 2 0 8 3 0 0 0
4 7 5 1 4 2 0 1 3 2 0 1 7 1 8 2 8 6 1 0 4 5 4 5 6 3 7 8 6 4 7 7 2 3 8 0 5 6 2 4 3 2 7 6 8 8 4 5 5 2 6 1 0 4
4 6 1 2 6 4 5 2 2 5 2 3 3 2 1 7 1 5 4 1 7 6 0 0 6 8 7 7 4 2 2 2 5 5 0 6 1 7 1 8 0 1 2 3 7 6 5 3 0 6 1 7 2 0
5 0 0 1 1 3 4 3 2 0 5 1 2 2 2 5 3 3 4 1 3 1 2 5 4 4 0 0 0 4 0 4 5 2 2 5 0 1 2 3 5 1 5 4 3 0 1 1 1 4 0 2 0 2
5 0 0 4 3 0 4 4 5 4 0 5 5 3 0 3 3 4 1 0 4 1 4 1 4 4 1 2 1 2 4 5 2 4 4 1 0 2 4 4 3 1 4 2 1 4 5 5 2 1 4 5 2 4
5 4 4 0 0 2 0 3 3 4 4 2 0 5 3 0 5 1 1 0 4 3 3 2 3 2 2 3 3 2 4 5 3 2 5 3 5 1 3 5 2 3 2 2 4 4 2 1 3 3 2 0 0 3
5 1 5 0 0 1 1 2 4 0 1 4 0 0 4 0 3 1 0 3 5 3 3 4 5 3 3 5 4 0 3 2 0 1 2 2 4 3 0 1 1 0 1 5 2 5 5 5 0 1 5 4 2 0
5 5 2 1 4 0 1 0 4 5 0 1 5 3 5 3 2 0 3 2 3 4 0 1 0 2 4 3 4 2 0 2 3 0 4 1 3 1 2 3 1 4 3 2 0 2 4 2 3 3 1 2 4 3
5 4 3 3 1 2 0 2 0 3 0 5 1 2 0 1 0 0 4 3 5 3 2 2 2 2 2 0 4 0 2 0 4 1 0 3 3 2 0 3 4 4 4 1 3 3 2 5 2 2 3 5 0 3
5 0 2 2 0 1 3 0 4 0 4 4 1 5 1 2 5 4 3 3 1 0 0 0 5 1 4 1 2 0 2 0 5 1 3 2 3 5 2 4 3 1 3 0 1 0 1 4 4 2 3 0 0 2
5 2 1 5 2 0 4 4 0 2 5 2 0 4 4 2 2 3 4 2 0 3 1 3 4 2 2 1 0 3 3 2 5 1 1 5 1 4 5 0 3 1 1 3 3 5 2 1 0 0 1 0 3 5
5 1 2 1 2 5 0 1 3 0 2 2 4 1 0 2 2 1 3 1 1 5 1 2 3 1 0 4 0 1 1 2 1 3 3 2 3 4 1 1 3 5 1 2 3 4 2 3 0 3 3 4 5 2
5 4 1 3 5 1 3 1 1 2 0 0 4 3 3 1 4 5 4 4 3 3 4 0 5 0 4 3 5 2 4 1 0 0 3 5 2 5 5 2 1 0 1 1 3 0 3 0 1 4 4 0 3 3
5 2 1 4 5 5 4 5 4 4 3 0 4 1 2 0 2 1 2 0 3 2 4 4 3 0 0 1 5 5 0 0 0 3 5 4 5 1 1 4 4 4 2 3 1 3 4 0 2 0 4 3 4 0
5 5 2 0 1 0 3 1 3 1 2 4 0 4 1 1 0 2 1 4 2 0 5 2 1 0 1 4 2 2 0 2 1 0 5 2 5 4 5 2 5 2 2 1 3 2 5 3 1 4 4 1 5 1
5 1 1 1 3 1 3 5 2 3 5 0 1 0 4 0 1 2 3 1 1 3 5 1 2 1 2 5 3 2 0 2 3 0 3 3 2 5 1 4 2 0 2 2 3 0 1 3 3 1 1 3 2 2
5 4 3 4 4 1 0 4 3 2 3 3 4 2 0 3 0 3 2 0 4 3 1 3 3 1 0 0 3 4 0 0 2 3 1 0 0 0 5 1 1 5 4 0 2 3 3 3 3 3 1 1 2 3
5 0 3 0 3 3 4 2 2 5 3 3 1 3 2 0 5 3 2 3 5 0 4 4 3 0 3 2 2 2 4 1 5 3 3 1 4 0 0 1 5 1 0 2 5 3 4 3 2 4 0 2 4 1
5 5 1 2 3 4 0 4 0 2 2 4 1 3 4 4 0 2 1 2 0 3 0 4 4 1 5 4 4 3 3 2 1 4 3 5 3 2 5 3 1 1 5 0 1 2 2 3 0 0 3 2 4 4
5 0 0 2 4 0 2 5 0 4 3 0 3 1 4 0 2 0 4 1 4 0 5 1 3 1 4 1 4 0 1 5 1 3 2 4 3 3 3 3 3 3 1 1 4 0 3 2 1 1 5 2 2 4
5 1 2 5 3 0 4 0 2 4 1 3 4 2 4 2 0 4 0 2 3 0 0 3 1 3 3 4 3 2 0 3 5 5 1 3 5 2 4 0 3 0 3 3 4 1 1 4 3 4 3 0 2 2
5 5 2 0 3 4 5 3 4 2 5 0 4 5 1 1 5 5 1 0 4 5 2 2 2 1 0 1 4 3 3 1 4 3 4 0 3 1 2 4 3 0 4 3 1 3 2 5 5 3 1 2 1 1
5 4 4 1 5 4 3 0 4 1 2 4 4 4 5 0 0 3 0 0 0 4 5 1 2 4 2 1 2 0 3 4 5 1 2 5 3 4 0 3 3 5 0 2 0 2 3 3 3 1 0 2 3 4
5 5 5 2 5 0 3 3 2 2 4 3 2 1 3 0 2 1 4 0 1 0 3 5 3 1 1 1 2 1 0 1 4 0 5 2 2 2 1 2 1 0 1 3 0 2 3 0 1 2 2 0 1 3
5 4 5 0 0 1 5 5 1 1 2 1 4 3 0 1 0 0 4 0 3 2 0 4 0 5 3 1 4 4 4 0 4 1 4 2 4 3 1 3 1 5 4 0 0 4 2 2 4 5 3 2 1 1
5 0 1 0 3 5 5 3 3 0 2 5 1 4 2 0 0 2 2 4 3 4 3 0 4 3 3 0 5 2 2 3 1 4 2 3 3 5 5 3 1 3 1 0 2 0 0 5 2 4 5 2 5 2
5 0 4 0 1 5 0 0 4 4 5 0 4 5 3 0 2 1 0 5 3 4 5 3 0 3 1 0 1 2 5 0 5 4 1 3 4 3 1 3 4 0 2 2 3 5 5 3 2 1 4 0 2 2
5 1 2 3 3 5 1 2 4 5 5 1 0 1 1 0 0 0 5 4 1 2 0 5 4 0 2 1 2 3 5 3 4 3 4 2 4 4 3 5 1 2 3 4 4 3 5 4 4 1 2 1 4 1
5 5 2 2 2 5 4 1 5 3 5 0 1 0 5 3 3 1 3 5 1 3 3 1 5 4 0 5 1 4 3 3 1 1 4 0 4 4 2 3 3 3 4 4 0 4 1 5 4 3 2 0 0 0
5 3 0 1 5 5 0 3 5 1 2 5 3 1 3 2 2 5 0 1 3 2 3 0 4 2 5 0 4 2 2 2 2 1 1 4 4 1 4 1 0 5 0 1 0 4 4 0 3 2 2 3 3 2
5 1 2 1 4 5 3 0 4 5 5 2 2 3 2 5 0 1 0 3 2 0 0 3 4 5 2 1 0 5 4 1 4 5 2 1 1 0 4 2 0 3 5 5 1 2 3 3 4 2 4 2 5 0
5 0 3 4 4 4 1 3 0 3 4 2 3 5 0 4 1 1 4 4 4 0 3 5 2 0 3 4 2 0 4 5 1 2 4 3 3 2 3 0 3 1 3 5 5 3 1 1 2 3 2 2 2 5
5 1 2 5 4 0 0 2 1 4 1 0 5 0 3 3 4 4 1 3 4 2 0 1 2 1 3 2 5 3 0 2 2 1 0 3 4 1 4 2 0 0 1 4 3 0 0 2 1 2 4 1 5 4
5 4 3 2 1 5 2 4 1 5 5 5 3 3 1 2 4 3 3 2 3 3 1 4 0 5 3 0 3 3 4 0 3 1 4 3 2 5 5 0 2 0 2 4 3 1 1 3 2 5 0 5 5 5
5 0 2 4 3 2 2 2 2 0 4 3 0 2 0 2 3 3 0 5 4 1 5 4 0 2 2 3 3 1 3 0 0 2 1 1 3 4 3 3 3 3 0 2 0 1 0 2 0 2 0 0 2 1
5 4 2 0 3 2 1 5 1 3 4 4 0 1 3 0 3 5 1 0 3 4 2 3 3 0 0 2 1 2 1 4 2 0 2 5 2 1 4 1 1 3 1 2 4 0 2 1 0 5 5 2 1 2
5 3 3 3 4 0 2 1 1 1 4 4 5 3 1 4 3 4 1 4 4 5 1 0 0 3 3 3 1 1 2 4 2 0 0 4 4 2 3 0 1 3 1 3 1 0 1 5 0 3 1 0 5 0
5 3 4 0 3 3 0 2 4 2 3 0 1 5 4 1 2 4 1 4 1 3 3 3 5 4 4 2 3 4 4 5 0 0 1 0 4 1 3 5 5 2 0 2 0 4 3 5 4 3 1 5 0 2
5 2 1 3 4 0 1 0 2 4 1 3 2 4 0 5 5 0 3 1 3 3 5 5 1 2 2 0 2 4 3 3 0 0 3 2 0 1 2 5 1 4 1 3 4 4 0 0 0 4 5 5 1 3
5 0 3 1 1 3 1 1 2 2 4 2 3 2 4 0 2 2 3 0 2 2 1 4 1 3 5 2 0 4 1 2 1 1 2 3 4 0 0 3 0 2 1 3 2 0 0 1 1 4 4 1 5 3
5 0 0 4 0 4 4 3 3 3 3 2 0 3 1 0 3 0 0 5 0 2 2 5 2 4 3 4 0 2 5 5 3 5 3 4 4 3 0 5 3 0 4 3 0 3 4 0 2 0 1 2 1 2
5 4 0 0 3 1 1 4 3 4 0 4 4 1 2 1 3 3 3 3 4 2 0 0 3 3 2 2 0 1 4 4 0 0 2 4 2 5 1 0 0 0 0 3 5 1 1 1 2 2 5 4 1 5
5 3 2 2 2 2 4 5 4 3 4 1 4 1 3 0 3 2 0 4 0 0 3 1 1 0 1 3 2 5 4 3 4 3 4 3 0 3 2 4 0 2 0 0 1 0 3 4 5 2 1 4 1 0
5 4 1 2 4 2 1 4 1 3 4 5 4 1 2 0 1 2 4 3 4 1 1 1 1 3 2 5 0 4 0 0 5 4 3 3 2 2 3 2 2 0 1 3 0 1 0 4 4 4 1 2 0 4
5 3 2 1 3 0 2 3 3 4 4 5 0 4 1 0 1 3 3 5 5 5 0 5 4 4 2 3 1 4 5 5 0 4 1 3 1 1 2 0 1 2 0 1 2 0 3 0 5 4 3 0 0 2
5 3 0 1 0 3 2 3 0 1 0 5 0 2 5 2 4 4 0 0 4 0 2 0 0 1 0 3 4 3 3 3 0 4 2 0 2 2 0 1 3 3 5 0 2 2 1 2 3 4 2 4 4 0
5 0 0 3 3 4 3 2 1 4 3 0 4 3 2 0 4 2 3 0 0 3 5 3 4 4 0 5 5 0 1 3 3 2 5 3 2 1 0 5 1 0 1 3 0 2 0 1 3 4 4 3 5 1
5 1 1 1 0 2 3 3 4 5 0 3 2 5 3 3 2 1 5 2 0 5 4 0 0 3 4 3 5 0 0 2 1 4 4 1 2 5 1 3 1 1 0 0 2 0 2 3 3 3 1 5 2 0
5 2 3 0 5 4 4 3 2 2 2 4 0 4 4 3 4 4 5 4 4 2 2 0 1 4 1 2 3 4 1 3 2 5 2 2 0 4 5 4 4 3 2 4 1 2 0 4 2 5 2 4 0 2
5 2 3 5 5 4 3 4 4 0 2 5 1 5 5 4 1 1 2 1 3 4 1 1 1 4 5 1 2 2 2 1 2 2 3 4 3 2 1 4 2 1 4 0 5 5 1 0 2 3 0 3 3 4
5 1 0 2 2 3 3 0 5 5 2 3 3 4 0 1 3 1 1 1 3 3 4 0 3 3 1 5 4 0 0 2 1 0 0 1 1 0 1 1 0 1 1 1 3 2 3 1 0 5 1 3 2 1
5 2 4 0 1 4 4 1 3 0 5 0 0 0 3 4 3 4 1 4 1 2 3 4 2 3 4 0 0 0 3 0 3 3 0 1 2 1 4 2 5 2 3 2 0 4 5 5 1 0 5 2 5 1
5 3 2 0 5 2 2 5 0 3 4 0 1 2 2 1 3 3 4 4 2 4 5 1 2 2 3 5 3 4 1 5 0 2 3 2 0 1 5 1 5 1 2 3 0 1 2 4 0 1 0 1 4 3
5 3 1 2 4 1 0 3 3 1 5 1 2 2 4 2 2 1 2 1 0 3 3 4 4 1 0 5 1 5 0 5 4 3 3 1 4 4 3 4 3 0 2 5 2 1 0 4 2 3 4 0 2 1
5 3 0 5 4 2 1 1 2 3 1 3 2 0 2 0 5 4 1 2 3 1 1 5 2 4 5 0 0 0 5 2 3 4 2 0 4 0 5 4 5 1 2 0 0 4 4 5 3 0 1 1 0 1
5 2 4 4 1 1 0 4 1 1 0 2 0 5 4 1 2 1 3 3 2 1 5 1 5 0 1 2 1 3 3 0 5 5 5 2 4 3 2 1 3 4 5 4 3 0 2 4 3 0 5 0 2 0
<end>