<number of tasks>
53
<number of stations>
14
<type of the robots>
14
<limit of the robots>
1 1
2 1
3 1
4 1
5 1
6 1
7 1
8 1
9 1
10 1
11 1
12 1
13 1
14 1
<task times>
1 58 71 82 42 37 40 35 49 32 29 54 24 34 24
2 71 154 59 49 42 135 57 93 97 45 38 38 75 101
3 99 70 57 62 58 118 44 105 58 74 53 98 51 38
4 62 42 46 74 74 87 52 46 41 30 24 42 90 26
5 36 40 51 36 21 59 22 33 39 30 43 38 25 19
6 81 71 97 115 32 96 30 56 49 35 38 39 90 82
7 32 44 35 45 29 47 21 73 29 35 54 26 27 22
8 54 41 75 99 62 132 67 59 83 81 26 35 34 29
9 46 58 99 121 57 146 44 82 100 51 48 51 43 38
10 62 59 65 61 39 175 84 158 54 47 42 88 50 67
11 104 62 136 61 72 134 34 132 48 46 37 84 101 38
12 46 56 60 113 62 58 81 101 52 46 41 66 81 42
13 49 48 69 57 52 53 46 52 40 28 49 26 61 49
14 34 69 34 71 26 40 46 34 34 22 42 26 50 23
15 40 75 51 49 52 118 26 54 51 29 37 40 37 36
16 81 94 48 40 39 85 28 71 96 66 31 50 80 51
17 32 34 34 86 46 52 42 50 64 36 34 42 28 28
18 47 61 75 93 47 63 79 63 98 39 45 40 44 63
19 57 96 114 131 41 91 41 75 48 37 36 62 74 69
20 86 41 54 34 53 69 28 52 42 58 61 47 57 40
21 33 40 40 46 31 45 42 56 38 38 42 25 51 62
22 62 40 55 72 67 59 33 79 54 47 22 26 54 33
23 56 44 30 30 59 64 25 35 44 24 38 34 41 25
24 70 116 88 57 79 102 64 133 137 48 38 40 60 81
25 40 76 36 45 31 47 41 48 73 58 36 27 28 25
26 59 106 122 40 40 115 30 57 64 69 83 34 69 31
27 42 69 44 40 39 45 30 55 41 47 29 33 36 29
28 81 75 45 45 36 98 43 52 107 32 30 41 67 41
29 35 44 41 93 51 93 50 45 34 33 32 47 36 66
30 62 62 56 41 48 100 36 90 77 65 74 29 36 49
31 50 61 93 75 40 52 50 57 51 86 55 70 71 54
32 94 58 80 56 42 60 29 84 52 47 38 37 77 56
33 102 100 49 40 37 75 35 54 70 30 69 36 94 34
34 41 110 134 47 80 69 48 132 43 39 43 56 37 38
35 42 72 56 43 44 65 44 56 65 32 41 35 43 52
36 46 54 64 44 42 92 53 60 52 55 34 33 48 56
37 72 59 67 61 57 152 34 121 78 64 43 78 46 42
38 119 74 66 92 76 69 43 84 39 57 71 33 43 53
39 65 73 101 54 79 104 55 118 71 51 34 38 95 83
40 51 46 35 30 57 63 33 43 54 52 58 37 59 29
41 89 60 43 38 72 50 33 91 33 46 24 45 55 63
42 36 72 42 80 37 90 36 100 46 32 46 28 32 51
43 57 46 49 46 33 56 47 51 34 29 24 47 31 42
44 52 59 64 41 67 93 65 122 44 52 40 35 68 55
45 72 70 60 101 44 91 55 82 96 52 46 41 56 38
46 93 75 104 50 35 84 28 54 75 36 40 69 80 34
47 102 59 51 42 56 126 32 103 57 32 36 30 47 76
48 63 84 74 49 87 81 29 50 44 48 36 32 61 34
49 34 62 59 30 25 35 27 36 33 52 25 21 28 37
50 116 47 63 48 42 103 31 62 74 36 31 53 83 38
51 71 54 123 89 107 127 39 76 133 111 86 54 61 45
52 40 76 111 104 33 48 27 75 56 37 35 47 40 31
53 116 81 66 70 44 114 40 105 50 39 45 60 62 63
<precedence relations>
1,2
1,3
1,4
1,5
1,6
1,7
2,36
3,36
4,9
5,9
6,9
7,9
8,9
9,10
10,11
11,12
12,13
12,14
12,15
13,16
13,17
13,18
14,22
15,16
15,17
16,29
16,30
16,31
17,19
18,42
19,20
19,21
19,22
20,23
21,24
22,25
23,36
24,36
25,26
26,27
27,28
28,29
28,30
28,31
28,32
28,33
28,34
29,35
30,35
31,35
32,35
33,35
34,35
35,36
36,37
37,38
37,39
37,40
38,41
39,41
40,41
41,42
42,43
42,44
42,45
42,46
42,47
43,48
44,49
45,51
45,52
46,50
47,51
47,52
48,51
48,52
49,51
49,52
50,51
50,52
51,53
52,53
<setup time between tasks by robots>
1 0 3 2 4 6 1 3 0 7 6 0 4 4 2 0 1 7 7 1 7 6 0 6 2 6 5 6 7 3 2 7 3 6 1 1 4 5 7 5 1 4 5 2 1 1 4 7 2 7 5 5 7 0
1 6 0 4 7 4 6 3 7 7 5 5 0 0 4 0 2 2 0 4 3 2 2 1 2 3 1 2 3 7 7 6 0 5 0 3 5 3 4 5 3 0 5 7 6 2 0 4 1 0 0 2 1 7
1 7 2 0 1 0 7 3 2 5 3 1 7 2 2 3 6 3 3 1 4 0 1 4 4 5 5 6 6 2 4 5 1 2 2 0 6 1 6 6 1 3 1 4 5 5 7 6 2 5 5 3 4 2
1 6 0 2 0 2 3 4 0 1 3 1 7 7 4 3 5 4 4 5 2 3 5 6 0 3 2 3 6 4 7 3 0 2 3 3 7 1 3 0 5 4 6 7 6 2 0 1 6 2 0 6 1 0
1 5 4 2 0 0 2 6 5 1 3 6 4 6 2 2 0 1 2 1 5 3 4 3 4 4 3 1 6 0 5 6 5 6 2 0 5 5 7 0 7 3 5 4 5 2 6 7 0 0 3 6 3 1
1 7 2 2 6 1 0 3 6 5 5 0 3 4 1 5 3 3 2 5 7 5 0 1 4 1 6 5 2 6 3 7 1 3 7 5 0 7 1 3 1 7 4 2 1 0 7 3 5 7 4 4 5 0
1 1 1 1 2 0 0 0 7 7 7 0 0 5 4 1 3 2 1 6 5 7 6 2 7 3 4 6 5 4 0 3 3 0 6 4 5 2 5 3 4 2 7 6 6 0 4 7 6 5 6 4 2 7
1 1 5 0 0 4 3 5 0 5 7 6 6 0 4 7 6 0 7 4 2 4 2 5 7 4 4 0 5 2 5 7 0 3 3 6 2 2 4 3 5 4 5 6 0 1 7 2 6 3 1 6 1 6
1 3 6 4 1 2 3 2 1 0 0 1 6 6 2 7 3 5 5 0 1 2 0 7 2 0 2 3 2 1 3 7 1 4 2 3 0 3 2 4 3 1 1 5 4 0 5 1 7 0 2 3 0 0
1 2 6 2 7 2 4 2 2 7 0 0 1 3 2 4 4 2 2 5 5 4 2 7 2 6 1 4 6 1 2 5 0 1 5 4 6 5 5 7 1 6 6 3 7 6 2 5 7 7 3 3 4 7
1 2 2 2 5 5 3 5 3 7 1 0 1 6 0 1 7 0 7 4 4 4 7 1 0 3 2 7 5 5 2 5 1 1 4 5 5 0 5 7 7 1 7 1 5 4 1 1 5 5 1 6 5 1
1 1 0 4 1 3 2 0 5 7 1 3 0 1 5 0 7 4 2 0 5 0 1 6 3 7 6 1 0 0 5 5 4 3 5 0 7 0 1 4 7 6 2 0 7 7 0 1 0 2 5 0 5 1
1 5 7 7 2 7 1 0 2 4 2 0 0 0 0 3 6 0 5 6 0 7 2 4 7 1 7 2 7 0 1 5 4 5 4 3 3 7 2 6 2 7 0 7 2 3 1 6 3 7 3 7 5 2
1 1 5 0 3 5 7 1 4 2 2 3 7 0 0 1 2 7 0 3 3 5 3 4 5 0 2 5 7 0 2 2 2 1 1 4 7 6 5 5 5 4 7 5 2 5 1 1 0 6 7 0 6 0
1 0 5 7 6 1 4 2 5 0 2 6 7 6 6 0 5 0 6 4 7 5 5 0 0 1 5 3 0 3 6 2 1 4 5 4 4 2 7 5 5 2 3 0 7 1 4 1 0 5 3 3 5 3
1 4 5 3 2 0 5 7 7 3 2 6 2 5 0 1 0 0 2 7 2 3 2 3 4 3 2 7 5 5 3 4 1 3 1 6 1 2 4 1 2 4 5 7 5 7 6 0 2 7 1 2 2 3
1 7 7 1 2 4 2 2 2 0 0 6 1 1 2 1 6 0 4 4 2 5 5 7 7 7 1 6 3 2 4 6 4 3 1 3 6 3 4 1 4 7 1 6 5 3 5 3 5 0 0 4 4 3
1 7 5 2 2 6 6 6 7 3 1 5 3 7 4 2 3 4 0 5 5 3 0 5 0 4 5 6 3 5 6 5 1 4 1 4 6 2 0 2 4 0 6 7 2 2 7 3 0 3 2 6 5 3
1 6 2 7 3 2 4 4 6 0 4 7 1 5 2 5 5 0 0 0 1 2 3 3 6 1 7 0 4 2 6 2 6 7 0 6 2 7 3 2 5 6 1 7 0 6 4 6 4 7 0 5 5 5
1 3 4 5 5 5 4 0 4 1 2 1 0 5 5 5 2 6 5 1 0 1 5 7 4 4 0 7 1 4 4 5 2 1 5 6 1 5 1 1 3 2 7 2 4 0 1 1 4 0 0 3 6 0
1 1 1 5 6 6 2 0 2 3 2 7 3 3 0 5 2 5 6 3 2 0 7 2 6 2 7 6 3 1 0 3 1 7 2 5 0 3 7 4 0 5 1 4 6 2 5 5 7 0 6 6 1 2
1 3 3 0 6 2 3 2 0 3 0 2 6 7 5 2 0 1 5 1 0 6 0 3 4 2 0 7 2 1 0 5 5 0 0 7 2 4 4 6 1 3 3 2 2 5 2 7 0 5 2 1 0 6
1 2 0 6 3 6 7 5 2 0 0 5 3 6 2 6 0 4 0 4 7 4 5 0 0 4 0 5 7 4 4 2 0 1 7 3 0 7 5 2 5 2 6 6 5 4 5 2 2 3 7 4 5 3
1 7 1 6 0 6 2 1 5 6 2 7 1 2 0 1 4 6 2 6 1 7 6 7 0 7 0 7 0 1 7 1 5 0 3 5 0 7 7 3 6 6 2 2 6 5 0 0 5 4 4 7 2 3
1 7 1 1 7 1 6 2 1 6 7 2 7 2 3 2 6 6 6 2 4 0 6 2 1 0 5 6 0 5 4 5 3 0 2 5 6 2 0 7 0 1 2 4 4 6 2 1 7 4 6 5 4 0
1 0 1 0 1 5 7 5 0 4 5 0 5 7 6 2 2 5 4 3 2 1 1 0 5 5 0 5 4 4 6 2 0 2 4 6 7 1 6 6 1 5 4 6 1 4 2 1 6 4 0 6 4 0
1 4 7 3 0 6 1 7 2 6 7 6 5 1 2 1 2 4 1 0 3 7 1 6 6 6 2 0 1 4 1 4 2 5 0 2 4 0 7 4 1 1 4 3 5 4 2 7 5 6 3 6 7 0
1 5 7 6 5 2 7 2 6 6 0 1 2 1 6 7 4 3 1 3 1 6 0 6 4 3 2 1 0 2 0 7 5 6 1 5 7 4 1 1 4 1 5 6 2 2 6 0 3 7 1 0 7 3
1 3 3 5 0 1 5 2 4 4 6 2 6 4 7 6 0 7 7 6 7 7 0 5 3 7 3 4 6 0 6 0 3 3 5 2 6 3 2 7 5 5 5 7 7 4 6 5 2 2 0 7 4 2
1 7 4 6 3 6 4 7 6 4 6 2 3 2 5 1 3 5 7 7 5 1 7 7 1 2 4 6 4 3 0 0 0 2 3 1 3 6 4 6 3 6 2 5 4 1 5 5 2 1 1 4 3 1
1 4 4 1 7 0 0 2 5 5 1 0 2 4 6 1 4 6 4 1 7 4 0 2 0 1 1 3 3 3 3 0 7 5 0 3 2 5 1 7 6 2 7 7 4 7 6 1 7 1 1 5 4 1
1 4 5 0 5 7 1 4 2 7 4 0 7 0 4 6 7 4 0 1 2 2 4 7 7 5 0 0 7 6 4 7 0 3 6 3 2 2 4 6 2 0 7 5 0 1 5 5 3 7 5 2 7 6
1 3 4 2 7 3 2 6 0 0 4 0 4 3 1 5 7 5 3 5 1 6 2 5 1 7 5 7 0 5 3 2 5 0 1 7 1 4 5 4 2 6 4 2 3 1 6 0 5 7 6 6 0 3
1 4 7 6 4 7 0 0 4 0 1 0 4 7 6 6 2 2 4 1 1 3 5 5 2 7 4 0 6 2 1 6 4 2 0 3 2 4 5 4 4 0 3 0 1 6 3 6 2 4 7 5 7 6
1 4 3 2 2 0 5 5 0 6 6 1 5 1 7 3 4 1 2 7 1 0 0 6 5 5 7 4 3 0 0 3 5 3 1 0 7 7 2 4 5 6 4 2 5 2 2 7 0 5 1 6 3 4
1 6 3 6 3 0 4 3 0 4 3 3 5 3 5 2 5 6 2 3 7 4 0 0 3 4 7 2 7 7 2 1 2 4 2 4 0 4 3 6 4 6 2 2 6 2 5 3 2 4 4 6 1 5
1 4 5 1 4 1 1 7 3 0 1 3 0 7 4 4 2 6 7 3 0 5 3 6 6 5 5 2 5 2 6 4 5 1 5 0 0 0 2 5 0 6 7 3 2 6 7 5 4 7 0 1 7 0
1 7 4 5 2 5 4 6 3 0 2 7 0 1 3 6 2 3 3 6 1 7 4 7 1 5 2 3 6 7 4 4 0 7 1 6 1 6 0 2 3 6 2 4 5 3 1 7 0 3 1 3 1 1
1 3 3 7 1 2 5 7 3 3 1 4 7 6 7 7 3 1 5 2 3 7 6 6 0 1 4 2 7 4 0 7 2 2 4 0 0 1 3 0 4 0 4 6 1 5 5 2 1 1 3 5 3 4
1 2 5 1 3 2 5 0 3 1 3 6 0 5 1 5 0 2 6 3 5 0 6 1 2 4 3 2 6 0 4 2 5 6 4 4 7 1 4 3 0 6 3 7 7 2 5 3 1 1 6 0 3 2
1 2 1 3 4 1 3 1 6 2 4 2 5 6 6 4 3 7 7 7 5 2 6 3 0 1 0 0 5 2 2 3 5 2 2 2 7 0 0 3 0 0 6 5 4 0 6 0 5 3 4 4 3 7
1 6 3 6 7 0 3 1 1 4 3 0 7 4 5 6 7 2 0 1 1 2 4 2 0 2 1 2 2 1 0 4 0 4 4 1 0 7 2 4 2 6 0 5 6 0 4 4 5 0 2 1 4 1
1 3 6 3 2 2 2 7 0 0 7 5 3 3 7 2 0 5 5 4 7 4 0 1 1 5 7 4 3 4 1 5 4 3 1 3 0 0 3 6 6 0 5 0 4 4 2 6 6 2 2 4 6 0
1 3 5 0 4 6 3 7 0 5 6 4 0 0 0 6 7 6 5 7 1 5 3 4 1 2 0 2 7 3 5 7 4 2 0 5 6 4 1 4 7 0 1 4 0 7 7 0 0 4 2 2 5 0
1 3 0 4 3 2 3 6 6 3 0 6 4 6 6 6 6 1 5 6 7 4 3 7 3 2 5 4 7 3 6 6 2 6 1 7 0 1 5 0 0 3 7 7 1 0 0 6 3 0 3 5 1 5
1 6 4 3 7 4 5 6 2 6 6 2 7 1 1 7 2 3 4 1 7 3 2 2 3 1 2 0 7 3 6 1 7 6 3 7 4 1 3 6 6 4 2 2 2 7 0 5 6 5 0 4 5 5
1 0 0 2 6 4 4 7 3 1 2 1 5 7 4 0 2 5 1 0 1 1 4 7 3 1 2 3 0 4 4 5 1 6 6 4 4 3 7 6 5 6 0 0 0 0 7 0 0 1 2 4 7 3
1 5 0 0 2 1 5 7 7 1 0 6 6 4 0 3 7 2 3 7 0 3 1 0 6 0 0 7 7 0 4 1 1 4 6 7 5 7 7 2 5 4 4 6 5 3 5 1 0 2 6 7 3 6
1 7 2 4 0 7 7 1 1 4 7 0 5 1 3 4 2 3 0 5 6 0 7 6 4 2 2 3 6 2 7 3 1 2 0 7 5 1 3 7 4 4 7 6 1 7 3 4 1 0 4 3 2 6
1 0 2 2 2 0 7 1 1 5 5 4 6 6 7 6 6 1 0 4 4 0 2 0 5 3 7 7 3 2 0 2 0 7 4 6 7 0 7 4 3 5 6 2 5 1 0 2 1 2 0 1 0 7
1 6 3 3 6 2 2 7 6 7 2 4 4 0 6 7 2 2 4 3 3 4 0 6 4 7 6 7 1 1 4 7 1 2 4 6 5 3 5 2 3 7 0 5 7 4 1 7 6 2 3 0 3 2
1 6 3 7 2 6 6 0 3 2 0 7 3 0 1 4 2 6 1 0 2 1 1 4 2 5 4 2 1 2 7 4 3 4 3 3 2 5 3 6 1 4 1 7 1 5 5 7 0 0 6 1 0 6
1 1 7 3 0 1 0 1 7 3 0 7 0 4 7 3 7 3 1 3 3 6 5 1 7 1 0 1 3 6 2 7 2 7 1 3 5 3 0 3 6 5 0 2 7 5 0 6 6 1 2 1 7 0
2 0 8 8 5 3 1 7 8 3 3 3 1 3 0 0 1 2 0 1 5 2 4 3 5 3 8 5 6 6 1 3 0 3 1 7 7 5 3 0 3 0 5 1 5 0 3 8 4 6 8 4 4 1
2 5 0 1 8 4 4 7 1 0 4 1 3 0 1 1 0 7 3 0 8 1 2 1 3 4 1 1 6 1 2 2 6 1 8 1 0 6 3 1 0 4 2 7 5 7 6 7 3 5 2 0 0 7
2 7 0 0 1 4 0 4 1 7 5 7 1 7 6 0 1 0 2 7 7 4 5 6 1 7 4 0 7 6 8 8 1 3 1 6 7 1 8 2 6 7 8 2 1 8 2 3 6 1 2 4 0 3
2 2 8 8 0 3 7 3 5 2 5 7 1 1 7 3 2 8 6 5 3 7 6 0 1 6 6 2 3 3 1 4 1 6 5 0 5 5 3 6 4 4 5 4 1 4 7 3 3 2 6 1 7 4
2 3 2 8 1 0 2 6 6 0 2 2 7 2 4 0 8 2 1 4 0 3 8 3 5 3 3 0 4 1 6 5 4 2 0 5 5 4 0 4 8 3 1 5 4 4 2 1 5 2 4 0 2 6
2 6 5 6 0 0 0 0 7 5 8 3 6 5 1 6 4 2 0 3 0 1 3 2 4 6 7 5 1 2 1 6 2 6 0 5 7 2 8 5 5 0 2 2 6 6 2 0 2 0 5 0 0 3
2 5 4 8 1 7 6 0 7 2 7 1 6 8 5 8 1 4 2 0 1 5 7 3 7 6 5 2 6 6 1 7 5 3 0 6 5 5 1 5 3 0 0 6 7 4 6 3 4 1 6 5 8 4
2 4 4 4 7 7 3 1 0 0 3 4 5 4 6 5 5 0 6 6 5 4 4 3 2 6 1 2 4 4 4 4 7 2 5 1 7 5 5 5 6 3 7 8 3 3 7 6 3 7 0 1 2 6
2 0 3 0 1 4 6 0 6 0 3 7 8 2 1 4 0 0 3 2 7 6 2 2 2 4 2 1 8 2 5 7 3 1 5 8 4 3 7 0 6 1 3 3 7 4 1 8 0 8 4 6 2 0
2 2 3 1 2 0 5 2 4 2 0 4 2 6 3 3 2 4 0 7 4 1 7 7 5 5 3 6 4 2 0 5 6 7 1 5 2 6 6 2 6 5 7 1 2 4 1 3 1 2 4 0 5 3
2 7 6 3 0 3 0 6 8 6 2 0 8 6 3 8 7 5 2 7 6 7 3 6 6 4 3 6 0 1 7 7 3 2 7 6 1 5 2 8 3 0 8 3 1 1 3 0 4 0 1 7 2 7
2 2 4 5 6 6 4 1 5 0 1 5 0 2 2 2 2 7 3 1 1 2 4 7 4 7 5 3 8 7 0 5 6 7 1 8 4 4 3 0 8 1 6 1 2 5 7 6 6 4 4 4 1 6
2 7 1 1 8 8 3 7 8 0 3 6 5 0 4 3 0 3 7 1 5 5 3 8 6 4 2 7 5 3 2 4 5 1 5 4 1 5 7 6 6 3 1 4 1 1 1 2 0 2 5 5 7 2
2 1 3 2 0 7 3 2 5 3 6 0 0 5 0 1 3 6 7 7 1 6 0 1 2 2 7 6 1 2 1 6 4 6 7 3 1 6 4 4 4 3 6 0 0 4 8 4 5 3 2 2 2 1
2 2 4 2 5 6 6 3 1 4 3 3 0 1 6 0 0 8 5 2 3 0 1 2 6 0 0 6 6 2 5 2 5 7 1 2 8 3 4 6 4 6 2 5 2 6 5 5 5 3 5 7 2 2
2 0 7 3 7 2 2 3 4 6 1 5 7 1 3 7 0 3 5 7 7 1 5 7 1 3 8 2 0 2 2 0 1 3 0 5 2 8 1 4 3 6 4 7 7 2 7 2 3 5 2 0 1 0
2 7 1 4 4 0 3 0 3 0 2 5 0 1 6 1 5 0 7 0 5 1 5 0 5 4 8 0 5 7 1 1 5 8 4 5 5 5 7 3 2 8 4 1 2 5 6 8 8 0 6 0 1 7
2 0 7 8 1 1 7 3 3 5 5 4 6 4 4 5 3 8 0 5 5 3 7 0 6 4 4 0 1 7 6 3 6 1 8 1 6 5 8 3 6 5 6 1 5 4 2 1 8 7 8 6 1 3
2 0 6 0 5 1 2 5 0 3 2 4 4 6 1 3 6 2 5 0 3 4 4 2 5 7 6 7 0 1 5 6 6 3 1 7 1 6 0 7 1 0 1 1 3 2 7 5 8 1 0 5 3 4
2 2 4 8 6 2 1 3 0 1 1 5 1 5 3 8 0 3 3 3 0 0 4 2 3 7 0 7 2 1 2 3 6 7 7 6 8 5 1 4 1 5 2 4 4 1 4 8 1 4 0 5 8 5
2 7 4 7 1 4 1 6 4 6 5 5 5 2 7 1 6 0 0 2 0 0 8 7 6 2 5 5 4 0 7 8 6 6 0 3 7 5 4 3 2 4 8 6 1 6 1 0 8 0 4 6 8 7
2 1 4 6 6 7 6 0 3 8 7 6 6 1 7 3 2 1 2 3 4 0 0 0 6 3 2 6 3 2 8 7 3 1 1 1 3 7 4 4 7 6 6 1 6 6 3 8 1 6 8 7 4 6
2 5 5 1 2 2 5 6 6 3 2 3 3 4 2 4 3 1 7 6 3 3 4 0 5 8 0 1 5 1 4 4 7 0 6 0 1 5 3 2 4 1 5 4 0 2 2 8 3 8 1 0 1 3
2 6 7 7 1 2 3 2 7 5 2 4 5 6 3 6 8 6 4 3 5 4 5 0 0 4 4 4 4 1 4 4 7 5 7 6 0 8 3 3 2 3 8 2 1 7 5 5 2 4 5 2 7 1
2 6 2 8 2 6 4 5 0 6 7 5 5 0 3 2 6 1 6 2 6 2 5 8 6 0 6 2 1 4 6 8 8 1 2 5 2 3 4 5 4 6 5 4 5 3 8 4 6 7 7 1 8 4
2 7 5 3 4 2 2 0 3 2 0 6 1 0 3 6 1 5 3 2 4 2 1 0 5 7 0 4 4 6 5 7 1 6 6 2 6 5 3 5 0 4 2 5 2 7 1 3 7 5 0 2 7 8
2 6 3 4 6 3 5 7 7 0 6 8 6 6 5 6 6 7 3 6 7 5 7 4 0 5 5 0 2 2 1 4 5 4 4 0 4 1 2 0 7 7 4 4 4 4 5 7 3 0 1 3 1 5
2 1 3 3 0 2 7 2 6 3 5 6 2 5 8 5 3 7 1 0 0 3 1 3 1 4 5 4 0 2 2 2 7 8 7 7 0 6 6 0 4 5 0 7 2 1 3 6 1 0 6 3 3 1
2 0 4 1 5 4 7 7 1 2 5 4 1 5 2 7 7 2 3 6 4 1 1 5 6 7 0 7 7 0 2 6 0 5 1 0 2 2 8 7 5 1 2 3 3 6 5 7 0 0 1 2 3 4
2 1 1 3 4 3 1 5 3 5 0 6 3 3 0 5 0 2 3 8 5 6 6 1 3 1 4 0 3 3 0 1 4 3 2 7 3 7 2 0 1 0 0 6 3 2 1 6 6 4 1 6 1 4
2 5 5 1 5 1 1 7 5 4 8 0 7 0 5 5 3 6 0 7 1 3 5 2 6 2 7 0 0 4 4 0 6 1 0 2 6 6 2 2 2 6 6 4 8 4 6 7 2 6 1 7 7 0
2 6 6 2 6 3 2 8 0 4 3 0 4 7 4 3 1 0 7 1 3 6 8 3 7 7 7 3 7 5 2 3 0 5 0 0 1 4 5 3 2 5 7 1 4 2 6 0 2 4 4 5 1 5
2 5 2 6 3 1 8 7 0 4 8 7 4 5 1 3 2 3 5 1 7 6 5 1 6 0 2 5 3 6 7 6 5 0 6 0 4 0 2 2 2 0 4 3 2 6 7 7 6 5 3 1 6 1
2 1 2 5 0 5 1 5 2 1 3 6 3 4 3 5 6 4 1 6 1 4 0 6 7 6 4 2 7 7 5 0 1 0 0 7 8 2 0 2 7 7 0 7 3 5 5 5 6 0 7 7 2 3
2 2 1 3 7 4 7 0 5 6 8 4 3 8 7 2 0 8 8 6 4 5 1 3 3 3 5 6 2 6 6 8 6 6 3 0 0 6 7 7 3 2 5 3 6 1 3 3 7 5 4 3 7 0
2 1 2 0 4 8 3 7 2 5 5 2 5 5 3 6 4 1 5 1 1 8 7 2 5 6 8 4 3 3 1 7 4 3 2 6 0 6 5 7 2 2 0 6 6 5 6 5 3 6 5 7 4 2
2 7 5 4 6 5 3 3 3 2 6 0 1 7 2 0 1 4 8 5 7 5 5 1 2 6 1 0 1 3 1 4 3 5 7 5 5 0 1 4 2 0 2 0 7 2 7 4 3 5 0 7 4 4
2 5 3 6 1 5 6 2 2 3 5 3 1 0 8 3 7 2 6 4 8 8 0 5 1 5 0 1 0 1 3 1 1 8 3 1 3 3 0 7 0 8 3 3 5 7 8 3 0 0 1 2 1 7
2 4 4 2 7 2 0 3 7 3 5 3 6 7 0 5 6 5 4 1 5 3 3 2 1 8 7 3 5 3 0 4 0 2 2 6 0 1 8 0 0 4 6 5 5 3 2 7 3 1 0 0 7 7
2 0 3 0 2 6 0 1 2 7 4 3 6 3 3 4 5 1 6 3 6 3 7 2 7 2 4 6 1 4 2 3 2 7 0 1 5 4 3 6 0 3 2 8 3 7 7 5 0 0 3 2 2 4
2 5 7 5 0 7 2 2 7 6 8 3 7 7 8 6 1 5 5 0 0 5 3 6 2 5 6 1 6 3 7 4 6 1 2 8 5 2 2 0 4 0 5 6 5 6 5 2 6 1 0 1 5 7
2 2 0 8 5 3 8 2 6 8 5 8 3 4 6 3 1 2 5 7 1 7 5 0 5 5 3 4 7 4 7 5 1 4 6 4 1 3 1 4 2 7 0 1 1 0 8 1 4 6 7 4 1 2
2 1 5 1 7 7 6 6 0 2 5 5 0 8 4 4 7 0 0 3 6 0 6 2 5 3 0 0 4 6 1 5 3 4 0 1 2 8 2 5 6 1 0 0 5 3 4 0 5 7 8 4 8 2
2 5 7 7 0 8 1 6 5 5 7 6 7 8 0 6 7 4 4 5 0 2 3 0 4 3 5 6 4 1 1 5 0 8 6 7 2 6 2 5 4 1 5 1 0 5 4 3 1 3 2 5 0 2
2 1 4 5 5 0 6 7 1 1 4 6 8 6 4 0 3 0 0 1 1 7 2 7 7 5 5 2 7 7 5 5 0 7 7 1 0 3 4 2 1 5 7 5 7 0 5 1 5 7 3 1 4 2
2 0 8 4 2 1 6 3 1 7 1 1 8 7 1 7 3 2 1 7 6 3 2 0 5 6 8 5 1 2 5 6 7 5 1 5 8 6 2 6 5 7 6 3 5 4 0 2 0 7 4 5 1 6
2 2 2 4 5 6 2 6 2 8 2 3 5 3 7 0 3 6 8 0 1 3 8 2 2 1 0 2 4 5 7 7 4 3 3 5 1 5 0 2 6 7 0 0 3 6 2 0 6 3 2 4 7 7
2 2 4 6 2 6 6 4 5 3 3 5 5 2 4 6 4 1 2 0 1 6 7 1 7 7 6 2 6 5 8 7 3 7 2 6 7 2 2 7 2 2 2 2 2 1 0 4 0 3 2 8 1 0
2 6 4 4 7 4 4 1 0 0 7 4 4 3 1 3 3 1 6 2 1 7 6 2 0 3 6 2 4 3 0 0 4 5 4 8 7 6 0 4 3 6 5 3 7 0 4 1 4 0 4 4 1 6
2 3 3 6 7 7 0 3 1 0 7 4 1 3 4 3 7 5 2 8 3 4 3 8 2 0 2 6 3 6 7 1 3 5 7 3 5 1 6 1 3 0 6 8 5 2 6 1 0 2 0 5 8 0
2 3 0 8 6 3 6 0 2 4 7 3 1 3 2 1 1 6 8 7 5 5 1 0 7 6 7 6 5 1 1 8 4 0 1 1 6 3 6 4 6 4 2 0 1 1 6 3 1 5 0 0 4 3
2 1 7 7 7 7 1 2 4 0 5 3 0 3 2 7 7 8 5 0 1 6 4 3 0 1 8 5 6 3 1 5 8 2 0 4 4 1 5 1 2 6 3 5 6 4 1 1 3 0 2 3 0 3
2 1 7 6 6 3 2 5 1 5 2 2 7 3 7 7 0 5 7 0 3 5 4 6 0 2 0 4 2 5 4 4 3 4 1 3 7 4 5 3 5 5 6 8 7 1 7 1 3 8 0 2 2 0
3 0 2 3 3 1 5 2 3 3 2 6 4 6 3 6 1 1 2 6 0 5 5 1 5 1 6 4 3 6 5 4 1 0 2 7 1 3 3 3 4 5 0 0 6 3 3 4 0 0 3 4 6 1
3 4 0 3 5 0 5 2 0 5 6 2 1 2 6 4 6 0 3 4 3 4 1 2 6 5 4 1 7 2 1 4 3 4 2 5 5 2 3 3 0 6 6 0 3 4 5 0 1 2 3 6 5 7
3 1 5 0 6 3 1 4 4 4 1 2 6 1 2 1 2 1 7 3 5 0 3 3 2 3 0 1 1 0 0 1 3 3 4 4 0 5 6 2 4 0 6 1 5 1 7 0 6 6 6 4 5 0
3 2 2 3 0 5 4 3 3 2 0 5 1 2 3 5 7 4 1 2 3 3 3 3 2 5 0 4 2 3 1 3 3 2 5 5 3 3 0 1 5 1 0 6 6 3 3 2 3 0 4 3 4 5
3 2 4 2 4 0 4 0 5 1 4 6 7 0 4 3 6 6 0 2 0 5 5 2 0 4 0 2 7 6 6 0 1 1 5 7 6 3 2 5 0 6 6 2 7 3 2 3 1 4 1 4 6 5
3 0 3 7 0 2 0 0 2 7 3 2 6 6 0 2 2 1 3 5 0 4 1 0 2 6 5 0 2 4 2 6 6 3 1 2 7 2 5 6 5 5 6 3 2 3 0 6 2 6 6 4 1 5
3 2 6 2 2 0 5 0 2 0 5 7 6 4 1 3 3 4 1 5 1 1 6 5 4 6 1 5 0 6 3 4 2 1 2 6 0 2 2 5 2 0 2 4 6 7 3 6 5 5 4 3 3 4
3 3 7 4 1 0 0 6 0 0 3 3 4 0 3 4 2 5 0 4 7 0 3 6 1 2 6 4 7 3 4 5 6 3 0 1 6 5 0 2 1 3 2 4 0 6 7 1 1 1 2 5 4 5
3 6 6 1 6 4 3 3 1 0 2 0 2 3 1 6 4 7 7 0 2 6 5 4 7 6 4 2 5 6 2 0 1 2 4 2 0 5 0 4 5 6 4 3 1 2 4 4 5 6 4 3 4 3
3 6 0 6 1 5 2 4 1 4 0 7 4 2 3 3 0 5 1 1 1 0 2 6 1 0 6 2 4 3 4 4 4 2 5 4 2 6 2 0 0 0 1 0 5 0 1 5 2 4 2 1 3 3
3 6 2 0 2 2 6 0 3 6 4 0 4 0 0 3 4 4 1 0 0 2 1 3 6 2 6 5 6 3 6 4 4 2 4 6 2 3 6 5 5 2 1 6 1 4 2 6 0 6 4 6 5 4
3 2 1 3 2 4 4 0 3 1 2 2 0 4 7 2 6 2 1 0 4 2 0 1 6 2 7 4 5 6 2 7 3 1 5 6 2 3 7 6 2 0 4 5 2 6 1 6 2 0 3 4 1 6
3 6 0 5 1 6 4 0 1 0 3 5 0 0 3 2 3 2 1 0 5 3 6 1 6 4 5 4 0 1 4 1 0 4 2 6 7 2 5 0 2 7 5 3 4 4 7 1 3 1 2 1 2 0
3 5 5 0 7 3 3 1 3 1 2 7 3 3 0 6 5 6 0 6 3 2 7 5 3 5 5 2 5 1 7 5 6 3 5 5 3 1 5 5 1 2 4 5 5 6 0 5 2 3 6 1 0 5
3 0 5 3 6 2 7 3 1 1 3 1 3 4 5 0 3 1 1 3 2 3 6 6 2 3 7 4 6 5 7 1 3 6 4 4 0 1 5 4 6 2 2 2 0 0 3 1 5 1 4 1 5 2
3 1 0 4 5 5 2 6 7 3 2 2 5 1 0 4 0 7 7 4 5 6 0 4 2 1 4 4 2 6 5 2 6 1 3 3 0 1 6 4 0 2 2 4 3 6 1 6 4 0 5 0 2 6
3 6 1 0 6 2 1 6 0 2 4 4 7 7 1 7 6 0 5 4 5 4 0 7 5 2 7 1 7 0 1 1 0 1 2 5 4 1 5 0 5 4 5 3 6 4 1 3 3 5 2 2 4 4
3 3 3 5 1 4 2 6 1 3 6 3 3 3 6 5 6 0 0 3 3 2 5 3 1 5 1 0 7 7 3 4 0 5 0 3 0 5 6 6 3 0 6 4 4 3 3 4 5 0 2 1 7 6
3 1 0 6 0 0 3 6 7 0 1 0 4 3 6 5 4 0 1 0 3 6 6 0 5 5 5 5 4 6 4 1 3 5 7 2 4 7 2 5 6 1 1 6 0 6 2 3 1 4 5 0 1 6
3 4 3 6 3 2 7 4 3 3 0 4 3 4 5 4 2 6 1 4 0 1 0 2 1 0 5 4 4 0 3 7 5 1 2 5 3 1 0 2 7 3 1 0 1 5 6 6 2 5 3 4 2 0
3 6 3 3 4 4 4 3 7 4 1 5 1 0 4 6 3 7 0 4 5 0 0 5 4 2 5 4 2 2 2 5 4 6 5 4 1 3 5 3 1 5 0 1 6 3 0 2 1 0 6 5 6 2
3 1 6 4 5 1 3 0 2 1 4 0 4 6 5 1 2 2 0 6 2 0 0 0 4 3 1 1 2 4 5 0 3 6 2 6 4 0 3 4 2 6 5 1 0 0 3 6 1 2 1 3 2 2
3 4 2 2 3 6 6 6 6 3 6 1 2 6 3 6 2 5 4 5 1 3 7 0 1 5 7 5 6 5 6 3 5 6 6 6 4 3 0 0 6 0 3 0 5 2 1 2 2 6 4 5 6 0
3 5 1 6 7 0 6 4 4 0 0 3 3 4 2 2 5 2 2 0 0 6 1 4 0 4 2 0 0 0 0 2 2 3 6 0 2 1 3 3 0 6 4 0 3 1 5 5 4 2 0 2 5 2
3 2 6 3 6 7 6 7 7 5 6 5 7 3 0 3 3 6 2 4 4 3 7 3 2 0 5 5 5 5 1 2 4 0 2 1 0 4 3 4 5 6 4 7 0 5 4 5 1 3 5 1 7 1
3 0 3 5 5 6 1 2 7 2 5 6 0 6 7 4 7 1 3 1 5 1 3 0 4 6 0 5 6 6 0 7 3 6 1 6 3 7 6 6 0 1 7 3 1 4 0 3 1 4 5 0 7 4
3 0 7 4 3 5 0 3 6 4 6 6 4 4 0 3 0 3 3 5 3 2 0 3 0 5 2 0 7 2 1 4 6 7 6 1 6 3 7 2 2 3 2 1 0 1 4 6 0 5 4 4 1 1
3 3 1 1 6 3 3 0 3 5 5 1 7 5 4 3 3 6 4 0 5 6 1 2 1 3 6 1 0 3 1 2 2 3 1 2 0 6 6 3 3 6 3 7 4 5 1 0 2 5 3 3 4 4
3 5 1 6 5 5 4 1 3 3 4 2 2 6 2 6 4 4 6 2 6 4 4 2 1 6 4 5 0 0 6 0 3 5 4 3 7 4 6 1 0 1 6 1 4 5 4 6 4 0 3 6 5 7
3 2 2 0 4 5 0 0 0 7 6 0 3 6 5 3 6 1 0 6 2 4 0 3 7 1 4 6 3 3 0 2 3 6 7 6 3 3 5 0 4 5 4 2 5 0 1 7 2 4 2 2 4 1
3 5 1 5 7 4 2 0 3 5 3 5 3 6 5 6 2 1 2 4 4 3 3 3 5 5 4 5 3 7 0 0 3 0 1 1 5 5 5 0 0 6 2 5 3 6 5 6 1 2 4 6 7 2
3 0 6 2 2 2 3 5 5 1 1 0 3 0 2 3 1 5 1 6 2 0 6 7 4 5 6 5 5 4 6 5 0 2 3 3 7 0 3 1 1 5 3 1 3 0 2 0 0 0 0 7 0 3
3 0 6 2 3 1 3 4 5 6 6 6 6 5 7 7 1 0 4 7 0 6 5 7 5 2 0 0 6 4 2 0 6 0 0 1 7 6 4 7 5 2 0 6 3 3 6 1 3 5 1 0 2 0
3 0 6 2 6 3 4 3 4 3 6 2 5 7 2 0 5 0 1 5 0 4 3 0 0 3 5 4 2 6 5 4 4 0 0 5 2 6 3 0 5 1 6 7 1 5 7 6 6 0 0 3 5 1
3 0 6 5 2 7 1 7 7 0 7 7 3 3 4 7 3 4 4 3 6 3 1 3 4 1 0 6 6 3 2 6 1 0 4 0 4 0 5 5 5 3 1 7 6 5 0 3 2 2 5 3 1 3
3 6 5 1 2 5 4 0 0 2 4 5 0 6 5 4 4 3 3 1 4 5 6 4 0 0 1 5 1 1 4 3 5 4 0 3 0 2 1 6 3 6 5 3 0 6 2 3 6 5 2 6 4 6
3 0 2 0 2 3 0 3 1 5 6 4 3 1 2 2 1 7 1 4 5 5 2 5 1 4 2 6 3 5 3 3 6 4 3 1 3 0 1 0 0 6 0 0 0 5 4 5 2 5 4 6 0 4
3 6 4 6 2 0 4 4 0 3 0 0 5 0 7 6 6 7 1 0 7 4 5 2 4 4 5 1 0 0 5 4 5 5 6 1 4 1 0 0 2 5 6 3 2 2 1 5 1 3 3 6 2 6
3 0 0 2 3 7 1 1 3 5 2 2 5 6 0 6 1 3 3 2 2 6 3 3 3 5 5 7 5 5 2 4 6 4 2 3 3 3 2 0 6 5 3 7 2 0 6 0 5 4 7 3 4 1
3 2 6 4 3 4 1 3 1 0 3 2 0 6 1 1 5 3 6 3 1 2 7 5 2 5 3 5 7 2 1 3 5 2 4 2 6 2 5 3 0 1 1 2 5 7 0 2 0 7 5 5 6 5
3 2 6 4 2 4 6 1 0 4 4 0 1 6 7 6 5 5 5 5 4 6 0 6 2 1 2 0 7 0 1 0 3 7 7 0 2 2 3 3 4 0 3 3 6 3 3 7 3 6 2 7 5 2
3 4 4 1 2 0 4 1 1 6 0 3 2 6 4 4 5 0 2 4 4 3 6 5 5 2 5 6 6 6 4 6 6 1 1 3 3 6 1 3 1 5 0 4 7 5 0 7 1 3 7 1 1 4
3 4 5 3 6 5 4 5 1 6 3 0 6 5 4 2 0 0 6 0 6 0 0 3 2 4 4 1 6 7 5 3 6 0 0 1 4 5 0 5 0 4 1 0 1 4 2 5 3 4 6 0 5 4
3 6 7 4 6 1 5 2 5 1 3 5 0 0 6 6 0 0 2 2 4 3 2 7 2 2 6 0 6 5 5 3 4 4 6 0 0 5 3 0 4 5 6 6 0 4 1 7 3 3 6 6 4 4
3 6 2 1 6 5 0 1 4 0 3 0 1 3 7 5 1 0 3 2 5 2 6 2 3 0 7 0 3 1 7 5 5 4 0 1 2 2 3 1 1 6 5 2 5 0 5 2 4 4 2 3 2 6
3 2 1 4 4 3 0 2 4 6 1 2 0 4 0 0 6 2 3 4 3 2 6 3 0 5 3 2 2 3 0 6 5 5 0 0 4 3 4 1 6 7 4 2 0 1 0 6 7 6 3 0 4 0
3 1 4 4 7 7 7 6 2 2 2 3 6 2 5 4 5 1 2 5 6 2 3 1 5 1 6 4 3 6 5 4 3 0 7 6 1 6 6 2 3 7 6 4 4 7 3 0 7 3 6 0 5 7
3 6 4 3 0 4 4 5 0 2 6 1 4 4 1 1 7 1 4 3 6 0 3 3 3 2 3 4 1 7 7 6 4 3 7 3 1 0 7 5 7 4 2 1 5 6 2 5 0 0 1 5 4 4
3 7 0 1 7 1 5 6 7 6 5 1 5 3 6 0 2 4 3 2 2 4 0 6 5 3 3 6 5 7 5 3 6 6 1 2 5 6 4 1 2 1 1 6 1 6 2 6 1 0 1 3 6 2
3 0 6 5 6 2 3 3 0 0 1 3 3 7 6 0 6 4 5 1 0 5 0 5 6 1 0 4 1 1 3 5 4 3 7 3 4 5 5 4 2 4 4 3 5 2 4 4 3 3 0 6 6 7
3 7 0 1 0 3 3 3 4 6 4 2 1 3 0 0 0 2 1 6 4 6 0 1 4 1 0 2 5 3 2 1 3 3 5 0 6 6 1 7 6 0 4 3 6 0 0 4 3 0 5 0 4 6
3 1 6 0 7 3 6 7 6 2 2 4 3 2 2 0 2 5 6 0 6 3 1 1 2 5 5 4 5 6 6 5 1 1 3 5 3 2 4 5 0 4 6 2 6 2 7 4 5 5 6 3 0 6
3 2 1 7 6 5 1 0 2 3 5 0 4 2 5 4 3 4 0 2 6 4 3 2 6 2 1 3 7 7 6 5 1 3 1 3 5 5 6 6 3 5 0 2 2 6 3 5 1 1 5 3 3 0
4 0 6 1 6 3 7 2 6 1 0 5 6 4 3 0 7 5 2 5 3 3 2 6 6 1 5 3 1 1 2 6 0 3 1 1 2 4 0 0 0 0 3 1 6 4 0 1 1 5 3 2 4 5
4 4 0 0 3 0 1 1 6 6 7 6 6 4 5 6 3 1 2 2 6 3 0 4 1 6 7 5 4 3 3 6 0 5 2 4 6 5 0 2 6 1 7 6 6 1 3 2 3 2 2 0 3 3
4 6 0 0 0 1 6 0 6 6 4 1 0 6 2 4 0 3 1 6 5 7 2 4 0 1 2 6 6 5 3 1 2 1 4 5 1 0 4 3 5 0 3 7 1 3 2 6 0 7 5 1 3 3
4 4 1 2 0 6 0 4 2 1 1 1 4 0 4 1 5 4 6 2 6 0 0 4 4 0 2 5 5 2 5 5 7 3 1 1 1 0 3 0 6 6 1 1 4 0 6 1 2 1 6 5 2 0
4 0 4 3 2 0 3 2 5 5 3 4 7 1 1 1 0 6 5 4 1 3 2 0 2 1 6 4 0 4 1 5 1 5 7 4 2 6 1 0 1 5 6 0 2 6 2 0 4 1 4 7 5 6
4 2 6 5 1 4 0 2 3 6 2 3 4 5 6 0 4 0 2 1 0 1 0 5 6 5 3 5 0 0 3 2 3 3 2 5 3 5 1 4 4 7 3 6 1 5 6 1 4 7 0 6 1 6
4 2 3 2 0 2 0 0 3 2 2 5 7 2 3 6 5 3 3 0 6 1 1 5 5 6 5 6 2 2 3 0 2 1 6 6 4 0 5 6 5 3 5 5 2 6 6 6 6 2 5 5 1 7
4 3 2 7 5 1 2 5 0 0 5 1 1 3 7 0 3 1 7 3 0 4 1 4 4 4 1 2 2 5 7 4 1 3 3 2 4 0 6 5 3 2 3 3 1 5 4 6 4 2 2 7 7 4
4 3 0 4 2 4 2 2 2 0 0 0 5 7 1 6 7 2 1 3 4 6 1 4 5 1 4 6 3 5 6 3 4 5 2 2 6 2 1 1 6 6 1 0 5 1 0 7 2 3 1 3 2 0
4 3 7 2 1 4 3 6 2 1 0 3 0 4 1 2 0 7 4 3 7 7 5 0 1 4 5 3 5 1 2 1 5 2 3 0 4 0 0 0 0 3 5 1 0 6 6 2 1 1 3 0 5 0
4 1 6 7 2 7 2 1 2 4 0 0 0 2 1 1 5 2 5 3 0 4 7 5 6 2 0 4 7 0 1 5 1 1 5 1 5 0 0 3 2 3 0 3 2 3 6 4 3 3 0 4 0 0
4 5 5 1 6 6 5 2 0 6 4 7 0 4 0 1 0 6 4 1 1 0 6 2 0 4 4 4 5 6 3 6 6 5 5 4 1 4 4 0 1 5 2 2 0 5 6 2 3 4 3 2 1 6
4 5 3 2 2 6 4 2 6 3 2 5 3 0 6 4 3 0 4 7 7 3 2 0 0 0 3 3 0 6 0 4 0 5 6 3 5 6 1 6 4 4 1 4 0 3 5 7 2 3 2 0 3 0
4 5 4 2 1 1 3 6 3 0 5 3 3 4 0 2 5 7 2 0 2 5 0 1 2 0 5 6 3 7 3 5 6 0 5 3 0 1 4 6 0 3 2 2 4 6 0 3 6 2 4 3 7 5
4 2 0 3 0 6 1 2 7 5 1 5 0 6 0 0 3 6 3 7 6 3 3 6 6 1 0 6 0 6 2 0 0 1 3 3 0 5 6 1 7 6 6 3 3 6 6 2 5 7 6 2 4 0
4 0 5 6 0 5 2 5 5 5 5 6 4 5 3 1 0 6 5 5 3 5 5 7 4 4 0 3 6 6 2 4 7 1 0 6 2 1 5 0 3 3 4 7 3 1 0 4 2 2 6 5 4 2
4 6 6 3 0 3 6 6 3 7 4 4 0 4 0 2 3 0 3 6 1 4 5 6 6 3 2 2 2 5 5 0 0 4 4 4 1 1 3 4 0 5 2 4 0 4 0 2 2 3 2 1 0 5
4 3 4 2 6 3 4 0 0 1 5 3 3 0 5 7 3 6 0 3 1 0 1 5 2 6 5 5 2 4 4 6 2 4 2 1 0 3 4 5 7 6 5 7 0 0 4 4 2 5 1 4 5 1
4 3 0 2 7 0 5 6 1 1 5 3 4 4 4 6 0 2 4 0 0 7 6 2 2 3 0 5 3 2 5 0 0 6 6 7 4 1 6 6 3 6 1 4 5 5 0 0 4 6 1 4 7 3
4 2 2 4 7 4 0 5 4 1 0 1 1 1 6 4 0 0 2 3 0 1 3 1 0 5 4 1 7 0 0 1 0 3 6 6 1 5 0 5 4 6 5 4 0 6 7 4 3 3 3 4 6 7
4 2 6 4 7 5 1 7 4 2 3 1 6 0 6 6 1 4 3 2 4 0 0 2 1 4 7 1 6 4 4 0 1 2 2 4 3 7 5 1 2 1 2 6 1 3 7 2 6 5 6 7 5 4
4 3 3 5 1 3 4 2 3 6 1 1 2 5 3 5 0 6 3 2 5 6 0 5 1 0 3 3 4 2 5 3 4 1 6 4 5 5 3 3 7 6 0 1 5 6 2 1 5 2 1 5 2 2
4 0 4 1 1 3 6 0 2 1 1 4 6 4 3 2 3 5 0 0 7 4 3 0 6 3 4 4 5 0 0 5 3 0 6 3 4 1 1 7 0 5 2 3 6 3 6 1 7 4 4 7 6 4
4 0 5 3 3 6 1 5 6 5 6 2 3 3 0 2 2 2 1 3 2 0 0 4 0 1 0 5 2 4 4 6 2 7 5 0 2 4 6 3 0 5 5 0 1 6 0 0 4 5 3 1 5 0
4 3 1 2 0 6 6 2 1 6 2 3 1 4 2 6 0 0 0 2 5 2 6 6 0 0 1 3 1 6 4 2 4 7 6 1 0 0 6 5 3 3 0 6 3 0 0 4 5 5 2 2 0 5
4 6 5 5 2 3 5 7 4 4 3 3 4 2 0 6 6 3 1 5 3 4 5 4 0 3 0 0 1 1 2 1 4 6 1 5 1 0 2 6 5 6 4 2 0 1 6 1 2 0 2 5 3 3
4 1 0 1 2 4 0 4 7 5 4 0 4 2 0 5 5 1 6 3 2 4 6 4 5 6 4 0 6 5 6 1 2 0 2 2 4 1 7 5 2 2 5 5 6 1 0 3 6 3 4 3 1 5
4 6 5 7 6 3 6 5 6 5 2 5 4 2 6 0 5 0 0 2 7 2 2 5 4 2 5 4 0 7 4 6 3 3 3 1 0 2 2 6 5 3 4 1 6 6 2 5 1 3 2 1 6 4
4 0 1 2 6 4 0 4 7 5 4 5 1 5 4 6 2 3 2 2 5 6 5 1 3 1 1 6 6 0 4 3 5 7 3 0 6 3 2 3 2 3 2 6 2 7 3 1 5 6 1 6 0 5
4 6 2 1 7 3 4 3 5 0 1 2 3 3 6 3 3 2 2 5 2 2 0 0 6 4 3 4 5 2 0 6 6 1 2 1 0 6 0 4 1 2 5 3 6 4 6 7 2 2 7 0 3 1
4 3 4 3 5 5 6 3 1 6 0 6 6 3 2 5 3 5 4 1 4 1 4 0 4 2 5 3 3 1 4 0 2 0 5 4 5 3 2 0 5 3 2 0 1 4 3 1 4 7 1 5 1 4
4 5 4 4 1 0 6 4 0 2 6 2 6 5 3 5 4 3 0 3 3 5 4 0 1 6 0 5 0 1 6 2 0 5 0 2 5 2 1 0 3 4 4 4 0 0 1 7 1 6 1 1 5 5
4 7 6 2 4 6 7 0 6 3 0 6 4 5 3 5 3 3 4 0 5 7 4 2 4 7 1 0 1 5 2 0 7 0 4 1 2 2 0 3 2 3 4 7 1 3 1 3 5 5 2 2 0 4
4 1 5 6 3 0 5 3 3 5 0 1 3 2 3 5 2 5 4 6 4 1 2 1 7 3 0 6 2 2 6 0 5 0 0 5 1 3 3 0 4 3 3 1 5 1 5 3 4 5 1 2 0 6
4 2 2 2 2 5 5 6 4 4 1 2 2 0 2 6 1 2 4 4 2 3 4 2 2 1 2 2 0 4 5 5 1 2 0 0 2 7 0 6 2 1 4 5 0 4 0 6 5 0 0 6 3 2
4 6 0 1 5 7 5 1 0 6 0 7 5 0 5 0 6 5 0 0 3 5 4 4 4 7 4 0 5 6 6 4 4 5 3 0 0 2 0 5 6 2 3 3 1 1 6 0 3 7 2 2 2 5
4 0 5 6 6 5 1 4 6 4 0 2 2 0 3 5 2 5 7 4 5 2 5 5 2 5 3 2 4 3 5 1 3 6 5 3 1 0 0 3 0 1 3 2 3 1 2 0 2 6 0 3 5 0
4 0 3 0 6 0 5 4 1 0 2 1 6 3 3 1 2 1 6 2 6 5 0 1 5 5 1 5 5 7 0 3 6 5 5 5 3 7 0 5 4 5 5 7 6 1 2 5 1 5 3 4 6 0
4 7 0 5 5 2 1 6 3 5 7 6 1 5 1 6 5 2 5 7 4 6 5 3 4 5 4 5 5 7 2 1 1 3 6 4 4 0 7 0 2 7 4 5 1 3 6 3 4 6 6 2 1 0
4 1 1 2 1 2 4 3 1 0 2 6 2 2 4 4 0 1 4 5 4 1 1 6 0 6 6 3 7 0 1 5 7 3 3 5 5 5 4 1 0 5 7 0 6 2 7 4 5 3 4 7 5 3
4 0 3 0 2 6 7 4 3 4 1 0 6 5 7 5 3 0 4 2 0 4 7 6 3 3 7 4 0 6 3 2 2 1 7 6 2 2 6 1 6 0 2 1 1 0 3 2 2 2 3 6 2 6
4 6 1 2 0 0 5 2 4 4 0 6 5 6 3 2 5 6 4 3 0 0 2 4 7 2 0 3 4 5 2 4 6 0 0 7 1 2 4 5 3 3 0 5 1 5 1 4 6 2 2 4 5 4
4 4 0 4 3 0 1 2 1 2 7 2 2 5 1 0 4 5 6 5 3 5 3 2 0 6 2 2 4 3 2 2 0 4 4 2 5 6 4 3 2 0 5 0 1 4 0 4 7 1 0 2 0 2
4 0 5 1 6 1 4 4 2 2 3 7 6 2 5 1 3 6 1 2 0 2 3 5 4 3 5 5 6 1 7 0 1 2 0 6 0 0 1 3 1 6 3 6 0 2 5 4 6 5 6 6 7 3
4 4 0 4 4 1 0 5 6 1 3 2 5 6 2 1 7 7 6 1 1 7 4 7 7 5 6 1 1 7 1 0 5 2 1 1 3 7 2 4 0 2 6 4 3 0 5 0 5 3 7 1 2 3
4 1 3 4 6 2 1 4 6 3 5 6 2 6 3 3 5 4 1 0 3 4 6 4 0 4 2 4 7 6 0 4 7 2 1 3 0 3 1 5 4 5 0 4 5 0 0 2 1 1 4 0 5 3
4 4 3 1 1 0 6 7 6 2 5 2 3 1 2 1 0 5 4 6 7 1 0 7 5 4 0 1 2 4 6 4 0 1 6 2 5 6 5 3 5 6 6 5 1 3 6 0 6 2 0 0 2 6
4 0 4 7 3 6 1 2 1 1 2 5 4 7 2 3 7 1 0 0 4 3 3 4 2 1 5 6 6 3 6 6 6 3 4 2 4 5 2 0 5 6 4 6 1 1 4 0 0 2 2 2 4 1
4 2 5 1 1 1 5 7 0 2 2 5 5 2 3 4 6 6 2 6 5 0 4 5 0 0 6 6 6 4 0 6 0 5 1 0 0 3 2 1 0 6 0 7 4 6 0 5 4 0 5 0 0 6
4 6 6 1 4 2 3 4 2 6 3 2 5 2 4 1 3 6 0 3 7 5 6 3 2 1 6 5 0 2 6 4 2 0 3 2 7 5 4 3 6 4 5 3 2 5 0 3 5 0 0 3 4 4
4 0 0 2 0 4 0 7 4 2 4 5 5 7 5 5 6 0 5 1 1 2 3 5 1 3 3 7 2 5 4 2 4 7 1 5 6 3 2 2 0 6 1 3 1 3 7 5 3 0 2 0 3 0
4 0 5 0 4 4 6 7 6 2 5 5 5 3 7 0 3 1 1 0 6 7 2 0 6 7 4 4 0 3 6 1 3 0 5 7 1 1 5 3 1 5 0 5 2 5 4 0 5 4 0 1 0 3
4 0 5 4 0 4 2 4 1 4 4 4 3 2 4 6 5 3 5 3 5 5 7 2 3 2 6 5 2 5 3 1 1 1 5 6 5 0 5 4 1 3 7 6 3 6 7 0 2 0 3 2 0 0
5 0 0 0 0 0 3 2 3 4 2 4 4 3 4 2 1 3 1 1 0 1 0 2 0 0 0 1 1 4 0 4 4 3 0 3 4 0 5 4 3 2 0 2 1 1 0 2 4 0 4 4 1 3
5 2 0 3 1 4 1 2 5 2 2 0 1 0 4 3 0 3 0 3 4 0 2 0 4 2 4 2 3 4 2 3 2 2 4 1 0 3 2 3 0 4 1 5 1 2 3 3 1 1 4 3 3 1
5 3 0 0 1 3 0 1 5 1 3 4 1 4 1 0 0 2 2 4 3 2 0 4 1 4 3 0 1 1 3 3 2 1 3 0 2 0 1 0 1 3 2 2 1 4 2 3 2 1 5 3 1 0
5 2 1 3 0 2 3 1 2 2 3 2 0 3 4 0 4 0 0 3 3 4 0 1 3 1 4 4 2 1 3 5 1 0 2 0 1 4 2 2 1 0 0 3 1 2 4 1 2 3 3 3 3 0
5 5 3 0 3 0 3 3 0 2 3 2 1 1 3 0 4 3 3 0 3 4 3 2 3 0 1 4 0 2 3 2 2 3 3 4 4 3 0 5 1 2 3 4 2 0 1 3 2 0 0 4 2 4
5 4 0 3 1 1 0 1 1 0 0 2 2 0 2 3 4 1 1 1 4 3 4 4 1 1 5 1 2 1 1 4 0 5 4 5 4 2 4 2 3 3 4 3 0 2 4 4 2 0 1 0 5 1
5 2 4 3 4 1 1 0 0 1 3 2 4 2 2 0 3 3 1 3 2 4 4 1 3 2 2 3 5 2 4 2 0 3 1 3 2 4 4 2 0 3 1 0 3 5 1 5 2 4 3 4 2 4
5 4 0 3 2 4 0 5 0 0 1 3 2 1 1 2 1 0 1 3 3 0 2 2 4 3 2 0 3 3 3 0 0 3 3 5 4 4 2 4 0 1 3 3 3 3 3 3 2 1 0 4 0 2
5 1 3 2 1 0 1 4 3 0 3 4 2 0 2 4 5 2 4 4 1 2 3 3 3 4 1 4 4 1 2 1 1 0 0 2 2 4 3 2 1 3 2 4 0 4 3 0 2 4 3 3 3 1
5 3 4 3 3 4 2 4 3 3 0 1 0 2 5 3 3 0 1 0 3 2 5 1 1 3 4 1 1 0 1 2 0 0 4 4 5 3 5 1 1 4 4 2 2 0 0 2 4 4 0 3 3 4
5 2 0 3 4 4 1 2 4 5 3 0 2 4 3 3 2 1 2 4 2 4 5 2 2 3 3 4 3 4 4 3 1 3 1 3 3 0 0 2 4 1 0 1 1 3 0 1 1 2 1 4 4 5
5 0 3 0 1 0 4 2 3 2 4 2 0 3 5 0 3 3 2 2 0 0 3 0 4 3 2 0 3 2 1 0 4 4 3 2 1 2 3 1 3 4 0 0 3 2 0 4 4 3 2 4 1 0
5 3 1 2 4 1 0 4 2 2 4 4 1 0 0 4 1 0 1 5 0 4 0 3 0 2 1 2 4 5 2 2 3 0 2 4 1 0 1 1 2 1 3 3 1 2 4 4 3 1 1 5 4 1
5 1 4 3 2 4 3 3 2 3 2 2 0 2 0 1 3 4 2 3 5 3 2 0 3 4 1 0 1 3 4 1 0 4 3 2 4 0 3 0 2 5 1 2 1 2 4 3 2 4 2 0 2 4
5 3 2 2 4 2 0 1 3 2 2 1 0 0 1 0 3 2 1 3 2 0 1 0 2 0 2 4 3 3 4 4 0 0 4 4 5 2 1 2 0 3 0 4 2 2 3 1 2 5 2 3 1 3
5 2 2 0 1 1 3 2 0 2 2 1 4 2 2 2 0 4 5 1 2 4 0 4 2 3 0 4 1 5 4 0 4 3 4 4 4 0 3 1 4 3 4 1 0 4 2 3 1 2 2 3 3 4
5 1 1 0 4 2 1 3 1 0 4 1 4 1 3 3 1 0 4 2 3 3 3 2 3 2 3 2 4 2 5 1 2 4 3 1 2 5 1 4 4 0 0 2 3 5 2 3 1 3 4 0 3 2
5 3 5 4 1 3 4 4 1 1 3 1 4 1 2 2 1 1 0 2 4 1 4 3 0 3 3 4 3 0 2 1 1 1 0 2 4 2 4 0 2 0 3 2 0 0 0 1 3 1 4 4 0 1
5 0 1 2 2 1 4 2 4 0 1 2 0 1 1 2 0 2 2 0 2 2 5 3 0 1 0 3 4 4 0 4 2 2 1 2 1 1 4 2 2 2 0 4 1 2 3 3 3 4 0 0 1 2
5 0 0 3 2 1 4 0 4 4 4 3 4 0 3 3 1 3 4 2 0 4 0 4 3 1 4 1 4 1 0 3 2 1 1 1 4 0 3 1 2 2 0 4 3 3 2 0 2 4 0 1 1 3
5 4 2 2 0 2 0 1 2 4 4 1 0 2 3 1 0 3 2 5 0 0 0 2 0 0 2 2 4 4 0 1 0 3 2 3 4 3 1 3 0 4 2 3 3 0 2 4 0 0 0 1 1 2
5 4 0 0 0 1 1 5 0 1 0 4 0 5 3 2 1 0 3 0 3 2 0 1 4 2 2 0 3 1 3 2 1 1 1 1 2 1 2 0 2 2 1 0 3 3 1 0 2 3 0 3 1 4
5 4 0 0 4 3 5 3 0 0 1 1 4 3 3 2 1 2 1 3 4 1 1 0 3 4 2 2 2 3 4 2 2 0 0 0 1 0 1 2 4 0 0 2 5 2 3 4 4 3 4 1 3 0
5 4 4 2 3 4 1 3 4 4 5 3 3 4 5 1 3 1 4 1 0 1 1 0 0 3 1 3 4 0 1 4 3 2 0 0 5 4 2 3 2 1 0 2 1 4 2 1 3 4 3 1 1 0
5 1 1 2 3 1 4 1 1 0 0 2 0 0 2 5 3 4 2 3 4 0 4 4 4 0 4 2 1 4 0 1 0 4 1 2 0 2 0 3 1 2 0 0 3 3 3 2 1 2 0 1 3 1
5 2 3 4 4 2 1 3 3 0 3 2 0 2 3 3 4 2 2 4 1 1 1 5 3 4 0 2 0 2 2 4 1 1 3 4 1 3 3 0 4 3 0 1 0 4 2 4 2 4 4 2 3 4
5 1 1 5 3 2 4 2 1 5 2 0 2 0 2 1 4 1 3 3 3 2 3 4 1 1 1 0 2 1 0 1 1 2 3 1 0 2 0 2 0 5 3 0 3 1 0 1 3 1 3 0 3 1
5 4 2 2 3 2 0 2 1 2 3 4 3 3 4 4 1 4 5 5 3 0 0 4 3 5 4 3 0 4 1 3 1 0 0 3 1 4 3 2 3 3 5 0 2 3 1 1 0 1 2 5 4 1
5 2 2 2 4 2 4 1 1 0 5 1 4 2 3 3 0 3 3 4 4 2 0 4 0 2 3 0 2 0 3 0 4 0 5 1 4 4 1 4 2 2 2 2 0 3 4 1 3 3 0 2 3 2
5 3 4 1 0 0 0 0 3 0 3 4 2 3 3 5 0 1 3 4 2 1 0 2 5 2 5 3 3 4 0 0 4 3 3 0 0 4 2 4 3 3 5 2 2 1 1 5 0 0 5 4 4 4
5 2 0 1 2 3 0 0 2 1 2 2 1 3 0 0 4 5 1 3 2 1 1 0 0 0 4 2 3 2 1 0 1 4 3 2 3 3 4 1 1 4 1 0 3 2 2 1 3 0 2 0 2 4
5 2 1 3 2 0 4 4 0 3 4 5 0 2 3 2 2 3 1 1 0 0 3 2 1 3 1 2 3 0 3 1 0 3 3 0 2 3 2 2 3 0 3 4 3 4 3 1 4 4 1 2 0 4
5 1 1 4 2 1 4 3 3 0 1 3 4 4 4 2 0 0 0 3 3 0 0 3 1 2 4 2 3 2 3 1 1 0 4 2 1 0 2 4 3 3 0 4 0 5 4 2 2 1 1 0 0 4
5 3 3 4 1 2 2 3 2 3 2 1 2 2 2 2 3 2 1 0 0 2 1 0 1 0 2 4 4 1 4 0 3 4 0 3 3 0 0 3 0 4 4 4 1 1 0 2 4 2 0 3 3 0
5 2 2 1 4 1 4 4 2 3 3 3 0 4 5 3 4 4 4 2 4 3 4 0 3 0 3 2 1 1 2 0 3 3 2 0 0 1 1 2 2 4 0 4 2 1 4 1 5 1 4 1 3 3
5 5 1 4 4 4 2 1 4 0 3 0 1 0 4 3 1 4 0 4 3 2 2 0 3 0 2 3 0 0 0 1 3 3 2 5 0 4 1 0 4 0 0 3 2 0 0 0 2 3 4 4 3 0
5 0 1 0 1 4 3 3 4 2 3 4 0 0 1 2 4 3 3 3 1 4 0 4 3 2 2 2 4 4 3 4 4 1 4 4 4 0 2 5 0 1 0 1 0 3 1 0 0 1 2 0 5 0
5 2 3 1 4 0 2 2 4 0 1 3 0 2 1 3 0 0 3 3 4 3 2 0 4 1 0 3 4 0 4 3 4 4 2 0 1 2 0 2 1 1 0 3 4 1 0 4 0 0 4 2 1 3
5 3 5 3 4 3 5 5 2 1 1 4 1 3 3 2 3 4 4 0 4 4 3 4 1 1 4 4 2 2 1 3 3 2 4 4 1 3 0 0 1 4 3 1 3 4 4 4 2 3 4 4 2 2
5 3 3 4 0 2 4 0 2 3 4 0 2 1 3 4 2 5 4 3 0 2 3 0 2 4 2 2 2 4 0 0 2 0 1 3 2 2 4 0 0 3 2 4 0 1 4 1 3 1 3 3 3 1
5 1 2 2 3 1 3 1 2 4 4 0 4 3 4 3 2 2 3 3 4 1 2 0 0 1 2 0 4 0 1 1 4 0 3 0 4 3 0 3 4 0 1 4 4 4 2 2 0 2 3 2 2 1
5 2 4 2 5 0 0 4 4 2 2 2 3 4 3 3 2 2 2 3 1 3 3 2 2 2 3 2 1 5 3 0 3 0 4 3 4 3 0 2 4 0 0 3 1 1 1 2 3 1 4 3 3 1
5 1 1 5 1 1 2 4 4 4 3 2 3 4 3 0 0 3 2 0 4 5 0 1 5 4 4 2 3 3 1 4 2 2 4 3 3 4 2 2 0 4 1 0 4 1 4 4 3 0 2 4 0 3
5 4 0 0 3 4 4 2 4 5 1 5 0 3 0 1 1 3 5 4 0 2 2 0 1 0 4 2 1 5 3 4 0 1 4 0 0 1 4 4 0 3 3 0 0 1 3 4 1 0 3 3 2 0
5 4 2 4 0 3 3 4 2 1 5 0 0 1 2 1 4 3 1 0 5 0 4 3 4 3 2 0 2 2 1 5 1 3 1 1 1 1 4 1 3 0 5 0 4 0 2 0 4 0 3 1 2 1
5 2 0 4 1 5 1 1 3 2 1 1 0 4 5 1 3 4 3 1 2 1 0 4 4 3 0 1 0 3 0 4 2 0 4 1 1 5 0 4 0 4 4 1 0 1 0 2 3 0 3 1 2 3
5 3 5 3 2 0 3 3 2 1 1 0 2 5 2 0 1 4 2 4 5 4 2 0 0 4 1 3 0 2 4 0 0 0 2 1 2 2 2 4 0 4 2 1 1 0 1 0 2 2 3 1 1 1
5 1 0 1 4 1 0 0 0 4 0 4 0 2 4 0 0 4 4 0 2 3 0 4 3 2 0 2 1 0 1 4 4 4 2 1 1 2 0 3 2 2 0 0 4 1 2 2 0 4 0 4 1 0
5 3 5 3 1 2 3 3 2 2 4 2 0 4 4 1 2 3 0 3 1 0 1 2 3 0 0 2 2 0 4 3 0 3 2 0 1 2 1 1 1 2 2 3 4 4 1 4 4 0 4 2 5 5
5 2 1 0 1 3 0 3 0 3 1 0 3 0 4 1 5 4 1 3 3 4 2 5 0 4 3 3 0 3 5 3 1 1 2 5 3 3 0 0 2 2 1 5 1 2 3 1 5 1 0 4 3 3
5 1 1 1 1 1 3 0 2 0 2 0 4 0 3 2 1 0 0 3 4 2 4 2 1 2 2 2 3 1 3 4 2 2 3 3 4 4 2 4 3 0 0 1 4 1 0 3 2 3 1 0 3 1
5 1 1 4 0 5 1 4 2 2 0 2 0 2 0 0 4 4 2 0 4 4 0 1 4 4 2 4 4 1 1 4 1 3 4 2 1 5 1 3 1 4 1 3 3 4 0 0 1 3 4 4 0 3
5 3 2 4 2 3 3 3 4 1 3 4 5 4 2 1 0 3 2 0 2 4 1 2 3 0 0 0 0 2 2 2 3 4 0 3 2 2 4 4 4 3 1 2 4 2 1 4 1 0 3 4 0 0
6 0 4 4 6 5 3 0 5 4 6 4 7 0 2 3 1 0 6 7 1 8 1 2 4 5 2 2 5 7 8 6 0 0 5 0 5 6 4 8 5 8 4 0 0 3 7 5 2 1 4 8 0 5
6 2 0 6 5 6 5 3 5 7 4 3 0 2 6 8 0 8 0 8 3 5 7 8 5 2 5 6 6 7 1 0 5 5 3 3 8 1 1 4 5 2 0 0 4 6 5 3 7 4 0 8 2 3
6 1 8 0 6 8 1 4 6 6 2 1 5 2 3 2 4 5 2 5 2 8 1 8 1 3 4 5 5 3 6 2 0 1 8 6 1 3 6 4 1 0 5 6 5 6 0 0 4 1 8 2 2 6
6 4 0 1 0 5 5 2 5 6 2 0 4 8 6 2 4 2 4 5 5 3 4 5 0 7 7 8 1 6 7 7 1 6 3 2 1 3 0 0 7 2 7 1 6 8 1 6 5 1 2 0 5 1
6 7 3 1 3 0 5 8 7 5 7 4 3 6 5 5 2 6 5 5 2 5 5 7 3 3 1 4 2 7 2 7 2 2 2 5 6 2 2 8 1 0 6 2 3 5 1 0 2 1 7 3 5 4
6 1 3 3 3 4 0 6 2 3 2 2 8 0 1 4 0 6 0 0 2 1 7 6 7 6 4 5 7 6 2 1 4 1 4 5 6 1 1 8 2 1 5 2 5 7 0 5 6 1 3 7 6 4
6 5 1 8 3 1 0 0 7 0 2 6 6 0 6 5 4 1 7 1 1 6 0 4 2 2 6 1 2 1 8 4 7 6 6 7 8 4 2 7 5 6 1 7 6 7 8 3 6 0 0 5 3 3
6 0 3 3 5 2 6 1 0 2 2 8 5 0 3 6 0 4 2 6 6 0 4 7 7 0 5 6 7 2 1 2 6 4 4 0 0 4 6 3 6 5 4 4 1 7 2 6 1 5 6 5 2 0
6 3 3 8 7 4 2 8 2 0 1 0 7 6 8 4 0 7 0 5 8 3 3 5 0 5 3 8 3 4 1 5 4 6 7 5 3 7 3 5 1 6 1 3 4 1 2 6 1 5 1 5 6 4
6 3 5 4 1 3 0 6 4 3 0 7 6 5 2 4 0 8 4 5 2 7 2 3 2 0 4 4 6 6 2 7 6 3 1 6 7 0 4 6 8 6 8 5 5 5 2 3 3 2 7 3 3 2
6 3 6 7 3 4 4 2 5 6 7 0 4 7 7 5 7 0 4 7 1 2 6 2 1 5 6 5 8 5 5 1 5 1 1 4 5 2 4 7 4 8 4 4 8 6 3 4 0 5 7 5 1 4
6 6 3 0 8 2 5 4 4 8 7 5 0 2 0 4 4 7 1 3 6 7 1 3 8 8 3 7 6 0 4 3 0 3 7 2 4 2 5 3 5 2 4 3 7 5 8 1 6 2 4 4 5 1
6 4 5 1 3 5 1 3 8 5 3 4 1 0 3 2 0 3 7 6 3 7 5 5 2 3 2 1 5 6 7 2 3 2 5 5 8 0 4 7 4 3 8 5 7 0 5 2 7 4 0 0 0 0
6 0 7 2 7 0 5 6 1 3 6 1 0 8 0 1 6 7 5 6 2 7 1 6 3 3 8 6 7 7 8 6 6 1 0 2 4 6 3 8 5 6 3 1 7 7 2 8 0 0 6 5 4 7
6 1 0 4 0 7 8 3 5 7 8 6 4 4 5 0 8 5 1 4 6 6 7 0 0 7 4 8 7 0 8 3 0 4 0 2 0 6 4 5 6 8 0 0 4 6 3 4 2 5 0 1 8 6
6 1 7 6 3 1 1 4 3 0 5 5 6 0 7 8 0 5 2 4 2 4 7 5 0 0 4 4 8 2 4 1 8 5 4 3 1 8 1 1 7 2 2 0 3 1 7 5 7 3 2 3 1 4
6 1 7 4 6 6 1 2 5 0 5 5 6 6 7 0 6 0 5 0 7 2 4 5 4 6 7 1 1 6 0 5 0 5 5 4 3 3 1 8 5 7 8 5 3 6 3 7 5 8 0 7 0 8
6 4 6 8 1 0 2 5 3 8 6 8 5 3 7 6 2 1 0 6 3 8 4 1 5 8 3 6 3 3 7 2 8 4 0 0 5 5 6 3 2 4 1 5 2 7 2 8 5 4 7 0 2 0
6 3 2 2 3 7 5 1 2 8 2 7 1 5 2 8 0 8 1 0 1 6 4 5 1 0 8 3 5 5 6 4 3 4 4 1 3 2 5 0 4 1 2 8 5 1 6 5 6 0 0 0 8 2
6 2 6 4 6 1 7 1 0 6 4 6 1 6 5 7 7 4 8 0 0 3 2 2 5 7 2 3 6 4 3 2 0 6 7 3 1 6 0 1 3 2 8 3 8 1 2 1 2 0 6 4 6 6
6 4 1 2 3 6 5 1 2 6 0 7 7 6 4 8 4 5 5 4 2 0 5 2 3 6 0 8 1 5 2 5 6 1 7 0 0 7 2 6 1 6 0 4 6 6 1 8 1 2 6 6 0 8
6 3 3 3 4 4 0 3 3 4 0 0 2 0 2 3 1 0 4 5 6 4 0 2 6 0 4 8 4 4 1 4 5 2 3 8 4 2 7 7 2 8 2 4 1 5 4 8 7 8 6 6 6 7
6 4 1 6 0 5 3 3 4 4 0 6 6 0 0 0 3 1 7 3 0 8 0 0 2 4 7 1 4 2 1 1 0 2 7 4 5 3 2 6 1 7 0 8 4 7 2 0 0 4 1 7 3 3
6 1 6 1 1 8 5 6 5 0 1 4 7 0 0 3 3 2 1 5 0 0 7 3 0 7 0 3 2 3 4 0 1 6 8 4 1 5 4 6 3 6 1 3 1 6 0 0 8 6 7 4 8 1
6 1 0 5 5 2 8 7 7 8 3 2 7 5 8 8 0 3 1 6 3 6 7 5 6 0 0 6 5 5 4 2 6 5 1 1 8 0 7 7 2 1 3 8 0 4 1 2 8 7 2 6 8 0
6 4 0 5 5 5 5 1 3 8 7 4 0 4 5 7 3 6 4 2 3 8 4 0 8 2 0 7 0 3 7 7 7 7 3 0 2 8 3 2 0 7 3 4 7 1 5 3 4 3 6 8 8 3
6 3 5 5 6 2 3 7 4 6 7 1 0 6 0 2 8 5 4 6 7 7 6 3 6 2 8 0 4 5 7 2 1 0 6 8 2 2 0 3 7 6 4 4 8 7 1 0 1 7 3 5 1 8
6 4 8 4 6 4 7 1 5 7 3 4 7 7 4 5 3 3 8 2 2 4 4 4 5 1 3 1 0 0 5 1 2 6 6 3 8 7 4 2 5 7 2 2 8 5 7 1 7 0 5 8 6 2
6 3 5 4 8 8 0 2 5 7 3 4 7 3 7 5 4 3 3 5 7 3 6 1 1 5 0 3 4 0 1 8 4 5 0 5 4 1 0 2 4 3 2 2 5 2 3 2 4 3 2 0 8 8
6 0 7 5 1 7 8 1 0 0 4 7 8 3 3 3 7 5 5 1 4 8 8 3 6 2 3 3 7 7 0 5 0 7 6 1 1 6 6 7 4 7 5 6 5 0 4 6 7 5 6 0 2 5
6 4 1 1 0 1 1 4 0 4 1 3 7 8 3 8 7 0 5 0 3 8 4 5 5 5 3 5 8 2 8 0 3 4 7 4 5 8 0 5 0 8 3 3 5 3 4 3 6 4 2 3 6 7
6 1 5 6 1 7 0 6 3 5 1 1 7 8 7 3 1 2 3 2 4 1 4 0 8 8 5 2 5 2 1 4 0 0 6 0 2 2 0 3 6 4 6 4 7 0 0 2 6 1 1 4 2 2
6 2 3 0 7 8 2 1 7 6 5 2 3 2 2 6 3 7 0 7 4 0 7 7 3 4 2 3 5 5 5 3 1 0 2 6 6 3 8 8 6 3 2 4 2 4 0 8 7 6 7 5 1 6
6 1 2 1 8 6 5 2 4 1 3 5 2 0 6 4 7 7 5 3 7 5 7 7 2 6 8 6 5 8 0 0 8 7 0 4 0 7 6 4 8 1 6 5 3 4 4 8 3 6 4 8 0 4
6 4 2 5 2 2 3 8 8 2 5 3 3 8 4 7 3 8 2 1 4 0 3 1 8 4 8 7 6 0 1 5 8 3 6 0 1 6 5 4 8 5 0 0 0 6 3 4 3 7 2 3 8 3
6 8 8 6 6 8 1 2 5 3 2 4 7 2 7 0 5 4 8 3 3 2 6 5 0 2 0 6 1 6 2 0 1 7 6 0 0 2 7 6 6 5 3 6 1 2 5 5 1 5 5 0 6 8
6 6 6 4 5 3 4 5 6 0 3 5 5 5 4 5 0 7 1 2 6 3 4 0 3 7 6 3 3 5 5 4 1 8 0 0 1 0 2 1 4 0 4 7 1 6 3 8 2 5 4 5 2 1
6 8 1 0 1 2 7 0 8 1 3 8 7 8 8 3 4 6 5 6 0 6 6 6 4 5 7 5 5 2 1 0 2 4 7 6 3 1 0 1 6 4 8 0 6 0 3 1 8 3 3 2 1 2
6 8 1 4 3 7 1 3 5 4 7 1 6 1 3 0 0 7 1 4 3 1 0 4 5 5 4 6 1 4 5 0 6 7 1 1 4 4 5 0 0 0 6 7 5 2 2 6 3 3 7 6 4 2
6 0 7 0 1 7 4 4 3 0 4 5 0 2 8 1 1 7 2 3 7 0 4 1 6 7 3 1 2 3 2 3 1 3 1 1 6 0 3 7 0 3 6 4 0 7 7 6 5 7 7 1 4 3
6 5 4 0 2 0 5 6 4 0 4 1 1 5 3 2 2 5 5 7 0 4 5 8 7 2 1 8 4 7 1 1 1 2 3 6 5 5 0 4 4 0 2 7 4 5 0 4 3 8 2 8 5 6
6 2 0 3 0 6 4 2 5 3 5 7 6 8 3 8 5 5 5 6 8 0 1 2 2 7 0 0 4 3 1 4 5 8 8 4 1 3 4 2 5 5 0 8 8 5 4 7 1 8 0 0 7 7
6 3 0 2 0 3 3 4 5 5 6 1 5 3 1 7 1 5 2 4 5 2 0 3 8 2 0 2 4 4 0 2 6 6 8 2 4 2 0 0 7 2 8 0 3 0 6 1 5 5 8 3 0 5
6 4 8 7 2 1 2 5 7 4 8 8 7 6 4 5 7 0 1 6 8 2 6 1 5 5 4 4 6 1 3 3 3 4 7 2 4 8 7 1 6 2 7 1 0 6 4 0 7 1 4 1 4 0
6 6 5 2 3 0 3 0 5 2 8 6 5 0 7 2 6 7 1 8 8 1 4 7 3 5 0 5 6 5 3 7 5 1 5 0 0 7 1 7 1 6 1 6 7 0 7 0 4 4 5 0 2 8
6 3 4 8 5 2 4 3 4 0 4 7 3 0 0 0 1 7 3 6 8 5 6 3 0 3 5 0 7 0 0 3 5 5 5 2 3 5 6 2 8 3 2 6 0 0 0 0 4 8 4 7 0 8
6 5 6 1 3 2 3 4 2 8 3 8 5 8 1 2 8 3 3 3 8 5 4 0 3 1 4 0 4 2 6 0 5 4 7 2 7 6 4 4 8 0 5 7 8 1 3 0 8 7 5 2 2 5
6 2 4 2 4 4 4 8 7 0 1 4 5 8 1 7 2 0 0 2 5 4 3 6 7 4 1 1 4 7 7 1 7 3 3 1 8 0 5 3 2 0 1 2 4 5 6 7 0 3 6 8 3 3
6 6 5 2 3 3 4 6 2 6 1 0 3 4 2 4 2 2 3 6 3 3 1 8 3 2 7 0 1 1 4 6 5 1 1 1 6 0 3 1 8 4 1 5 6 2 4 4 5 0 8 0 8 2
6 3 4 1 5 2 6 2 8 4 3 3 3 0 4 7 5 1 4 8 0 1 4 2 4 6 7 5 2 1 1 1 5 8 1 5 5 4 6 3 3 5 0 4 4 1 6 7 7 6 0 1 4 7
6 6 4 2 2 8 5 2 0 1 6 6 8 8 6 0 1 0 8 2 6 1 5 3 0 6 4 3 5 4 0 7 3 5 5 6 5 4 0 6 8 0 3 2 1 6 1 5 4 6 2 0 3 5
6 5 3 4 0 6 3 6 0 4 5 8 2 4 2 6 2 2 3 7 6 1 2 6 8 8 2 6 6 3 0 6 7 4 5 6 7 8 0 8 8 3 1 5 2 7 0 8 1 5 7 5 0 0
6 7 6 0 7 8 0 8 3 4 0 2 6 8 6 7 5 6 3 5 7 1 5 2 1 3 0 6 4 3 6 7 7 6 7 8 5 2 1 2 6 1 0 5 2 3 2 3 8 1 1 2 2 0
7 0 1 1 5 1 3 0 1 1 1 3 1 2 2 3 1 2 0 1 4 4 1 5 3 4 5 5 2 2 0 4 3 5 4 3 5 1 1 1 3 4 3 1 4 0 3 2 1 0 3 2 3 4
7 0 0 4 2 2 1 0 0 2 2 5 2 3 2 5 4 2 3 3 2 2 4 5 0 3 4 3 4 3 0 5 5 1 0 0 4 4 5 3 4 3 3 0 3 1 2 4 2 2 1 0 2 1
7 4 4 0 2 1 0 1 1 1 4 0 0 1 1 3 3 0 1 1 2 1 4 1 0 0 3 2 1 4 2 1 3 4 2 4 3 3 1 4 5 2 2 2 3 1 2 0 0 1 1 0 1 3
7 2 4 2 0 0 0 4 4 3 4 3 1 0 4 4 4 2 2 5 3 2 2 2 1 4 1 4 4 2 0 0 3 0 0 1 0 1 3 1 3 3 3 4 0 2 4 0 0 2 3 2 4 4
7 3 5 3 3 0 1 1 0 1 2 0 1 1 3 0 0 0 3 4 2 1 2 1 0 2 2 0 4 4 1 0 3 4 4 0 3 2 2 3 0 1 4 5 3 2 1 3 4 3 1 1 3 2
7 3 3 3 2 3 0 3 5 4 2 0 3 4 1 1 4 3 2 3 0 3 1 1 1 2 2 0 1 2 2 2 0 1 0 4 3 3 4 1 1 3 1 1 4 4 1 1 3 3 2 2 1 3
7 4 4 4 5 5 3 0 4 1 0 4 1 1 2 5 1 0 1 3 1 0 4 3 2 4 4 3 0 1 0 2 1 3 4 2 3 0 3 0 5 1 1 3 3 1 5 0 4 1 3 5 3 1
7 1 2 1 3 1 3 5 0 0 4 2 0 0 2 0 2 0 1 3 3 0 4 1 4 3 1 4 4 2 1 2 1 3 2 3 4 1 1 4 5 3 0 0 4 3 1 5 2 3 3 1 3 1
7 0 3 3 4 0 1 1 2 0 1 0 1 0 4 5 1 4 2 0 2 2 0 4 3 1 2 3 4 3 2 0 4 2 3 4 2 3 3 1 0 0 2 2 5 5 3 4 3 3 3 0 1 4
7 2 2 0 0 2 4 3 0 3 0 5 4 2 3 3 0 3 4 3 4 4 3 3 4 3 0 2 4 3 2 0 2 0 4 1 4 0 1 3 0 4 4 2 4 3 1 0 1 0 3 4 4 3
7 3 5 3 4 0 0 3 0 4 4 0 1 2 2 2 2 4 4 2 2 0 1 4 4 2 4 4 2 2 1 0 1 0 3 0 5 3 4 0 2 3 2 4 2 4 5 0 0 1 3 4 2 2
7 4 4 4 4 3 3 1 5 0 0 1 0 4 0 1 2 3 3 1 5 3 0 4 4 4 5 2 4 2 5 0 1 1 0 2 0 3 1 0 4 3 0 2 1 5 4 4 3 2 1 2 4 4
7 4 4 0 1 1 2 3 4 1 1 1 0 0 1 2 0 3 1 1 1 5 4 3 3 2 4 0 5 0 0 4 0 0 4 1 5 4 2 1 4 2 2 2 1 0 1 4 3 0 0 1 2 3
7 4 1 4 3 5 2 1 1 4 5 1 0 3 0 0 0 0 2 1 4 4 3 2 2 3 4 3 2 0 0 0 2 4 4 3 3 1 0 1 1 4 3 1 3 2 3 1 3 3 4 2 3 1
7 1 3 2 1 3 0 2 2 1 4 2 1 2 4 0 5 2 4 0 4 3 3 1 3 3 1 5 2 3 0 0 4 0 0 4 5 4 0 1 0 2 0 4 3 0 4 4 1 1 0 1 2 0
7 1 0 4 2 1 4 0 1 1 0 4 1 2 3 5 0 0 2 2 1 4 4 2 1 2 1 2 4 1 1 3 4 2 4 2 0 1 0 4 2 1 4 1 4 4 0 1 1 1 2 0 4 2
7 3 1 1 1 3 5 3 0 0 5 1 3 3 0 5 0 0 3 3 5 0 4 0 0 3 1 2 3 3 1 4 1 4 0 0 3 2 3 2 1 2 3 4 3 1 3 4 0 3 3 1 2 0
7 2 0 1 1 1 5 2 5 1 0 3 0 2 4 3 4 5 0 2 4 0 4 1 1 0 5 0 0 2 0 1 4 4 3 0 0 0 2 2 1 1 1 3 3 3 0 0 3 4 1 3 3 1
7 2 2 2 0 2 2 3 0 3 2 3 4 4 2 2 0 2 2 0 5 2 0 2 0 3 4 2 5 2 4 0 2 2 3 1 0 0 0 2 5 1 1 3 5 0 3 2 0 4 1 2 5 1
7 0 4 1 3 3 0 5 0 3 4 3 3 1 2 0 4 0 4 3 0 3 1 5 4 1 1 1 5 4 1 3 1 1 2 1 4 0 1 1 4 1 4 2 4 4 3 4 1 5 4 4 3 2
7 0 1 2 4 0 0 2 0 2 2 3 4 1 2 2 0 5 4 1 4 0 4 2 3 1 1 3 4 3 2 1 1 1 0 5 0 1 1 0 4 1 4 3 1 4 5 2 1 3 2 3 3 4
7 3 1 0 1 3 1 3 1 3 1 1 4 2 1 0 4 1 1 1 4 1 0 2 0 4 3 0 1 0 1 2 1 1 5 0 1 4 3 1 1 0 2 4 1 2 1 3 1 1 2 4 2 2
7 0 4 3 1 4 4 0 0 4 1 5 4 2 4 1 3 0 3 4 3 4 3 0 1 0 0 3 0 2 3 1 4 1 2 3 1 3 4 4 2 1 4 4 2 4 4 1 1 2 1 0 4 1
7 2 5 3 3 2 2 2 0 3 0 4 1 0 3 4 0 0 2 2 0 3 3 4 0 4 4 3 1 2 0 0 4 1 1 2 3 0 1 0 0 1 5 0 1 1 3 2 3 1 2 3 1 3
7 1 2 4 4 2 2 1 3 4 0 0 0 2 4 2 3 2 1 3 1 0 1 4 1 0 4 4 3 4 0 0 0 2 0 4 4 1 4 0 1 2 3 2 3 5 2 4 4 2 0 1 2 1
7 4 2 2 3 0 1 1 4 2 4 1 4 2 2 0 2 3 0 5 2 4 1 1 2 3 0 0 4 3 5 0 1 4 0 0 2 5 4 1 0 3 1 0 2 1 5 0 1 1 4 0 2 4
7 4 4 1 3 3 0 1 4 4 2 4 2 2 2 2 5 3 3 2 3 0 2 0 5 1 1 0 4 0 1 2 4 3 4 0 0 3 0 0 1 0 0 0 2 2 4 4 3 0 2 1 1 1
7 0 4 3 3 0 3 0 3 5 3 3 0 2 2 1 1 0 1 2 0 4 5 0 2 3 0 1 0 2 2 0 3 4 0 5 2 0 5 3 2 5 2 2 2 3 0 0 4 1 3 4 2 3
7 0 3 0 0 0 2 0 0 0 5 2 4 3 1 2 5 0 5 2 4 2 4 5 3 2 2 0 3 0 1 3 1 0 3 3 3 4 3 1 2 3 2 0 2 4 0 4 4 1 4 1 1 4
7 1 1 4 0 1 0 3 2 0 5 2 3 3 2 4 2 3 4 1 1 3 1 1 2 3 0 1 1 2 0 5 1 1 0 2 2 4 0 0 0 1 0 1 4 3 1 4 3 4 1 3 1 1
7 1 3 1 2 5 4 3 0 0 2 1 4 2 0 2 3 4 3 2 0 2 3 3 3 2 2 1 4 3 2 0 2 1 0 4 1 2 3 2 2 4 3 3 0 0 3 3 2 1 2 1 0 1
7 4 2 0 5 2 4 2 3 0 2 2 0 1 4 1 0 3 5 3 4 3 1 1 4 0 3 0 3 4 4 1 0 3 1 4 3 4 4 2 1 3 4 2 1 2 1 0 1 0 2 4 5 0
7 5 0 1 1 0 1 0 4 0 4 0 1 3 5 4 3 1 1 3 2 4 3 1 4 0 3 3 4 3 0 0 2 0 4 2 0 4 0 4 1 3 2 3 1 4 4 3 0 3 0 1 1 2
7 1 1 2 3 2 0 1 2 3 2 0 3 4 3 3 3 2 1 5 5 0 4 2 2 0 3 1 0 0 3 4 2 0 0 2 3 1 4 3 5 0 3 3 0 2 0 5 4 3 4 0 2 4
7 1 4 3 1 2 1 0 3 1 0 0 1 1 1 3 4 2 2 4 1 5 2 2 0 2 0 4 1 2 2 4 3 1 0 0 4 3 2 1 2 0 0 1 3 3 2 0 0 1 4 4 2 1
7 5 1 2 0 4 1 1 4 0 4 2 3 1 2 1 2 1 2 2 4 0 3 1 2 5 3 1 0 0 1 3 1 3 3 0 0 3 4 3 3 0 1 2 2 0 1 1 2 3 1 1 5 5
7 0 4 3 4 5 2 0 1 3 0 3 2 4 0 5 3 1 3 2 1 3 1 0 2 4 3 2 1 3 0 4 1 0 1 3 1 0 1 0 1 3 4 0 0 3 3 2 4 2 0 3 4 1
7 1 5 3 1 3 3 0 4 0 1 3 4 4 3 4 2 4 2 1 0 4 4 1 1 5 1 2 3 2 4 5 5 0 2 0 4 0 0 3 3 4 3 0 1 0 0 4 3 2 2 0 2 2
7 2 3 0 1 1 0 4 0 4 4 2 3 1 4 4 4 2 1 1 3 4 4 3 0 0 3 2 2 3 2 4 2 0 3 2 1 2 2 0 2 4 3 2 4 1 5 4 4 2 3 3 3 3
7 1 3 0 0 3 0 0 0 2 5 1 2 1 2 2 1 2 1 2 1 2 4 2 2 5 1 3 0 0 3 4 2 3 1 3 1 2 3 1 0 4 0 5 0 0 4 2 5 4 1 2 1 3
7 4 3 1 1 3 0 0 4 5 0 4 2 5 0 4 3 4 0 4 3 2 4 2 5 5 1 0 1 0 2 1 1 0 4 0 1 0 3 3 5 0 3 0 0 1 1 1 3 0 4 2 4 3
7 4 3 3 2 4 1 0 4 4 5 4 2 1 4 3 0 4 1 3 4 3 3 1 0 0 2 4 0 2 3 3 2 1 1 0 1 3 3 4 4 1 0 4 4 0 3 0 0 2 4 3 1 0
7 1 3 3 0 3 0 4 2 1 4 4 0 1 4 3 3 4 4 3 4 5 0 5 2 0 5 3 0 0 2 2 4 4 3 0 5 2 0 2 1 1 4 0 0 0 1 4 4 2 2 1 1 2
7 4 4 2 1 4 1 4 4 4 0 4 1 2 4 5 2 0 2 1 4 3 4 1 0 3 2 0 3 3 0 3 4 3 3 0 1 2 4 0 0 1 2 4 0 0 1 0 2 3 3 2 1 2
7 3 3 1 2 5 3 3 2 5 3 2 3 2 2 2 3 0 2 2 4 3 0 4 2 5 0 0 1 2 3 3 2 2 3 1 2 3 0 2 3 1 5 1 3 0 1 4 0 4 0 0 0 0
7 2 2 0 0 5 3 3 0 1 4 5 3 2 1 4 2 2 3 0 2 3 4 5 4 0 4 2 1 0 4 4 0 4 3 3 2 4 3 1 3 3 3 4 3 2 0 2 5 1 1 0 4 4
7 0 3 2 5 0 2 0 4 0 3 4 0 0 2 0 4 0 0 4 2 0 0 0 2 2 2 2 0 5 4 2 3 1 1 5 3 2 0 0 0 4 3 3 0 3 4 0 1 3 3 1 4 3
7 1 4 0 1 0 2 2 4 1 4 1 0 3 3 4 1 4 0 1 0 0 4 1 3 0 4 3 0 0 2 5 2 2 2 3 3 1 3 4 4 2 3 1 0 1 2 2 0 0 4 2 0 0
7 0 1 4 4 1 3 5 1 0 2 4 2 5 4 1 1 5 2 3 2 0 4 3 1 1 4 3 2 4 2 1 0 1 1 1 1 4 2 4 0 2 1 0 0 1 1 5 1 0 4 4 4 4
7 5 3 3 2 2 4 4 1 4 0 3 4 0 4 0 4 3 1 2 4 3 2 2 0 4 4 2 1 1 2 2 3 1 0 2 4 5 3 0 4 1 1 1 5 2 0 3 2 1 0 4 3 0
7 1 2 3 1 0 2 1 0 3 0 0 2 2 3 3 2 3 2 3 4 2 3 2 1 0 4 0 3 3 2 3 3 3 1 0 3 0 0 2 4 1 3 0 4 2 4 0 0 1 4 0 3 4
7 0 1 2 1 2 1 0 3 0 2 2 0 3 3 1 3 4 2 2 3 1 3 2 4 4 2 2 0 2 2 1 1 2 0 2 2 1 1 4 2 4 2 4 3 4 2 2 1 1 0 3 0 3
7 1 1 4 4 2 1 5 1 2 2 2 0 4 4 3 4 4 3 2 1 4 2 0 0 0 1 0 3 4 2 1 4 3 3 3 2 0 3 0 1 0 3 3 4 3 3 4 1 3 4 5 4 0
8 0 4 0 4 5 3 1 2 6 5 0 2 2 7 2 2 7 2 7 4 4 0 1 6 7 6 3 4 3 5 7 2 1 3 3 6 5 2 4 5 6 7 2 7 4 0 1 2 7 0 2 7 5
8 1 0 0 2 2 7 5 8 2 5 4 7 3 7 1 3 4 1 2 0 3 2 1 1 3 1 2 2 1 1 6 2 2 3 6 3 4 0 8 5 3 1 4 5 1 3 4 5 8 5 3 6 1
8 3 0 0 7 8 5 5 2 3 4 0 8 4 7 2 0 7 2 6 4 7 3 1 6 5 0 0 0 2 3 1 0 1 3 2 8 1 1 2 1 2 5 8 7 3 7 3 1 4 3 3 7 2
8 0 4 7 0 1 0 2 2 5 3 1 0 7 6 7 2 0 0 3 6 3 3 7 0 5 0 1 2 2 2 4 1 8 6 2 7 1 7 2 2 4 1 3 4 2 4 4 2 0 0 4 1 0
8 8 4 0 7 0 1 4 6 5 4 3 5 4 0 5 3 2 4 7 5 7 0 0 6 3 4 1 2 2 0 1 5 4 0 5 7 5 1 7 2 5 0 2 7 1 4 6 6 4 8 0 1 5
8 0 6 1 1 8 0 7 7 1 6 3 2 7 5 2 0 5 1 2 7 7 0 7 7 8 3 3 2 4 6 1 1 0 0 5 1 5 4 0 3 7 6 1 2 4 1 5 3 7 5 8 2 6
8 4 2 0 3 2 7 0 7 7 3 6 2 8 2 6 0 4 7 0 0 3 7 4 4 5 5 0 0 6 5 8 2 8 7 1 7 5 4 2 7 1 2 2 6 0 6 7 4 4 1 3 3 3
8 0 7 7 7 7 5 4 0 1 4 3 0 0 1 4 3 5 2 3 8 4 0 2 7 5 3 7 3 6 4 0 1 5 6 3 2 0 2 7 6 0 1 4 4 4 1 4 6 6 8 4 5 8
8 4 7 5 0 5 1 2 4 0 7 2 8 3 4 1 3 2 3 3 5 2 6 4 5 5 5 0 8 0 2 6 7 4 4 6 6 6 1 6 0 0 4 2 6 7 0 7 7 4 6 5 2 0
8 6 0 8 1 1 4 0 4 1 0 2 6 1 6 6 7 0 4 5 4 2 7 0 2 7 3 1 7 0 3 1 0 6 3 5 6 1 2 6 6 6 3 2 1 2 3 5 6 5 1 2 3 5
8 5 4 7 3 1 5 2 1 3 5 0 7 7 7 7 2 1 1 1 6 6 7 2 3 0 7 4 7 7 5 4 5 0 0 2 4 7 2 3 6 1 2 1 7 4 2 0 0 1 3 3 7 2
8 4 1 1 1 1 1 5 3 6 5 1 0 0 6 7 0 4 6 7 3 7 5 1 6 5 5 2 4 5 7 1 3 1 2 2 4 0 4 3 7 0 3 1 7 3 1 6 1 5 7 7 4 3
8 4 2 5 1 2 7 3 7 5 6 3 3 0 5 6 2 2 8 3 1 6 0 4 7 1 2 1 6 6 5 3 0 2 3 6 2 1 4 1 7 5 0 1 4 3 3 4 5 4 8 1 7 0
8 6 0 2 6 1 6 7 1 6 5 4 6 3 0 6 0 0 0 2 3 3 2 2 3 0 5 1 1 2 7 1 4 5 4 4 3 4 1 0 4 7 2 0 7 3 7 0 5 5 7 0 4 4
8 3 5 1 6 6 3 6 3 0 5 4 4 5 2 0 1 5 0 6 6 3 6 5 1 4 0 3 6 3 3 3 0 1 0 2 1 3 7 6 3 5 2 0 7 0 7 1 0 6 4 5 0 4
8 2 1 4 7 7 7 6 2 1 5 8 0 7 2 0 0 1 3 4 4 3 1 6 1 6 5 0 2 4 2 2 5 4 7 0 5 0 7 1 7 5 4 5 0 6 7 1 4 0 7 5 6 7
8 6 7 4 5 4 4 0 4 4 2 3 3 4 6 7 2 0 3 2 3 1 6 7 4 1 5 5 0 4 5 7 5 0 5 3 4 5 5 1 4 0 3 2 1 5 3 2 5 6 2 0 7 3
8 1 4 5 7 6 5 1 1 3 0 5 0 1 6 4 2 6 0 4 5 4 3 4 5 2 6 1 5 2 4 0 7 3 2 3 6 7 6 2 3 5 5 3 2 4 5 4 7 0 2 4 7 1
8 2 7 8 3 4 3 0 5 4 3 7 0 4 6 4 2 0 1 0 1 0 6 6 5 1 8 3 4 1 5 3 6 4 5 3 6 2 6 1 3 3 1 0 7 7 7 2 7 3 7 7 6 5
8 3 2 3 5 3 7 7 6 2 1 0 4 6 0 2 7 7 3 7 0 0 6 7 4 6 6 4 4 6 4 2 6 3 3 8 5 6 0 5 6 2 4 6 7 6 1 3 7 2 4 4 1 5
8 4 5 0 2 4 0 0 0 0 2 1 2 5 6 7 6 5 4 5 3 0 1 8 2 4 4 8 2 7 7 5 0 2 1 6 1 6 4 5 4 4 8 7 3 2 0 3 7 5 4 3 0 0
8 6 6 6 6 7 7 6 2 7 3 2 4 1 4 0 5 2 4 1 4 1 0 0 1 4 5 5 5 4 5 2 1 4 3 4 1 6 6 1 6 0 8 1 5 6 4 7 8 0 7 5 0 7
8 4 7 7 6 4 4 3 1 1 0 4 5 0 7 1 8 8 3 6 0 6 6 0 3 4 8 2 1 5 5 6 5 4 3 4 7 5 6 5 3 0 0 2 3 1 8 4 0 3 6 8 3 0
8 6 5 7 0 3 2 5 3 1 3 0 3 0 7 5 0 7 4 7 7 4 7 7 0 7 3 6 2 6 5 0 0 0 2 1 7 2 5 7 3 3 4 1 3 7 1 4 4 4 1 4 5 5
8 6 3 5 4 0 1 2 6 5 1 7 6 5 4 4 0 6 4 3 0 1 2 0 5 0 0 1 0 5 7 2 2 0 1 3 7 4 0 2 0 3 6 7 7 2 5 6 1 5 4 2 0 4
8 2 1 5 6 1 5 3 0 7 8 7 5 8 7 6 2 5 5 1 0 2 4 2 2 6 0 7 8 3 8 0 6 6 3 5 3 8 0 4 5 1 4 0 4 1 5 7 3 2 7 2 6 1
8 5 7 6 6 6 5 6 2 2 1 0 5 7 2 1 0 2 6 7 6 7 5 3 7 8 6 0 6 3 6 3 4 1 2 7 6 1 8 0 5 0 0 1 7 3 3 1 0 4 1 3 2 2
8 5 8 2 1 7 0 7 8 2 0 3 0 3 1 5 4 0 1 5 0 1 6 0 2 5 0 0 0 1 4 2 6 2 0 2 5 7 4 4 0 0 1 1 1 1 7 4 2 6 4 5 5 2
8 2 0 7 7 4 2 7 2 2 3 5 0 7 1 2 7 5 6 1 4 5 1 7 5 2 6 5 6 0 7 2 0 5 6 2 3 6 4 3 6 3 5 6 2 6 7 7 1 6 2 3 5 1
8 4 0 5 5 0 3 2 2 2 5 1 0 5 5 7 8 0 1 0 5 2 2 0 5 6 7 0 7 6 0 3 3 2 4 5 4 1 3 0 0 6 0 2 7 6 4 4 2 7 4 4 5 3
8 6 4 1 4 7 2 1 4 0 1 5 5 4 6 2 4 6 8 4 5 3 6 0 0 3 5 1 5 6 6 0 5 2 4 7 1 2 7 7 1 0 1 3 0 1 3 4 4 3 6 3 7 1
8 2 4 5 0 4 7 1 6 1 1 3 7 0 7 1 1 6 7 1 7 0 5 3 6 7 3 1 4 8 5 3 0 7 5 8 2 0 2 5 2 5 5 3 1 3 4 3 4 0 6 7 4 6
8 7 8 6 4 4 6 0 0 6 3 1 0 6 1 3 4 5 2 1 7 2 5 4 2 5 3 6 7 1 6 3 0 0 6 3 7 6 5 2 3 4 8 0 5 0 0 5 3 3 0 1 3 1
8 0 1 2 6 6 8 8 2 5 0 3 5 2 7 6 5 5 2 5 4 5 0 7 5 5 0 7 0 2 3 3 5 6 0 1 2 4 3 7 2 3 4 3 3 7 1 5 2 3 0 5 3 7
8 6 3 6 3 6 4 5 1 2 7 0 1 3 1 4 1 5 0 6 8 4 4 5 4 7 3 6 1 7 6 6 5 2 6 0 7 7 6 5 4 2 6 5 2 4 7 4 0 5 5 3 4 5
8 8 4 1 7 6 1 4 0 7 7 5 3 6 3 1 0 4 5 3 1 0 3 7 7 7 4 0 5 7 7 4 3 7 1 1 0 3 2 0 7 7 7 6 1 6 7 4 1 6 7 2 6 7
8 7 2 1 2 5 7 3 1 8 1 0 4 6 2 6 6 1 0 6 1 5 5 0 0 5 6 6 1 4 1 2 7 1 6 2 2 0 8 2 1 7 4 0 0 0 5 3 5 6 0 6 5 7
8 3 0 0 3 5 7 7 0 4 7 6 6 6 5 3 8 0 5 6 2 0 5 0 7 6 6 7 2 5 1 0 3 3 3 3 5 5 0 8 1 3 3 5 1 8 2 1 6 7 7 0 4 5
8 7 5 2 1 7 0 7 0 7 6 2 5 6 0 0 7 7 4 0 8 1 2 0 0 1 7 6 4 5 4 0 7 6 5 2 7 5 3 0 1 6 2 5 5 3 3 1 0 5 4 3 4 2
8 6 3 0 7 3 0 7 2 2 0 4 4 3 0 4 4 7 0 8 6 0 0 3 4 3 1 6 5 6 3 3 5 5 1 1 0 3 0 5 0 1 1 0 4 6 1 3 6 0 7 7 7 4
8 4 3 7 1 7 2 5 2 0 1 8 1 4 1 4 0 3 0 6 1 1 4 0 2 3 6 2 5 6 4 1 6 2 3 4 6 4 4 7 2 0 1 2 2 0 0 0 0 2 5 0 4 3
8 2 2 7 7 1 4 0 2 4 4 4 2 5 0 4 0 7 2 7 1 1 5 2 1 0 4 5 1 5 5 2 1 0 4 0 1 5 0 5 6 5 0 5 6 6 0 4 4 0 8 0 4 2
8 5 2 0 7 5 6 2 5 2 7 1 3 1 2 4 3 4 4 5 6 0 0 5 2 2 3 1 2 1 4 5 2 4 7 4 6 3 1 7 3 7 2 0 8 5 3 3 2 8 1 5 8 3
8 5 0 5 5 5 6 6 6 4 0 4 5 1 3 2 7 1 6 7 7 5 6 4 1 4 6 2 2 3 3 7 6 0 2 2 4 5 4 7 0 3 0 3 0 5 0 4 4 2 7 0 5 5
8 1 4 5 3 2 2 3 3 4 4 6 6 6 3 1 7 2 4 4 6 0 3 3 6 1 4 6 7 3 5 3 7 3 4 0 7 4 2 2 1 5 5 7 5 0 0 0 1 3 1 7 2 5
8 2 6 4 2 2 3 1 7 0 2 6 1 2 0 7 5 1 5 0 4 2 3 0 3 0 1 0 1 6 7 3 0 5 2 2 6 3 4 4 0 5 8 1 3 1 0 5 2 7 7 0 1 6
8 4 3 4 0 4 5 2 2 5 2 3 4 3 4 2 7 0 3 0 8 4 0 8 6 2 3 7 0 5 7 7 5 6 4 6 6 0 5 2 1 4 2 1 2 6 3 0 8 3 3 3 5 0
8 4 7 7 4 6 1 1 4 0 6 7 1 2 4 6 2 1 6 6 6 3 7 2 6 2 2 6 2 0 2 6 3 0 2 4 0 6 4 6 1 4 2 6 5 0 0 1 0 0 3 3 1 0
8 1 3 1 3 4 8 1 2 7 7 2 0 0 7 7 0 4 2 0 2 0 1 0 2 3 4 2 4 4 7 5 5 2 7 5 5 5 0 1 5 3 4 1 2 4 2 1 2 0 2 5 2 3
8 1 2 6 4 3 7 5 6 1 0 5 6 2 6 0 0 3 5 0 4 6 6 1 1 4 4 2 3 3 3 6 0 2 4 2 7 7 5 6 7 2 4 3 2 4 2 0 6 6 0 3 5 1
8 3 4 3 0 6 2 0 1 1 4 2 2 2 1 0 3 7 2 3 0 0 5 4 5 7 6 0 4 0 5 0 4 3 2 5 0 5 4 5 7 2 6 4 1 3 6 7 4 0 3 0 0 4
8 1 7 7 5 2 3 3 6 7 6 3 3 8 0 5 0 5 6 1 3 2 0 1 1 7 6 5 2 4 5 6 1 2 0 7 0 3 5 1 2 4 6 5 7 4 7 6 3 6 8 5 0 0
8 1 0 4 3 7 5 1 5 6 6 3 4 0 7 0 0 4 7 3 1 6 5 1 3 3 6 3 4 1 1 8 2 6 1 6 2 4 4 2 7 2 5 6 0 3 4 4 3 7 0 1 3 0
9 0 2 6 2 5 2 5 6 7 6 6 5 4 5 0 2 6 4 2 1 5 6 0 3 7 3 1 0 3 2 5 4 4 4 5 2 4 1 3 2 2 3 3 4 1 0 6 0 5 4 2 6 7
9 6 0 4 1 4 5 0 1 5 3 5 3 4 0 1 4 1 1 4 0 3 1 3 5 3 4 4 6 2 0 2 4 6 6 2 2 6 6 6 5 6 0 1 7 3 0 5 6 0 2 3 1 5
9 2 5 0 5 2 4 6 5 0 0 6 3 5 7 3 5 2 3 5 1 1 4 5 4 6 0 1 0 3 5 0 3 2 4 1 6 5 6 5 4 0 2 2 4 1 3 4 5 3 6 2 3 1
9 6 0 2 0 0 6 2 2 3 5 5 2 4 3 3 4 6 2 5 1 2 7 3 4 2 6 7 2 6 3 0 0 3 6 1 0 3 1 6 1 6 1 3 5 4 4 2 5 4 1 3 6 6
9 4 7 0 5 0 6 6 1 5 3 3 0 6 4 0 0 3 5 3 0 2 5 2 6 5 4 4 6 0 3 6 3 1 2 4 2 1 2 2 7 2 6 4 2 6 2 2 4 3 7 3 5 5
9 0 4 2 5 1 0 6 7 5 5 5 5 4 0 5 0 2 6 5 0 2 6 0 2 4 5 4 6 0 0 4 3 0 0 1 1 4 3 3 2 4 0 6 0 5 5 2 2 3 5 4 5 0
9 4 0 6 0 3 6 0 1 5 4 2 3 5 4 5 3 3 2 6 5 3 6 0 0 7 5 4 3 0 1 6 5 6 3 0 2 1 6 7 4 1 1 1 6 5 1 3 3 1 6 4 6 7
9 2 7 0 5 3 3 0 0 1 6 0 4 1 1 1 2 0 4 3 3 6 5 1 0 4 6 3 3 2 0 3 4 2 2 2 0 3 4 1 0 5 0 3 2 5 6 6 5 6 5 6 2 3
9 2 2 4 2 4 5 5 2 0 0 5 4 0 1 1 1 5 3 2 6 3 1 1 3 1 4 1 7 0 5 2 2 6 6 5 2 5 4 2 6 5 6 2 5 2 4 6 0 2 6 3 1 5
9 2 2 4 5 4 3 2 0 1 0 6 0 6 0 6 2 6 5 4 3 0 5 0 3 0 0 1 1 7 2 4 5 2 6 5 3 1 3 2 0 4 2 5 0 6 1 5 6 0 1 4 3 7
9 2 6 0 2 2 1 6 2 1 3 0 2 5 0 1 4 1 3 1 5 1 7 6 1 0 6 3 6 6 0 5 4 4 2 2 1 1 7 6 6 4 5 0 3 2 5 5 0 4 5 5 3 7
9 1 2 4 0 2 7 0 3 5 4 6 0 7 1 1 3 6 5 5 0 3 6 2 0 7 5 1 0 1 1 4 1 2 3 1 4 4 1 2 1 3 5 4 6 2 6 2 2 2 3 6 2 4
9 2 2 1 5 2 6 3 2 4 5 5 0 0 5 4 5 3 5 0 3 6 3 0 5 0 0 0 7 0 0 1 1 3 3 3 2 0 1 6 3 0 4 5 3 5 5 4 4 4 0 4 2 3
9 4 3 2 6 4 1 5 4 5 1 0 5 4 0 6 4 6 3 2 5 3 1 1 0 4 6 3 1 4 2 5 2 0 3 6 0 4 4 2 3 5 5 4 5 0 5 0 6 6 5 3 3 0
9 6 0 3 1 1 3 1 0 1 3 5 4 4 1 0 0 4 7 6 4 2 2 5 0 3 0 6 4 4 7 4 0 3 2 5 0 6 6 4 6 4 0 6 2 0 4 3 5 5 5 4 3 2
9 3 3 5 4 4 5 3 6 2 5 1 5 3 0 3 0 0 2 1 5 0 4 2 2 1 1 6 2 5 3 7 5 6 4 0 0 2 4 1 4 4 1 1 1 5 1 5 5 6 3 5 6 2
9 6 4 1 1 0 2 6 3 4 6 5 1 2 3 1 1 0 2 5 3 6 1 1 6 6 1 2 2 3 6 4 7 1 3 7 3 2 6 0 4 4 3 0 5 1 4 2 0 0 2 2 1 0
9 1 3 2 6 6 3 7 5 3 3 3 5 6 5 0 4 1 0 0 0 4 0 0 0 0 5 1 5 1 0 1 6 3 6 4 2 3 1 2 4 3 0 4 3 1 2 1 6 4 5 1 2 6
9 3 6 5 4 0 2 4 2 3 3 1 7 0 5 4 6 2 3 0 2 6 2 5 2 1 7 0 5 1 4 6 1 5 3 0 5 7 1 3 4 0 3 5 2 5 2 4 3 2 3 2 0 0
9 7 1 5 5 1 0 4 1 1 2 1 5 6 4 4 4 2 4 5 0 2 2 3 1 2 5 5 0 4 3 3 0 6 0 3 6 5 2 3 3 0 6 0 0 7 4 5 5 6 2 5 3 4
9 5 5 6 1 5 3 4 1 6 2 3 0 1 3 2 6 4 3 5 1 0 4 0 4 3 5 5 5 3 6 5 6 0 4 1 6 1 4 5 6 6 3 0 3 3 0 6 1 3 6 6 0 4
9 6 0 6 5 5 6 5 3 3 5 0 1 3 4 3 4 5 7 1 5 2 0 5 0 3 1 1 6 3 6 1 2 0 1 3 3 6 6 1 2 0 3 5 2 7 4 1 3 4 5 4 3 1
9 3 5 0 4 5 2 0 3 0 5 7 5 6 7 5 0 3 5 1 1 0 1 0 5 6 4 6 3 6 0 6 2 4 6 5 3 2 4 6 5 7 2 0 0 0 2 1 1 6 1 1 7 3
9 0 6 0 7 1 5 6 0 4 5 0 0 4 6 2 1 5 2 5 3 0 6 3 0 0 5 7 5 5 2 6 3 7 2 6 5 2 7 5 2 1 6 7 1 4 4 2 1 4 1 4 5 3
9 5 6 5 5 3 6 0 6 3 6 6 5 1 0 1 2 6 3 3 6 3 2 3 6 0 3 0 4 0 1 6 3 1 1 6 2 0 4 2 7 3 7 0 1 5 5 0 0 1 6 3 1 2
9 5 2 5 5 1 4 0 4 2 2 2 1 6 0 4 2 0 3 3 3 6 6 5 5 6 0 3 1 4 3 3 6 4 6 2 1 5 6 4 6 1 0 2 3 2 3 2 0 6 3 2 5 2
9 4 0 2 2 1 2 6 2 2 5 5 2 4 0 4 0 0 3 2 0 6 3 1 3 7 1 0 0 0 1 4 6 5 3 1 1 3 5 0 6 3 3 5 2 2 5 6 1 3 5 7 2 3
9 2 5 4 5 2 4 6 2 4 3 1 2 3 5 2 5 6 7 0 3 2 3 5 0 4 3 4 0 2 2 5 6 5 2 1 2 6 0 5 0 1 1 1 5 4 3 5 0 3 3 3 2 0
9 6 4 0 3 6 2 4 6 0 6 6 5 4 4 4 1 0 1 3 6 7 0 0 2 0 3 3 5 0 2 2 2 1 6 0 3 2 3 2 2 2 3 4 3 1 7 1 4 4 2 4 6 0
9 1 2 2 3 5 1 4 4 2 3 1 3 2 4 1 6 4 6 5 1 0 4 5 6 5 6 6 3 5 0 2 3 4 1 6 3 4 7 6 3 3 6 5 3 1 7 6 3 6 4 0 4 3
9 2 3 0 4 3 3 5 6 3 2 3 7 2 0 5 5 6 0 4 2 3 4 2 4 4 1 6 3 4 0 0 3 2 0 4 5 0 2 4 2 6 4 1 4 6 4 0 3 1 4 6 4 0
9 4 2 2 1 6 2 6 1 3 6 3 2 3 5 6 1 7 0 4 1 3 0 2 2 5 0 0 6 2 5 4 0 6 6 5 5 1 5 3 3 2 5 0 3 6 2 3 5 1 5 2 6 5
9 3 2 0 1 4 5 4 3 2 0 2 7 4 2 5 5 5 5 1 6 2 0 5 6 5 5 1 1 3 5 2 0 0 4 3 7 3 1 2 5 1 2 3 1 7 4 1 6 4 2 3 5 1
9 0 3 3 6 6 5 4 0 6 2 5 0 6 0 1 0 3 5 1 6 0 5 6 0 3 3 5 3 3 6 6 5 5 0 4 5 1 3 1 0 1 4 0 6 2 6 3 2 6 6 0 6 6
9 1 6 6 4 6 1 3 3 1 3 1 1 7 4 1 1 5 4 6 4 5 5 2 5 2 5 6 2 1 6 6 3 6 1 0 3 0 1 0 3 0 1 4 1 3 3 6 6 5 0 6 2 4
9 5 1 4 1 6 4 1 4 2 1 5 3 2 4 3 1 5 2 3 6 3 5 6 5 4 6 5 5 1 0 5 3 1 0 5 0 4 5 3 0 3 6 2 5 2 0 0 5 1 4 2 1 2
9 5 0 1 3 1 5 1 1 3 2 0 5 3 1 3 3 1 1 3 2 3 4 0 5 1 2 4 6 1 7 1 2 1 5 0 4 0 3 6 5 3 5 0 5 4 1 1 2 4 5 2 3 2
9 6 2 2 0 1 5 1 5 4 7 0 3 3 4 5 6 5 3 5 2 0 1 2 1 1 4 2 4 1 6 0 4 6 1 3 3 3 0 5 6 1 1 0 1 6 3 0 1 2 2 5 4 1
9 2 4 0 6 4 1 5 4 4 7 4 0 0 6 5 6 3 3 6 3 1 6 1 3 0 0 4 1 2 6 6 5 5 6 4 0 2 4 0 4 4 4 6 6 6 0 6 1 6 0 3 0 1
9 4 1 2 1 5 1 3 1 0 1 6 1 4 3 5 1 5 0 0 4 7 1 6 0 4 5 5 3 0 2 6 1 3 3 2 4 5 6 6 0 4 4 5 3 1 0 3 5 7 3 1 5 3
9 3 0 6 2 3 5 0 5 1 4 6 6 1 1 5 5 7 1 5 4 1 7 2 5 0 1 6 5 2 0 4 5 3 5 6 7 1 4 1 4 0 3 7 3 6 6 5 1 3 5 6 3 5
9 4 5 6 1 4 6 0 3 3 6 4 4 2 1 6 1 2 0 1 3 6 5 4 0 0 3 1 0 1 3 6 6 0 6 5 0 0 5 2 0 4 0 0 7 2 4 1 2 2 1 3 4 3
9 5 2 2 3 5 6 4 0 0 1 1 2 2 4 6 6 1 4 1 3 2 4 2 5 5 6 0 1 1 0 6 3 4 3 5 0 5 0 3 2 0 3 0 2 4 1 0 5 3 1 5 3 1
9 1 6 4 7 3 4 2 5 6 7 0 2 7 2 7 4 6 5 4 0 2 2 1 6 2 1 0 0 5 0 4 2 1 5 7 3 6 3 4 3 2 1 3 0 6 1 3 4 5 0 5 6 6
9 7 3 1 2 3 1 5 4 0 6 2 5 6 1 4 6 2 0 3 7 4 5 3 4 5 3 0 6 0 3 4 6 1 0 6 4 4 0 5 4 2 7 4 4 0 3 5 6 1 6 1 4 2
9 3 0 2 2 0 1 6 2 2 2 0 4 2 4 6 4 6 4 4 1 5 5 1 0 5 4 3 5 6 5 2 5 4 4 2 4 6 0 4 3 1 6 1 2 2 0 0 2 4 0 2 0 4
9 1 1 1 3 1 3 3 1 3 7 0 4 0 5 5 6 7 5 3 5 2 0 6 0 4 5 2 5 0 5 7 6 2 2 2 7 4 1 3 6 6 4 3 6 2 2 0 5 6 5 6 6 4
9 1 4 6 2 4 0 0 4 4 3 5 0 5 0 5 1 5 2 0 4 6 5 5 7 6 4 0 5 0 6 3 3 0 5 0 2 2 0 0 1 4 6 6 6 0 5 6 0 1 2 5 6 5
9 6 1 3 4 5 5 1 5 5 1 5 3 2 2 1 6 4 4 5 1 0 4 2 2 5 5 6 1 6 2 6 5 1 4 2 5 4 0 7 6 6 0 2 3 5 5 1 0 0 6 6 6 1
9 3 2 4 0 6 6 1 1 6 5 5 4 3 5 3 2 1 5 4 3 0 4 4 3 1 6 1 6 0 4 4 2 4 0 1 0 5 2 6 0 5 4 6 5 6 7 2 6 1 0 6 4 0
9 2 4 3 4 2 1 6 3 3 3 3 6 1 2 6 6 5 7 6 6 2 5 6 2 2 4 0 5 2 5 6 2 5 3 1 1 0 1 0 4 0 6 6 4 1 5 1 3 2 2 0 7 3
9 3 5 1 4 1 0 5 5 2 3 2 0 0 6 5 3 4 3 6 0 4 3 4 4 3 6 4 0 5 2 1 4 5 1 5 0 5 6 0 5 0 0 5 1 3 2 4 0 5 2 5 0 4
9 4 2 6 1 1 2 0 6 0 6 3 1 5 4 3 2 1 2 2 5 4 2 2 2 4 6 4 0 1 3 6 0 4 1 2 3 2 3 3 2 2 3 2 4 5 2 5 5 2 4 4 5 0
10 0 5 3 0 4 3 5 0 4 0 3 1 1 2 3 4 4 3 3 0 0 2 5 2 1 2 4 0 0 2 0 3 3 1 3 1 0 1 0 1 1 5 0 0 5 0 3 2 5 4 1 3 4
10 0 0 1 0 0 2 1 0 0 4 1 5 5 2 0 4 4 1 0 2 1 2 3 1 2 0 2 1 0 0 5 3 2 2 3 1 0 1 5 0 3 3 2 4 2 3 1 1 4 0 3 2 4
10 1 1 0 4 3 1 4 4 4 0 1 5 4 0 2 1 1 1 5 2 3 1 1 4 2 1 1 3 4 0 2 5 1 2 5 1 2 4 1 3 1 0 0 3 4 3 2 1 4 1 0 3 3
10 5 4 3 0 5 0 2 2 4 5 0 1 3 0 2 2 1 2 3 5 2 4 3 5 2 3 0 2 3 4 4 1 1 2 0 3 4 1 4 4 0 0 0 2 1 5 2 3 5 2 0 4 1
10 1 5 2 3 0 1 5 0 0 3 3 4 4 0 4 2 4 2 4 2 3 2 1 2 1 0 1 4 3 2 4 3 2 0 2 2 0 1 2 1 1 0 0 2 4 1 2 3 0 5 2 5 0
10 3 3 2 0 1 0 0 4 3 3 1 4 4 3 0 4 4 5 1 1 2 5 3 2 1 0 5 4 3 0 0 4 0 0 4 2 3 4 3 3 3 2 2 3 0 3 3 4 3 2 0 5 4
10 3 4 3 2 4 4 0 3 4 1 0 4 0 1 0 4 2 5 1 2 3 5 3 4 4 2 0 2 0 4 3 1 0 3 2 0 3 4 0 4 3 2 1 3 4 2 1 2 4 3 1 3 4
10 0 2 0 1 0 2 1 0 0 1 4 4 0 3 2 0 4 4 3 2 0 4 5 0 3 3 5 4 2 1 2 3 4 1 0 1 1 4 2 1 2 3 5 1 5 3 5 0 5 0 3 0 4
10 5 2 1 4 3 5 3 5 0 3 5 3 4 5 5 4 0 1 2 2 4 5 1 4 5 1 1 1 1 2 2 2 0 2 2 1 1 1 1 5 0 3 5 3 4 4 2 5 1 3 0 1 1
10 4 1 2 0 4 2 4 4 0 0 1 5 1 4 1 3 2 2 1 0 0 1 3 0 0 2 2 0 0 0 3 1 3 1 3 0 5 4 2 4 3 4 5 0 1 1 0 4 1 1 3 3 0
10 2 1 4 2 2 0 4 2 1 4 0 3 1 4 0 5 2 2 4 1 4 1 3 1 5 3 1 5 1 2 2 1 2 1 2 4 4 5 2 2 4 2 0 1 1 5 0 1 3 4 3 3 0
10 2 2 4 3 2 4 1 0 3 4 0 0 4 5 0 3 4 1 1 2 2 5 3 2 4 2 4 1 1 3 3 0 1 4 1 2 1 1 2 2 4 4 1 2 4 1 4 1 4 0 4 1 0
10 5 1 4 2 2 2 0 0 1 2 0 0 0 1 5 3 3 1 2 3 1 2 0 5 0 3 3 1 0 4 4 4 2 4 2 0 2 0 0 1 3 0 1 3 0 3 1 3 5 2 4 4 2
10 4 3 0 1 1 4 4 3 0 5 4 2 2 0 2 2 5 0 1 5 2 1 1 5 4 3 1 4 5 2 5 2 2 2 4 5 4 3 1 4 0 2 3 5 0 2 3 1 2 1 4 0 4
10 1 3 2 0 1 2 4 4 0 4 0 0 0 0 0 5 2 3 4 1 5 2 0 2 1 4 5 2 5 2 4 4 3 2 1 0 3 4 5 1 3 3 2 0 4 4 3 1 4 0 0 3 5
10 1 1 3 1 2 5 4 0 5 0 2 4 2 4 3 0 0 1 0 3 1 4 5 3 5 4 4 2 1 4 4 1 3 2 3 3 4 3 5 0 1 2 5 4 4 3 4 1 2 2 5 4 2
10 4 2 0 4 1 0 4 1 1 3 4 1 5 1 5 0 0 2 2 4 4 3 1 0 4 2 3 5 4 4 2 2 4 1 2 0 0 0 4 1 4 0 4 1 0 0 1 1 0 0 2 4 5
10 4 5 4 3 3 3 3 0 2 4 1 3 2 2 5 0 3 0 0 0 4 1 1 1 1 0 0 0 3 1 5 3 2 2 2 1 1 5 3 3 0 1 1 2 1 2 1 0 3 3 1 1 2
10 1 0 2 0 3 2 3 2 2 2 3 2 5 1 0 4 2 2 0 5 0 3 0 1 2 5 3 2 3 3 4 1 4 5 3 2 4 4 4 1 2 1 5 3 1 4 2 1 2 0 3 0 4
10 2 0 5 5 0 0 1 0 1 1 1 1 0 3 0 4 1 4 1 0 2 2 0 4 2 1 0 1 1 1 0 5 1 4 4 4 4 5 4 2 1 1 2 2 2 5 0 4 4 3 4 4 0
10 2 5 4 2 3 2 1 0 4 2 1 5 2 5 0 2 1 0 0 4 0 5 1 4 2 0 4 4 4 0 1 1 3 3 3 3 1 2 1 0 1 0 0 3 2 2 2 3 1 5 1 4 4
10 3 4 5 1 1 1 2 0 1 3 3 4 2 4 0 2 3 2 3 5 1 0 5 1 2 2 2 4 0 3 3 2 3 0 2 0 2 0 5 1 2 2 3 4 1 3 0 4 2 3 4 1 2
10 4 4 0 5 1 4 0 5 1 3 0 2 2 2 1 1 0 1 4 1 2 0 0 0 1 1 4 2 5 0 1 3 1 1 3 3 1 3 4 1 1 3 0 1 1 1 3 4 1 5 4 3 0
10 3 1 0 3 3 1 5 2 5 2 2 2 1 2 3 4 2 2 2 1 0 2 0 0 4 4 2 4 3 1 2 2 3 1 2 2 4 3 0 4 5 1 3 5 2 3 1 5 0 5 1 4 1
10 4 0 2 2 1 0 1 3 3 0 0 0 3 1 4 0 5 4 2 2 1 3 1 3 0 1 0 5 2 4 0 0 4 5 1 2 2 2 3 3 0 1 2 2 0 1 1 5 4 4 4 5 3
10 4 4 4 2 0 5 0 2 3 1 3 2 0 5 4 4 2 2 3 3 2 1 0 4 2 0 4 0 2 0 4 4 3 2 3 0 1 4 0 4 0 0 1 2 2 1 5 3 2 1 3 0 4
10 1 4 2 4 0 3 0 4 0 1 3 0 1 2 3 4 4 1 0 4 3 0 3 1 4 1 0 3 1 1 1 4 3 2 1 3 0 1 3 5 4 0 2 1 3 3 2 2 4 4 2 0 4
10 1 5 0 3 0 3 3 0 4 2 1 0 4 1 3 3 1 3 0 4 3 2 3 5 3 0 3 0 4 1 1 2 4 1 0 2 4 2 2 0 0 4 3 4 0 4 0 4 1 3 4 2 4
10 5 3 2 5 0 5 0 2 3 1 4 2 4 3 2 1 0 3 1 3 1 4 4 4 1 3 2 2 0 1 4 4 0 1 1 0 2 0 5 5 3 2 2 4 1 2 2 3 3 3 0 4 4
10 4 0 1 5 1 1 4 3 5 1 1 3 2 4 4 0 3 5 4 4 2 0 0 2 1 0 3 3 4 0 1 4 0 0 4 4 3 3 0 5 4 1 3 1 3 0 0 2 4 2 1 1 3
10 4 4 1 3 2 2 1 0 5 4 2 1 1 3 0 1 4 5 5 0 4 2 1 3 4 5 3 0 0 2 0 2 5 2 3 0 3 2 1 5 3 0 4 2 1 2 1 3 5 3 2 2 2
10 0 2 5 2 4 2 4 3 3 2 4 1 3 3 3 0 1 1 1 1 4 0 5 2 0 1 5 5 5 1 1 0 3 1 1 3 0 0 4 1 0 5 5 5 4 0 2 0 0 1 4 3 2
10 4 5 5 1 4 0 4 2 2 1 2 4 0 5 1 0 0 0 3 4 4 4 3 3 0 4 0 2 2 2 4 0 0 4 4 0 4 3 1 1 2 1 4 2 1 1 2 4 5 1 5 3 1
10 2 2 3 4 2 4 4 3 1 3 3 2 4 1 0 0 1 3 1 1 2 2 0 0 4 3 0 5 0 0 0 2 3 0 2 4 5 0 1 2 5 0 2 0 3 1 4 3 2 3 1 1 0
10 3 4 1 2 4 4 5 1 3 2 3 0 0 5 0 4 3 0 3 1 5 4 1 2 4 3 1 4 4 5 4 3 3 1 0 0 2 2 5 0 3 3 4 1 5 2 4 2 2 1 1 5 0
10 1 5 3 4 0 1 2 0 2 1 2 4 0 2 3 2 1 1 0 2 3 1 0 2 2 2 4 2 2 1 2 3 3 0 5 0 3 5 3 1 0 4 5 1 1 4 2 1 1 3 2 1 3
10 1 4 1 3 3 1 0 0 2 0 0 1 1 0 2 1 1 4 1 4 3 0 0 4 1 4 1 5 3 2 5 1 0 3 5 3 0 4 4 0 3 5 1 4 1 5 2 3 2 3 3 5 2
10 2 0 2 2 3 1 2 3 1 4 4 0 0 2 5 1 3 2 5 2 5 4 4 2 0 2 1 5 0 2 2 4 4 2 4 3 3 0 0 1 4 0 2 4 1 0 4 4 1 4 1 1 2
10 4 0 2 4 1 2 5 2 5 2 0 1 0 1 1 1 2 0 1 0 5 1 2 5 2 3 2 3 0 4 2 2 5 3 4 2 0 3 0 1 4 4 1 4 4 3 0 3 1 1 5 4 2
10 0 2 3 2 3 4 2 1 4 0 4 5 3 1 1 1 4 0 5 3 5 4 1 2 1 2 5 4 2 2 0 1 2 1 3 3 5 0 1 0 3 2 2 2 0 3 4 1 3 3 3 1 4
10 2 4 4 2 2 0 1 1 0 0 5 1 2 1 0 2 1 3 1 4 0 1 1 3 2 0 0 1 2 2 0 1 2 0 4 5 3 2 1 1 0 3 1 2 2 5 0 0 4 0 1 4 0
10 2 3 5 2 4 2 3 3 4 3 3 4 4 3 1 0 2 4 2 5 0 1 1 4 2 1 3 1 3 1 4 4 3 4 3 2 0 2 4 3 0 0 0 3 2 3 4 1 0 1 4 4 0
10 1 5 0 5 3 1 1 2 3 1 0 4 5 3 2 2 3 2 0 2 0 4 2 0 4 0 2 0 2 4 0 2 3 4 0 1 0 1 0 0 4 0 0 4 0 3 5 1 3 0 4 1 5
10 4 1 5 2 3 4 0 1 3 3 4 0 4 0 2 1 0 4 2 0 3 0 4 2 4 0 3 2 5 3 1 1 3 1 3 4 2 1 1 4 4 1 4 0 2 5 0 4 4 2 1 4 5
10 0 4 3 1 3 0 2 2 0 2 1 0 5 3 3 2 3 3 3 5 4 4 0 5 3 4 3 0 3 3 5 2 2 3 3 2 1 3 1 2 0 4 0 1 0 1 3 5 0 4 5 1 1
10 2 0 5 2 1 3 0 3 3 0 5 2 1 4 4 3 4 4 0 3 3 2 2 0 3 0 0 3 2 1 2 4 5 1 0 1 2 1 0 4 5 0 1 4 2 0 0 2 3 0 1 1 2
10 3 1 2 3 5 3 4 3 1 4 2 1 2 3 1 1 0 1 1 3 5 3 3 2 4 1 1 3 1 2 0 4 2 3 3 3 2 0 1 2 2 2 5 4 4 0 0 4 3 0 1 5 2
10 0 3 2 4 3 2 2 2 0 1 5 3 0 2 3 2 0 4 2 5 0 3 3 0 0 1 1 2 4 1 2 2 0 4 4 0 0 3 3 4 0 0 5 5 3 0 0 0 4 4 0 3 1
10 2 1 0 5 3 3 2 2 1 3 3 5 5 2 5 2 0 0 5 2 1 4 2 3 0 4 0 1 1 3 2 4 4 0 2 0 5 4 1 2 3 2 0 4 5 1 3 2 0 0 4 0 2
10 1 3 1 0 3 1 5 2 5 3 1 2 3 5 0 1 5 2 5 1 0 3 0 4 1 2 4 3 3 3 2 2 5 1 4 4 4 1 5 3 2 3 2 4 1 2 0 5 3 0 2 1 2
10 1 0 2 0 0 0 1 4 3 3 5 0 4 3 2 0 0 4 4 0 4 1 1 0 5 4 5 3 4 3 3 2 0 3 1 2 4 3 1 5 4 4 3 3 4 4 5 4 0 3 0 3 3
10 0 4 5 3 4 2 2 4 2 2 5 3 3 3 4 5 4 4 3 4 0 3 1 4 2 4 0 2 1 5 3 2 1 5 3 4 3 3 3 1 0 0 3 4 4 1 4 4 3 3 4 0 4
10 3 3 0 4 4 0 1 2 2 0 2 0 4 1 1 3 1 4 0 4 5 1 0 2 5 5 4 5 4 5 3 3 1 1 5 4 4 1 0 2 4 3 3 5 4 5 2 3 2 1 4 5 0
11 0 1 4 0 1 0 3 3 2 3 0 4 1 3 0 0 4 0 4 4 2 4 0 3 5 5 4 4 4 2 1 0 0 1 0 1 2 1 0 2 4 3 1 5 2 1 4 5 3 2 5 1 2
11 2 0 1 2 0 0 0 1 1 1 1 0 1 2 3 4 1 4 0 2 4 5 5 2 3 3 5 3 5 3 2 2 3 4 1 3 3 5 2 5 2 4 2 2 3 1 2 0 2 1 5 4 0
11 2 1 0 3 5 0 5 1 2 2 0 2 2 1 0 0 3 4 1 0 1 2 2 1 2 4 3 4 4 0 0 2 0 4 3 0 0 0 0 0 3 5 0 0 1 4 0 3 3 0 5 5 1
11 0 4 1 0 2 5 4 0 1 2 3 1 3 4 0 4 0 4 1 2 0 4 2 3 0 2 5 2 3 0 0 4 0 5 4 0 1 0 4 0 0 4 5 2 2 3 2 1 2 5 2 4 0
11 5 5 3 1 0 2 4 2 2 3 0 3 4 4 2 4 2 3 3 1 3 3 5 1 4 3 0 4 2 1 2 1 2 2 4 1 4 0 4 2 3 2 5 3 3 5 2 2 3 2 4 1 1
11 0 1 2 1 3 0 0 3 5 3 2 1 0 4 1 3 0 5 5 2 4 4 2 2 2 3 3 0 3 1 3 4 2 2 2 1 4 5 0 4 2 3 5 4 3 4 2 1 2 0 2 3 2
11 2 2 3 3 5 4 0 5 3 2 4 4 0 1 1 2 3 4 3 4 1 5 4 5 4 1 4 1 0 0 1 4 4 2 1 3 2 4 0 4 0 0 0 2 1 5 3 0 3 3 1 3 0
11 3 2 5 3 3 2 0 0 3 4 3 2 0 0 1 0 1 3 0 3 1 3 0 0 3 2 1 3 2 4 2 4 4 3 3 3 4 0 5 1 3 5 0 0 4 2 2 2 3 4 5 3 4
11 2 1 4 3 1 5 1 3 0 0 5 1 0 1 2 1 2 5 5 2 1 3 1 2 1 3 4 5 3 2 1 4 3 4 2 3 3 0 4 1 2 0 3 2 2 4 2 1 2 3 2 5 0
11 4 0 2 3 5 0 2 5 0 0 4 2 1 3 3 4 1 4 1 2 4 4 4 1 5 0 1 5 2 0 3 3 2 2 3 3 4 4 0 3 5 1 4 4 2 2 0 2 2 0 2 2 4
11 2 4 0 0 3 1 0 3 3 2 0 0 1 0 2 4 3 0 2 1 0 3 0 5 3 2 3 3 2 5 4 2 1 4 2 3 0 1 3 1 2 5 2 5 4 2 0 2 1 2 4 3 3
11 0 4 3 4 2 3 1 1 4 2 0 0 1 3 3 1 0 0 0 1 3 3 4 3 2 2 4 3 4 3 5 1 2 2 2 4 0 2 2 2 3 5 0 3 3 5 3 4 4 1 3 1 2
11 0 1 4 0 2 0 1 0 0 0 1 3 0 0 5 1 1 1 2 3 1 3 0 4 0 4 2 2 0 2 5 1 3 0 3 0 0 0 3 1 2 0 2 3 0 2 4 4 1 2 4 2 2
11 5 4 4 3 5 5 1 0 3 0 4 5 4 0 3 0 1 1 3 5 1 5 1 1 2 1 2 2 4 1 1 2 3 4 4 0 3 1 3 2 0 1 0 5 0 4 2 3 1 3 2 0 5
11 4 5 4 2 3 4 3 2 1 3 0 0 4 0 0 3 3 2 2 1 1 3 3 0 3 2 1 4 5 2 1 5 0 3 2 5 2 5 2 0 3 1 0 2 3 2 4 3 0 2 1 5 0
11 4 1 0 0 0 2 1 0 3 4 2 2 2 0 3 0 3 5 4 4 2 1 0 3 2 2 2 3 4 2 1 4 1 3 4 3 4 3 1 0 0 4 3 4 0 0 0 2 2 2 1 2 3
11 4 4 5 5 0 0 0 4 4 4 1 1 2 4 0 2 0 4 2 2 3 0 0 4 2 3 2 2 2 0 4 5 1 0 2 2 0 4 5 4 2 2 2 2 2 3 3 2 3 0 5 1 1
11 3 0 4 3 5 0 2 1 2 3 2 1 3 0 1 3 1 0 4 4 3 5 2 1 2 2 1 2 2 2 0 0 5 3 3 1 4 4 0 2 3 3 1 4 2 5 5 2 0 2 0 0 1
11 0 2 1 5 0 4 4 0 3 2 4 3 1 0 4 0 3 0 0 1 5 2 0 3 4 1 3 0 1 1 2 4 3 2 5 0 2 2 2 0 5 5 2 5 2 0 2 3 3 3 0 0 1
11 2 2 3 4 4 0 0 5 2 1 4 1 0 4 1 2 4 1 3 0 2 3 0 0 2 0 4 4 2 4 2 1 4 3 1 5 0 5 1 4 1 3 4 4 4 4 1 1 4 0 1 2 2
11 2 4 0 2 1 2 3 1 1 3 5 4 1 1 0 3 0 2 2 4 0 2 4 2 2 3 1 3 4 2 0 1 5 0 0 2 2 1 0 2 5 3 1 1 4 4 4 4 1 4 0 4 4
11 4 1 2 1 1 2 2 2 3 4 1 2 0 2 4 1 4 3 4 4 0 0 4 2 3 4 2 1 1 1 3 2 0 0 1 4 1 2 2 0 2 2 1 1 4 4 0 1 5 2 2 3 2
11 1 2 5 3 4 1 2 2 0 4 4 4 1 5 2 3 1 5 4 0 4 2 0 4 1 0 4 4 3 1 2 3 5 0 0 0 4 4 0 2 3 0 4 3 5 0 0 3 1 1 3 0 4
11 1 4 2 3 4 4 3 3 3 0 5 4 3 3 3 2 4 4 4 3 2 3 4 0 4 2 2 0 1 3 2 1 1 4 1 3 1 0 1 3 3 0 3 0 2 2 4 2 2 2 1 5 0
11 0 2 4 1 0 3 1 0 0 3 0 1 4 0 1 0 4 4 0 0 3 2 4 3 0 3 0 2 0 3 2 2 2 4 4 2 2 5 3 3 1 3 2 3 1 2 3 4 1 4 4 2 4
11 0 0 2 2 1 2 1 0 1 5 1 4 1 5 3 0 4 2 2 2 0 3 3 4 4 0 1 4 1 3 5 2 4 0 2 4 5 3 2 0 4 3 5 1 3 1 5 4 0 1 4 5 2
11 3 0 4 2 4 4 2 1 3 4 4 4 2 1 2 5 0 2 2 0 4 2 5 1 2 1 0 3 4 3 3 0 2 2 2 4 4 3 2 3 0 1 5 1 3 5 4 4 3 0 4 1 3
11 4 0 1 0 1 4 2 2 3 2 5 1 4 1 2 2 0 0 2 1 2 4 3 3 2 1 3 0 5 1 1 5 1 0 2 0 5 4 4 4 4 3 0 4 2 2 1 4 0 0 0 0 0
11 1 2 1 0 0 3 0 2 5 2 1 0 0 2 0 3 2 4 3 2 4 4 5 2 4 0 5 0 0 2 5 1 5 0 3 0 4 1 0 5 1 0 4 4 2 0 3 0 3 4 5 5 1
11 3 4 5 1 2 5 5 4 2 3 3 4 5 4 3 0 1 3 0 4 1 1 2 1 0 3 5 5 1 0 2 2 5 4 1 1 4 2 1 0 2 3 2 0 2 1 4 3 0 2 3 5 3
11 5 0 3 5 0 2 2 0 0 5 0 2 4 5 4 2 3 5 3 0 1 2 4 0 4 3 4 3 5 3 0 3 1 2 4 1 3 0 0 2 3 2 3 0 1 0 4 4 0 2 4 4 3
11 2 4 0 0 3 4 4 1 1 5 5 4 4 1 1 5 1 3 3 4 3 1 1 1 3 4 0 1 2 3 1 0 0 0 4 4 5 2 0 5 2 3 0 4 3 3 5 1 1 0 3 1 1
11 1 2 4 5 4 4 2 3 2 5 0 4 1 3 0 1 1 2 5 2 0 3 2 3 1 0 1 5 2 3 4 4 0 3 2 5 0 0 1 4 2 4 2 4 3 3 5 2 4 4 2 0 1
11 2 3 1 5 5 2 2 0 4 3 3 1 3 4 2 4 5 5 3 2 3 2 2 1 3 0 5 0 0 4 4 0 0 0 1 0 3 4 1 4 5 0 0 4 0 0 5 4 0 3 3 1 2
11 4 4 1 2 4 1 2 1 0 1 0 4 2 0 3 0 2 5 5 3 3 4 0 4 3 2 4 2 1 3 4 3 4 1 0 1 4 3 4 4 3 1 2 1 4 2 1 2 3 3 4 1 5
11 1 0 1 4 4 5 2 4 5 4 0 2 3 1 3 3 0 0 1 3 2 0 3 5 1 4 4 2 5 4 1 4 2 0 1 0 2 0 0 2 4 4 0 1 1 2 1 3 4 0 3 5 4
11 4 1 0 5 4 0 1 3 0 3 1 1 3 5 1 2 0 2 0 3 1 4 4 3 5 1 3 3 2 4 0 0 5 3 3 3 0 0 0 4 4 2 2 0 4 1 2 4 3 1 2 0 3
11 0 1 5 0 5 1 2 3 1 1 4 0 4 2 3 3 2 3 3 0 1 1 0 0 3 0 0 5 5 5 2 2 4 3 2 4 3 0 3 2 0 0 4 3 4 3 1 0 0 4 1 2 0
11 5 1 1 4 0 0 4 0 2 4 2 0 3 5 4 5 1 4 1 5 4 1 3 1 3 0 2 3 4 1 1 1 0 5 4 4 5 4 0 1 2 0 1 2 0 1 4 1 2 0 5 1 1
11 1 1 4 1 0 2 0 3 3 0 2 0 3 0 3 1 3 4 0 4 0 3 1 5 0 2 2 2 5 2 4 2 0 0 1 2 4 0 2 0 5 5 3 4 1 5 2 2 3 4 3 3 3
11 3 4 4 4 0 0 3 1 1 5 1 1 2 3 0 0 2 3 3 5 2 2 0 2 4 1 0 0 3 3 0 4 0 5 1 2 1 0 2 1 0 1 3 4 1 3 1 4 1 2 4 2 0
11 3 4 1 2 4 1 2 0 0 2 3 4 1 2 3 1 0 3 1 3 5 2 1 1 3 4 0 1 3 4 5 5 4 1 2 3 1 2 5 2 0 0 1 0 1 3 4 2 2 2 3 1 5
11 2 1 4 3 2 0 0 5 3 3 3 5 0 1 3 2 0 3 0 3 0 2 0 3 4 4 2 4 4 4 3 0 4 2 1 5 2 2 1 0 1 1 0 1 3 0 5 4 4 1 5 0 3
11 3 4 5 3 4 1 4 1 2 0 2 2 1 1 2 4 4 5 5 1 4 2 1 2 2 1 2 3 1 0 5 1 2 0 1 0 1 4 1 2 4 5 5 0 1 0 1 2 3 5 2 1 4
11 3 4 3 0 0 1 4 3 3 5 4 2 3 0 5 4 1 3 4 2 1 0 4 2 3 0 0 4 0 3 3 4 3 0 3 0 0 5 0 1 2 3 2 4 0 1 5 1 0 5 0 1 1
11 0 2 1 4 0 2 1 5 5 2 2 5 0 0 3 1 0 3 0 0 5 5 4 3 3 1 2 5 1 1 2 3 1 0 0 1 4 0 0 0 2 3 3 0 0 0 0 4 0 3 2 2 4
11 2 0 4 0 4 5 3 4 4 0 2 4 3 5 0 3 1 3 4 4 2 4 2 1 1 4 1 3 2 1 4 3 5 4 4 3 3 4 2 2 2 1 2 4 0 4 0 2 1 1 3 2 5
11 3 4 2 0 4 3 4 3 2 0 0 3 2 3 3 0 2 2 0 1 0 0 1 4 0 1 2 2 1 5 2 4 2 2 4 5 3 0 2 2 2 2 0 4 0 2 2 0 0 5 4 1 0
11 1 1 0 4 0 5 1 0 0 4 3 1 2 2 2 1 3 2 5 4 0 2 3 3 2 0 0 3 4 1 2 1 1 2 5 4 4 0 2 4 0 0 1 2 3 4 1 0 0 1 5 3 1
11 0 2 3 0 3 0 1 0 1 3 4 3 2 5 1 2 4 0 0 2 1 1 1 3 0 0 0 0 0 3 1 2 3 3 2 2 4 4 1 3 2 5 2 2 2 4 0 0 5 0 2 0 0
11 0 1 4 1 1 0 2 1 2 1 5 4 1 3 1 4 3 0 4 2 3 2 0 3 3 1 0 2 0 2 1 1 4 3 4 2 3 1 0 3 2 5 1 3 2 3 3 5 5 4 0 1 0
11 4 3 1 4 4 0 0 4 5 5 4 1 1 4 2 4 5 3 1 2 4 0 5 1 1 4 1 0 1 1 5 3 0 0 4 1 4 5 0 5 2 4 1 1 1 1 2 2 2 3 1 0 4
11 1 3 4 2 3 2 3 4 0 4 2 0 2 1 3 2 0 4 0 2 3 2 4 1 0 3 0 3 1 0 3 3 0 3 1 1 2 1 4 1 4 2 4 3 1 3 3 4 2 5 0 4 0
12 0 0 3 2 1 0 2 5 1 1 1 2 2 0 1 4 0 4 1 5 3 4 4 1 4 4 3 2 3 1 4 2 3 4 3 2 3 3 0 3 2 2 3 4 1 4 0 3 2 2 3 3 5
12 0 0 3 3 0 0 3 0 4 2 1 1 1 1 0 1 2 2 0 4 4 4 2 0 3 1 3 1 2 1 3 2 2 3 2 1 1 2 3 1 0 1 1 0 3 0 4 0 0 1 2 1 3
12 4 1 0 0 3 3 1 3 0 1 0 2 1 1 2 2 2 3 0 4 5 3 0 4 2 2 1 1 2 1 4 3 2 0 2 3 4 3 2 1 5 2 4 3 4 3 2 2 0 1 5 3 3
12 1 4 0 0 3 0 3 2 0 3 4 0 2 4 4 1 1 0 2 2 4 2 1 3 2 0 3 1 3 2 1 2 2 1 0 5 0 1 0 4 2 4 4 1 3 0 3 3 5 0 3 3 1
12 4 4 4 0 0 3 3 1 0 1 4 1 2 1 1 4 0 0 4 1 1 4 3 2 4 2 3 4 1 0 1 1 2 1 3 4 3 5 0 3 4 2 0 0 2 2 1 3 4 2 1 5 1
12 3 1 0 4 0 0 1 1 0 1 1 0 3 1 0 5 2 3 3 0 1 4 4 3 0 3 0 2 3 4 1 0 1 4 2 3 1 1 0 1 5 3 0 2 1 4 2 1 1 1 0 2 0
12 1 3 1 2 4 0 0 3 3 0 3 0 2 3 4 0 2 0 0 4 0 3 0 3 5 0 1 2 4 0 2 1 3 1 3 1 3 0 3 0 5 2 4 1 3 1 4 4 1 1 3 1 4
12 1 5 3 0 1 2 2 0 0 2 4 0 4 3 1 0 2 3 0 2 1 4 2 4 4 2 3 2 3 2 4 0 1 2 5 5 1 0 3 0 4 2 0 1 3 4 0 3 2 3 3 0 1
12 2 0 2 4 0 4 1 2 0 3 3 2 2 1 3 2 3 3 3 3 2 2 1 3 1 0 3 3 0 3 3 2 2 3 0 4 3 2 4 3 4 0 4 1 1 3 2 4 2 4 2 2 1
12 4 4 0 1 1 2 1 0 4 0 3 0 2 1 3 3 0 4 1 4 5 1 1 2 1 4 0 3 0 2 0 1 4 0 3 3 0 0 4 1 3 5 1 0 0 0 2 4 5 0 0 3 1
12 3 5 0 0 4 4 4 1 1 5 0 0 0 2 3 1 1 3 0 2 4 3 0 1 5 2 4 4 0 0 3 5 0 2 1 3 3 0 3 2 3 2 4 0 0 3 4 1 3 4 1 2 3
12 0 2 4 1 3 3 5 1 3 3 3 0 2 3 2 2 4 2 1 0 1 3 2 4 3 0 0 1 5 2 3 2 0 3 2 0 0 2 0 3 0 1 2 1 3 2 0 0 0 1 4 2 4
12 5 0 3 3 0 1 0 3 3 2 3 4 0 4 3 1 5 3 0 5 1 4 0 1 2 0 0 4 0 2 3 2 3 2 2 1 4 2 2 3 4 0 2 0 2 4 0 4 0 2 0 2 3
12 4 2 2 3 3 0 4 0 2 2 3 2 3 0 3 1 4 3 1 0 2 2 3 1 2 4 0 2 1 3 1 2 0 2 1 3 3 3 2 4 1 1 1 3 2 0 1 1 0 4 4 0 0
12 3 4 3 3 4 3 4 0 3 1 4 4 0 3 0 3 2 2 2 0 4 2 2 3 1 4 3 1 1 1 2 0 2 4 0 0 3 3 1 2 3 0 3 0 4 0 2 0 4 2 2 1 1
12 3 4 2 0 0 2 3 4 2 0 1 4 1 4 2 0 2 4 1 4 4 1 3 1 1 0 0 0 3 4 0 0 1 3 3 2 3 1 3 0 1 0 1 4 1 4 0 4 1 3 3 4 2
12 0 2 4 4 0 3 4 2 1 2 4 3 1 4 4 3 0 4 4 1 4 4 4 2 1 1 0 3 4 2 0 2 1 2 4 4 3 0 2 0 4 4 3 3 3 3 4 1 1 1 3 0 1
12 2 4 2 3 3 2 0 4 1 1 2 3 0 4 0 4 2 0 2 5 4 3 3 4 1 1 2 1 3 4 2 0 4 5 4 1 0 0 4 2 4 2 0 3 5 3 2 3 3 4 4 3 5
12 1 0 4 0 1 1 1 0 3 2 0 3 4 0 3 3 0 0 0 1 4 2 3 4 3 0 2 1 3 0 3 1 4 1 2 4 1 3 1 2 2 2 3 1 3 2 0 2 1 2 5 3 1
12 1 2 1 2 0 4 1 4 4 2 2 0 2 2 3 4 0 4 3 0 1 0 1 1 3 3 2 4 1 4 4 0 1 1 1 4 3 0 1 1 1 1 2 4 0 1 4 3 1 3 3 3 1
12 1 5 3 2 2 2 1 4 1 1 1 3 2 4 2 1 4 3 0 2 0 4 3 0 3 5 3 2 4 4 0 4 1 3 4 4 0 1 3 1 0 3 0 0 3 3 0 3 3 4 1 1 4
12 1 1 4 3 0 5 3 2 1 4 2 4 0 1 1 0 1 1 0 4 0 0 4 4 2 5 5 3 0 1 0 2 3 2 5 2 4 4 1 0 2 0 0 0 0 3 2 4 4 4 5 3 2
12 4 3 0 1 3 0 3 0 3 1 4 1 0 4 4 0 3 4 5 2 0 4 0 1 1 1 1 1 0 2 0 0 0 4 1 3 2 4 0 3 0 2 3 3 3 2 4 5 3 1 0 3 3
12 3 2 1 2 0 2 0 0 4 3 2 4 0 3 3 4 1 2 3 1 0 3 0 0 1 0 0 4 3 3 0 4 4 1 0 0 3 2 4 0 0 2 4 3 0 4 0 4 2 3 1 5 4
12 2 3 2 4 0 5 1 1 2 4 0 4 1 4 3 5 2 1 3 0 1 2 5 0 0 3 4 0 4 4 5 1 0 4 0 0 1 4 3 0 4 1 2 2 0 4 2 0 5 1 4 1 2
12 2 0 2 1 4 3 2 3 2 0 2 2 1 1 3 2 4 3 1 3 4 4 2 1 1 0 0 1 2 4 1 3 4 3 4 0 0 1 2 1 1 3 2 2 1 3 1 3 4 4 2 3 1
12 4 1 4 5 3 4 1 0 4 3 2 3 3 1 5 2 4 0 3 0 1 2 4 0 2 4 0 3 3 0 2 4 2 2 4 2 3 1 0 3 1 1 4 0 4 2 2 0 4 0 4 3 2
12 3 2 1 1 2 1 1 3 5 2 4 3 2 0 1 1 0 1 4 2 4 1 0 4 4 1 2 0 0 4 1 1 0 1 1 3 0 4 0 0 1 0 1 3 0 1 3 4 2 0 4 3 3
12 1 4 1 1 2 1 3 3 0 4 1 1 0 0 3 4 4 4 4 2 2 2 4 0 0 0 4 3 0 2 4 0 2 4 2 0 2 2 4 3 4 1 4 4 1 2 0 2 2 0 2 3 1
12 2 0 5 2 0 4 5 0 4 0 2 4 0 0 3 3 0 2 1 4 0 2 2 2 0 1 5 1 2 0 3 3 0 3 0 0 4 0 1 0 4 2 1 0 2 5 2 1 3 3 4 1 4
12 4 4 0 2 3 3 3 0 2 1 2 4 2 1 0 4 2 0 1 0 3 2 4 3 3 2 1 1 3 4 0 3 4 3 4 2 0 1 1 4 1 0 1 3 3 1 3 0 2 4 3 0 4
12 3 3 4 5 4 4 3 1 0 2 2 1 1 4 2 1 1 4 1 4 5 3 1 5 4 4 3 1 2 4 1 0 0 1 2 2 4 1 3 2 0 1 1 3 0 2 2 3 0 3 1 4 3
12 2 1 4 3 5 0 1 2 4 2 5 3 4 2 2 5 4 4 4 2 4 0 4 0 0 0 4 3 3 0 3 2 0 4 4 3 3 1 4 3 1 0 4 2 2 5 4 0 4 0 2 2 1
12 4 0 0 4 2 5 3 5 3 2 4 4 1 4 2 1 4 2 0 4 4 1 2 3 3 1 2 3 4 0 1 1 4 0 1 0 5 1 4 2 4 0 2 4 0 4 0 3 2 5 3 4 0
12 4 1 2 4 5 0 0 4 3 1 3 4 4 1 4 4 1 4 0 4 2 4 2 2 0 2 0 1 1 1 5 1 4 4 0 5 2 4 3 5 1 2 2 4 4 4 0 1 2 3 4 1 1
12 3 0 0 0 2 3 4 0 3 3 0 4 2 1 2 2 5 2 0 1 4 1 4 0 4 0 3 2 3 0 1 4 2 5 5 0 2 3 1 1 4 4 0 3 5 3 1 3 4 2 0 2 3
12 2 1 0 3 2 5 2 1 1 3 5 1 2 1 3 0 3 0 3 2 4 2 4 3 2 4 2 0 0 5 2 0 0 0 3 1 0 0 2 2 3 3 2 2 1 4 4 2 2 5 0 4 2
12 5 3 3 1 1 2 2 0 3 2 0 2 0 3 4 4 1 1 3 1 2 3 0 4 4 3 5 3 1 4 3 2 1 4 2 3 4 0 0 4 1 1 4 3 4 2 1 2 2 2 0 1 4
12 2 0 0 1 1 4 3 1 2 2 3 0 4 1 2 2 2 0 1 0 2 0 1 2 1 1 3 4 0 1 3 5 1 2 4 3 2 0 0 2 0 0 4 2 1 3 3 1 1 1 1 2 4
12 2 0 3 1 4 0 1 2 3 2 0 3 0 0 2 3 1 3 1 2 4 3 4 4 2 2 2 1 3 4 0 4 0 4 3 2 2 3 0 0 0 3 3 1 3 5 2 0 5 0 1 0 1
12 4 2 0 4 4 3 0 2 2 3 2 0 1 3 1 2 0 3 1 2 0 2 0 4 2 0 0 4 3 4 4 4 3 3 1 3 3 0 1 2 0 0 5 1 0 2 3 2 5 3 4 1 3
12 0 3 0 1 5 2 1 1 3 4 2 4 1 4 3 0 4 5 2 2 4 4 4 2 1 0 0 4 3 2 1 3 2 3 0 3 2 3 0 0 0 0 1 0 0 4 2 2 5 1 2 3 2
12 2 1 0 0 1 1 1 0 1 0 3 3 4 0 1 4 2 3 2 4 2 4 2 0 1 2 4 0 4 0 3 3 2 3 2 0 0 1 2 0 3 1 0 4 3 2 4 3 5 1 3 3 1
12 3 2 0 1 2 1 2 4 1 1 1 2 0 3 0 3 1 4 2 0 2 3 2 0 0 4 2 2 4 2 1 0 3 2 5 1 1 5 1 3 4 0 2 0 4 3 1 2 0 4 3 0 3
12 0 1 2 1 1 0 1 5 1 4 2 4 4 3 4 1 3 2 4 4 3 2 0 3 4 0 5 3 2 4 2 3 3 2 3 0 3 0 0 1 4 1 0 3 0 4 3 1 4 1 2 4 4
12 1 1 1 1 1 3 4 0 0 2 1 0 1 4 1 2 0 2 2 1 3 0 2 0 2 4 4 3 5 1 3 4 4 2 3 4 0 0 1 3 2 4 2 3 4 0 3 2 4 5 2 1 2
12 0 2 1 3 3 3 2 1 4 3 1 3 0 1 1 1 4 3 3 0 0 0 3 3 4 0 3 2 2 2 0 0 4 3 1 4 2 3 5 2 1 0 3 5 1 3 0 4 2 2 3 0 4
12 4 4 4 0 4 2 4 0 4 0 4 3 4 0 2 3 0 2 2 3 0 3 3 0 1 2 3 1 0 4 1 4 5 4 1 1 4 3 4 4 3 1 4 5 0 3 1 0 2 4 4 1 1
12 3 2 2 0 4 4 0 5 1 1 1 4 0 5 1 1 1 1 3 0 0 0 2 1 3 2 1 2 5 4 3 0 4 2 3 2 3 5 0 0 2 4 0 0 0 2 3 3 0 3 0 4 3
12 1 3 4 3 4 2 1 4 4 4 3 4 2 5 0 1 3 0 4 3 4 4 0 2 4 0 0 5 1 2 1 5 3 5 1 3 0 3 2 1 1 0 2 1 5 2 1 0 2 0 0 1 1
12 0 3 1 0 1 4 1 2 2 2 0 0 4 2 3 1 1 5 5 2 2 2 4 0 1 1 0 3 5 5 1 0 1 1 0 3 5 4 2 5 2 0 5 4 1 3 4 3 0 4 0 4 2
12 1 5 3 0 3 4 3 0 1 1 4 3 2 1 3 3 0 1 4 1 4 3 2 3 1 1 2 1 5 0 3 0 2 1 2 4 0 2 4 3 2 4 0 0 0 4 0 3 2 4 3 0 4
12 0 4 3 1 2 1 2 1 0 4 5 2 2 2 1 1 2 2 4 4 3 2 2 4 4 1 2 3 2 2 0 0 3 0 4 4 3 2 2 1 1 3 0 0 1 0 1 2 4 5 1 2 0
13 0 0 1 6 1 5 3 2 3 1 2 2 5 2 0 4 1 5 5 3 0 6 5 3 1 4 4 5 5 4 1 6 2 6 5 3 0 5 3 4 6 3 2 2 4 5 5 6 1 0 2 2 2
13 0 0 2 5 3 0 0 0 4 6 0 5 6 1 6 4 3 0 3 1 3 5 0 6 0 0 3 3 2 1 3 4 4 2 1 4 4 6 5 5 5 3 1 2 3 2 1 0 2 5 4 5 2
13 1 4 0 3 5 1 4 1 5 1 0 2 0 1 2 2 0 0 0 5 4 3 0 4 4 2 0 5 4 5 5 1 5 2 5 3 0 1 4 1 5 1 4 6 3 2 2 1 5 3 3 4 4
13 2 1 3 0 5 2 5 3 2 5 2 2 1 2 4 5 0 1 1 4 5 2 2 4 5 2 5 5 3 5 2 4 5 4 3 3 1 2 2 4 2 3 2 5 5 1 1 3 4 0 3 1 1
13 1 2 0 2 0 4 4 1 0 3 5 1 3 1 3 1 4 1 4 4 1 2 2 4 4 0 4 2 0 1 5 0 4 4 4 4 0 4 5 0 2 4 1 2 2 0 6 1 2 0 2 0 0
13 5 3 1 4 4 0 1 4 4 3 2 1 1 1 1 0 0 2 2 0 0 0 3 1 0 1 5 5 4 3 5 4 2 1 2 5 4 2 0 2 0 0 2 2 4 2 5 5 5 1 0 5 3
13 1 5 4 3 1 3 0 0 0 4 5 0 4 6 2 0 3 5 0 4 3 1 5 0 6 3 5 3 0 4 1 3 5 6 5 4 5 4 6 5 1 4 5 2 3 3 0 3 2 5 5 0 5
13 1 3 4 3 5 2 1 0 0 3 2 2 5 4 3 2 2 0 0 4 0 3 2 2 4 3 2 0 5 3 1 1 3 6 3 5 5 4 1 3 5 4 2 2 3 2 4 4 1 2 5 2 4
13 1 0 0 4 6 6 1 0 0 4 5 3 5 2 0 0 0 4 0 1 2 3 1 4 3 3 3 2 2 4 1 1 1 3 6 1 0 0 4 0 1 1 4 4 0 5 2 5 5 1 4 5 1
13 0 5 4 4 1 3 5 4 4 0 0 5 3 4 0 5 2 0 1 2 1 3 5 3 1 2 5 4 0 6 2 3 0 1 4 1 0 1 5 5 3 3 1 3 4 5 0 5 5 4 6 2 4
13 1 4 2 4 5 1 0 5 3 2 0 5 3 1 2 3 2 4 0 3 2 1 2 0 3 0 2 4 3 1 1 1 1 1 3 5 0 4 0 2 6 2 0 5 4 4 5 1 5 4 0 5 0
13 3 2 4 3 2 3 2 2 2 0 0 0 1 5 1 5 5 3 5 2 3 5 0 3 5 1 2 4 5 0 0 1 1 2 4 5 4 5 1 3 6 6 3 6 4 2 0 2 1 3 1 5 4
13 1 2 3 0 0 5 3 2 2 4 6 1 0 5 2 1 5 2 3 3 3 0 1 2 5 5 5 0 4 4 0 4 5 3 3 3 4 4 0 0 0 2 5 5 4 0 2 4 1 3 1 1 1
13 5 4 0 2 1 2 2 2 0 4 5 3 4 0 5 1 0 4 0 2 1 4 3 5 4 5 5 3 5 1 3 5 2 0 2 0 4 1 4 0 2 4 2 1 3 0 4 1 6 5 1 5 2
13 4 5 3 0 4 2 1 0 0 5 5 3 2 1 0 1 0 1 5 0 1 4 1 6 3 2 3 3 5 3 1 1 3 4 2 5 6 1 1 3 0 2 0 1 3 3 5 3 2 4 1 0 5
13 2 5 1 2 2 0 0 2 4 0 0 3 1 4 1 0 5 0 3 0 0 5 3 1 4 1 1 0 3 6 4 0 4 2 1 4 4 3 3 6 3 4 0 0 1 4 5 3 3 5 0 4 3
13 1 0 0 4 5 2 4 3 4 0 5 1 5 2 4 6 0 3 5 4 3 4 5 1 3 5 2 3 4 2 2 2 1 3 1 0 3 6 1 3 5 3 3 2 6 0 1 2 2 4 2 6 4
13 4 1 4 5 6 0 4 0 1 3 5 5 1 2 2 3 5 0 3 4 0 3 3 0 0 0 5 0 1 0 5 6 5 0 3 5 4 0 5 0 1 3 0 4 3 1 4 1 2 6 4 1 2
13 5 0 0 2 6 5 2 2 0 6 0 5 2 4 1 5 2 0 0 1 4 3 5 3 4 2 3 5 6 1 3 5 2 1 0 0 0 6 5 2 2 5 5 4 0 0 1 5 4 1 2 3 4
13 1 0 2 3 6 3 5 0 2 4 2 2 3 5 2 1 4 0 1 0 5 0 1 1 4 1 0 6 4 2 0 1 2 2 5 2 0 3 1 3 2 5 0 5 0 5 2 3 3 1 3 5 2
13 5 1 4 2 2 4 3 3 0 0 4 2 2 3 0 1 4 6 2 1 0 3 6 3 3 5 1 0 0 1 1 1 2 4 2 3 2 1 5 2 3 2 5 6 2 3 1 3 5 0 2 1 2
13 5 5 4 1 4 1 2 5 2 4 5 4 3 2 3 1 1 3 4 5 5 0 2 4 1 3 5 1 2 3 1 4 1 0 2 6 2 1 6 5 2 5 1 5 4 6 2 3 3 5 3 3 3
13 3 2 4 3 2 1 1 4 2 2 3 2 4 5 2 3 0 0 3 3 1 0 0 2 1 1 2 0 3 4 0 4 6 4 3 2 6 3 0 3 0 3 3 5 0 6 4 1 4 3 5 3 3
13 5 3 2 3 2 3 4 1 5 4 3 4 2 3 2 2 4 4 4 2 3 1 0 0 1 5 0 2 1 0 0 4 3 5 4 0 0 1 0 5 5 1 2 2 3 1 1 0 1 0 1 5 5
13 3 5 1 6 1 1 4 2 3 3 3 2 2 5 0 1 0 0 4 5 4 4 5 3 0 1 5 2 4 1 4 5 2 5 0 3 3 4 2 4 2 0 6 4 2 3 5 1 4 6 3 4 5
13 1 5 5 1 1 0 4 5 6 1 0 5 3 4 3 2 4 1 1 3 5 4 1 0 1 0 1 0 2 3 4 5 3 0 4 5 0 5 2 5 3 5 0 1 4 3 2 2 5 2 1 4 0
13 4 4 2 0 5 3 0 3 0 4 1 5 3 1 3 3 5 0 3 3 2 2 0 1 2 5 0 0 5 1 2 5 2 2 0 1 1 3 4 0 3 4 0 5 2 4 5 2 0 0 3 3 0
13 5 1 0 1 4 2 1 4 5 3 3 2 4 4 5 2 2 4 4 4 5 0 4 1 3 1 4 0 6 2 1 3 2 3 3 5 3 3 5 1 4 3 5 2 6 4 4 2 0 1 3 4 4
13 4 3 5 2 5 3 1 3 5 4 5 3 0 6 0 5 5 0 3 4 5 2 2 5 6 4 5 5 0 3 3 4 5 2 4 4 1 0 0 2 5 4 4 2 3 4 2 4 6 4 4 4 4
13 2 3 3 1 0 2 6 0 3 3 4 1 3 4 1 0 1 0 4 1 2 0 1 1 1 1 0 2 4 0 1 1 3 0 0 5 3 0 4 3 4 2 2 5 2 0 4 1 3 4 2 1 5
13 2 5 2 0 2 2 0 5 0 3 0 0 3 0 3 1 4 5 2 1 5 3 2 1 0 4 4 0 4 0 0 0 3 0 4 3 5 2 1 3 3 3 4 3 4 6 5 6 3 5 4 2 0
13 2 0 1 0 2 6 1 2 5 1 0 4 1 3 1 0 1 5 1 2 3 1 1 4 1 2 5 6 2 3 2 0 1 5 0 1 4 3 4 4 1 1 3 5 3 3 2 0 0 3 2 1 5
13 4 0 0 1 6 4 3 5 4 4 4 5 2 5 3 3 4 3 0 3 1 6 4 1 3 1 4 4 5 0 2 1 0 5 0 2 5 5 3 2 0 3 4 2 4 5 5 3 3 3 4 5 3
13 0 4 2 3 4 3 4 1 5 3 3 3 2 0 4 4 0 6 5 1 0 2 3 2 6 2 0 1 2 0 1 4 0 0 3 2 4 0 2 3 2 4 1 4 1 5 2 5 4 4 5 1 5
13 5 3 2 3 5 0 3 1 3 0 3 0 1 2 5 0 0 0 0 2 2 5 1 5 2 0 2 4 2 2 3 3 1 3 0 6 3 0 2 0 4 1 2 1 3 1 1 1 0 2 4 3 3
13 5 3 1 0 2 1 2 5 0 0 1 0 0 4 5 2 0 0 1 0 3 2 5 2 0 1 4 1 3 5 2 3 5 0 0 0 1 2 4 1 2 4 2 3 1 1 5 4 6 0 2 4 0
13 6 4 3 3 1 4 0 3 5 5 4 5 4 3 2 2 1 2 1 5 0 0 0 5 0 2 1 4 1 2 0 0 5 3 4 0 0 3 1 0 2 0 3 5 2 2 5 0 4 1 0 2 5
13 2 4 4 5 1 0 5 0 1 0 5 3 4 2 0 3 4 5 1 4 6 3 2 1 3 0 2 0 3 4 1 5 3 1 1 0 1 0 4 6 0 2 2 1 5 3 2 5 1 0 2 5 2
13 2 0 5 2 3 1 4 4 3 3 5 5 5 4 0 5 1 4 3 5 2 2 0 0 5 0 3 4 1 4 4 5 4 2 3 5 2 2 0 4 2 2 2 5 0 6 2 0 4 1 3 5 4
13 4 4 0 6 1 3 3 1 2 5 5 5 6 0 2 2 1 1 4 1 2 2 0 0 1 5 2 1 0 0 2 0 3 4 5 1 5 2 6 0 4 3 4 1 5 2 2 2 1 4 2 0 3
13 2 6 0 3 4 4 4 0 5 1 5 0 0 1 2 5 2 5 1 2 1 4 2 3 5 4 3 2 3 1 2 1 5 4 4 5 0 4 4 1 0 1 1 2 3 2 3 6 2 1 1 2 4
13 3 1 4 3 1 0 3 1 2 4 2 4 3 4 4 0 4 2 2 3 1 4 0 0 1 0 1 5 6 4 2 1 5 1 1 1 0 1 0 2 3 0 1 4 5 4 4 6 1 5 4 1 3
13 2 4 4 4 0 1 4 1 1 3 0 5 5 1 0 2 0 3 3 2 3 6 0 6 0 5 3 2 6 4 2 5 5 3 2 5 0 4 3 2 2 4 0 2 3 0 1 0 1 1 1 3 2
13 3 4 0 0 1 0 5 2 4 5 0 0 2 4 6 2 2 1 1 2 2 0 2 4 0 4 4 6 0 5 2 1 5 2 0 6 5 5 4 2 3 5 5 0 2 3 5 0 3 0 4 5 4
13 1 0 2 2 3 5 4 3 2 3 1 0 1 4 0 4 5 2 0 5 1 4 0 1 2 5 6 2 3 4 2 2 2 5 1 0 5 0 3 2 5 4 0 3 0 0 5 0 4 2 3 4 3
13 5 4 1 1 3 5 5 2 3 3 3 1 4 3 4 0 2 2 5 0 6 6 3 1 5 3 6 0 0 0 5 1 0 1 3 3 1 2 1 4 2 5 1 3 5 0 4 0 2 1 0 4 1
13 5 3 2 3 1 5 4 3 1 4 0 2 3 5 3 0 5 3 2 0 6 1 5 0 4 5 2 0 1 5 0 1 2 3 6 0 2 2 2 0 6 0 4 1 1 4 0 3 5 4 6 5 0
13 1 1 0 2 5 0 0 5 5 1 5 4 1 2 0 4 2 4 2 0 0 2 0 2 4 3 4 4 1 2 1 0 2 0 3 4 1 5 1 0 2 2 5 4 5 2 0 0 1 3 0 5 5
13 5 4 3 5 1 2 3 1 2 3 3 4 0 0 5 1 0 2 6 6 2 1 1 4 6 1 3 5 2 2 1 2 4 4 0 5 4 2 3 5 4 0 1 3 5 3 1 5 0 2 5 1 1
13 2 5 4 3 3 1 2 5 3 3 3 1 4 2 5 4 3 5 1 2 2 6 1 4 4 2 1 3 4 2 1 4 0 5 0 2 0 5 3 4 4 0 3 0 2 0 2 1 4 0 4 0 5
13 6 4 5 1 5 2 1 5 2 0 6 1 0 3 2 2 0 0 4 2 5 3 5 3 4 5 2 1 2 4 0 1 5 4 2 2 4 4 3 5 5 4 0 5 1 5 5 4 5 0 0 5 3
13 4 4 0 5 3 5 3 3 4 5 4 0 3 2 5 4 0 4 5 0 6 3 0 2 1 1 2 0 5 5 1 5 2 2 2 3 1 5 2 5 4 3 6 2 5 1 0 0 2 5 4 0 3
13 1 4 4 0 1 2 3 5 2 3 5 0 4 1 3 1 1 0 1 1 1 4 5 3 4 4 1 4 3 0 0 2 3 1 3 4 0 3 4 0 2 4 1 0 2 1 1 3 2 3 0 2 0
14 0 3 3 3 0 3 1 3 2 2 4 4 0 1 2 1 2 2 1 2 3 4 0 1 1 1 3 3 4 4 3 0 0 1 3 0 4 1 4 1 2 3 1 1 0 1 3 4 3 0 4 1 2
14 3 0 4 2 2 0 1 0 3 0 0 0 2 2 2 3 3 4 0 0 2 1 4 0 0 3 1 3 0 1 3 0 0 4 1 3 3 1 0 3 3 4 0 4 3 2 1 2 2 3 4 2 4
14 1 0 0 0 1 0 3 3 3 2 4 2 0 2 1 2 4 2 3 2 1 3 4 3 1 3 0 0 3 4 4 4 1 4 3 4 1 0 4 0 1 1 3 2 3 1 3 3 0 3 3 2 1
14 4 1 4 0 0 2 4 2 1 0 2 0 0 1 0 2 1 2 1 1 4 3 1 0 2 1 4 0 0 2 4 3 3 2 0 1 2 3 1 4 0 3 2 3 0 2 4 1 2 3 2 0 4
14 0 1 3 1 0 3 0 0 3 2 4 0 2 0 1 2 3 0 2 3 3 2 3 2 1 2 4 0 3 2 1 4 1 0 3 2 1 1 3 2 1 4 0 4 0 4 3 1 3 2 3 4 4
14 0 2 4 3 1 0 0 1 2 3 3 4 1 0 2 4 0 2 1 1 4 4 2 3 1 2 0 4 4 4 0 1 3 3 1 2 1 0 0 1 2 1 4 0 3 4 2 1 1 1 2 1 0
14 3 4 1 2 3 3 0 3 3 1 2 3 2 4 1 2 0 1 3 3 2 1 1 4 3 4 2 0 2 0 2 2 2 1 2 0 1 4 0 3 0 2 4 4 1 4 1 3 4 1 1 1 4
14 2 3 4 3 2 0 1 0 2 2 0 2 2 1 4 0 1 0 4 4 1 3 4 1 3 3 0 1 1 0 0 2 3 4 1 3 3 3 4 2 2 4 2 4 4 3 2 3 0 1 4 0 3
14 1 1 4 1 1 3 3 2 0 1 1 0 4 3 0 0 0 0 1 1 1 2 0 2 2 3 0 3 3 4 3 3 1 4 2 1 0 3 1 2 2 0 3 0 3 2 2 3 2 0 4 0 4
14 2 1 1 1 4 4 0 1 3 0 0 1 1 0 2 0 1 1 0 3 2 3 0 0 4 1 2 3 3 2 3 3 1 2 2 2 1 2 3 4 0 3 3 0 0 0 2 2 0 3 0 2 0
14 1 3 4 2 4 4 1 2 3 0 0 4 0 2 0 2 4 0 0 1 4 3 0 2 0 1 2 1 1 2 1 2 2 0 3 1 0 2 1 1 1 3 3 3 3 4 2 1 1 3 4 0 0
14 2 0 1 1 1 2 2 2 2 3 3 0 0 4 2 1 3 0 4 3 1 0 1 3 3 2 4 1 1 3 3 1 0 4 2 2 0 0 1 1 3 0 1 0 2 1 0 2 3 0 3 4 3
14 1 0 3 4 4 1 1 1 0 2 3 3 0 4 1 3 0 1 2 0 3 1 3 1 2 0 2 2 3 0 4 1 3 2 1 0 2 3 3 2 3 2 1 2 0 0 3 3 1 0 4 4 1
14 4 3 0 3 3 3 2 3 0 3 0 4 1 0 0 4 2 0 1 1 1 4 3 4 1 3 1 2 3 1 1 3 0 3 1 4 2 0 0 2 2 3 1 2 3 1 3 2 2 1 4 1 4
14 2 1 4 4 1 3 2 4 3 4 0 4 4 0 0 2 3 1 4 3 0 4 1 4 3 3 2 2 2 0 3 2 1 1 2 1 3 3 0 1 3 1 1 0 1 3 2 3 3 1 1 4 1
14 2 2 0 1 0 0 4 1 3 4 1 1 1 4 3 0 0 3 2 4 4 0 1 3 4 0 0 2 2 3 0 4 2 4 0 2 1 1 0 2 1 3 2 4 2 0 3 2 4 0 0 4 2
14 0 1 3 2 4 0 3 3 2 3 1 3 1 4 2 1 0 2 2 2 1 1 2 0 0 3 3 0 1 0 1 0 0 2 4 0 0 1 3 1 2 3 3 3 2 3 0 4 1 1 3 0 0
14 3 4 2 3 3 4 3 3 2 2 4 4 2 4 1 2 2 0 3 3 0 3 0 0 3 3 3 1 4 4 1 4 4 3 4 1 4 2 2 3 3 0 2 3 2 1 2 1 4 0 3 3 1
14 2 0 2 4 3 1 2 0 0 1 2 3 1 2 2 2 3 2 0 3 1 1 2 3 0 2 3 3 0 1 2 3 4 3 1 1 3 3 3 4 3 4 3 0 4 0 3 2 2 2 0 3 3
14 0 0 3 1 0 1 2 3 0 2 1 2 2 4 1 3 2 3 4 0 3 3 3 4 3 0 1 4 1 2 1 2 2 0 0 0 2 4 4 3 3 2 1 2 2 0 1 0 2 3 2 1 1
14 2 0 2 3 2 0 0 4 3 3 3 1 3 1 3 2 3 3 2 3 0 0 0 3 2 4 0 0 3 4 2 1 4 3 3 4 2 1 1 1 0 1 0 2 3 2 2 2 0 4 1 0 3
14 2 2 3 4 3 0 0 1 4 4 1 0 4 3 1 1 3 2 1 2 0 0 2 1 1 3 1 0 3 0 3 3 2 4 3 4 4 3 2 1 4 4 1 2 4 0 4 3 2 3 0 0 1
14 4 1 1 3 0 2 4 2 2 3 4 0 4 0 1 0 2 1 1 2 1 4 0 1 3 3 2 2 4 1 2 3 0 2 3 4 0 0 2 2 2 2 2 4 0 4 3 2 1 3 3 4 3
14 3 2 3 1 3 3 1 4 2 3 1 1 4 4 0 4 0 1 0 0 2 3 2 0 0 1 3 3 1 3 0 1 2 2 0 0 4 4 3 3 2 2 4 1 0 4 0 0 0 0 1 2 0
14 2 2 0 2 3 2 4 1 2 1 1 3 0 0 1 0 1 3 4 0 3 4 1 0 0 2 3 0 4 1 3 3 0 2 1 1 4 4 1 3 3 3 3 2 4 4 2 1 1 0 1 0 0
14 1 1 2 1 4 0 0 0 4 1 3 3 2 1 0 1 3 2 1 3 0 0 0 2 0 0 2 2 3 4 0 2 2 0 1 0 2 2 1 3 4 3 1 0 2 1 0 2 0 2 0 1 2
14 4 1 4 2 3 4 2 3 2 0 1 2 1 1 2 2 1 0 2 1 1 3 2 0 0 2 0 4 1 3 2 1 3 2 4 0 2 3 2 3 3 4 0 4 2 1 2 2 3 1 1 2 4
14 3 0 1 3 3 0 3 2 3 4 3 4 0 1 2 2 2 0 1 1 3 3 4 4 0 0 3 0 0 4 1 2 1 0 4 1 2 3 3 3 1 0 3 0 3 2 0 4 3 4 3 0 0
14 4 3 2 0 1 2 2 0 2 4 4 3 0 2 1 3 4 2 1 4 0 1 1 2 1 1 2 2 0 0 1 1 0 1 2 4 3 0 0 2 0 3 4 2 0 0 2 4 3 3 0 3 0
14 0 1 0 0 1 3 3 3 0 4 3 3 2 2 2 4 0 0 4 1 1 1 4 0 4 1 0 1 3 0 1 3 1 4 3 4 3 4 1 0 2 1 3 3 1 4 3 4 0 3 2 1 2
14 2 4 2 3 3 3 4 2 0 1 3 2 2 0 0 0 0 2 0 4 1 3 2 1 0 4 3 3 1 4 0 2 3 0 0 2 3 2 3 4 0 1 0 0 1 0 3 1 4 4 3 0 1
14 1 0 0 1 2 1 3 2 4 1 2 3 3 4 2 0 1 3 0 3 1 1 3 1 4 0 2 1 1 3 1 0 0 3 2 3 3 2 4 2 3 1 0 3 2 0 2 1 1 1 4 3 2
14 1 1 2 1 3 0 2 3 4 4 2 1 3 4 3 2 2 3 2 4 2 2 3 2 3 1 1 3 3 4 0 4 0 0 0 2 2 2 3 3 3 0 2 2 2 1 1 1 2 4 3 1 1
14 4 3 2 2 2 2 1 1 0 3 0 2 3 1 0 4 3 1 1 3 2 1 2 0 1 3 3 1 3 3 0 2 2 0 2 4 1 2 4 1 4 3 2 2 1 0 4 0 3 1 2 0 1
14 0 2 4 1 4 0 1 2 4 0 2 2 4 4 4 3 3 0 2 1 4 4 3 3 4 2 0 4 0 2 1 2 4 2 0 3 2 0 2 2 3 1 3 1 4 0 4 4 0 2 3 1 4
14 4 3 1 0 2 2 4 2 0 3 0 3 0 2 1 2 1 2 4 1 3 2 2 2 4 4 0 1 2 4 0 3 4 1 3 0 2 2 1 3 3 3 1 3 1 4 2 3 0 0 2 3 1
14 3 0 2 3 1 1 2 1 0 1 2 4 2 3 3 1 1 0 3 2 1 0 2 0 1 0 1 0 3 4 0 1 1 1 1 2 0 1 0 4 0 3 3 4 4 4 4 1 3 4 4 1 2
14 1 0 2 1 1 1 1 1 0 0 1 2 1 1 4 1 1 0 1 0 1 2 4 1 4 4 2 2 1 0 4 0 3 1 3 1 0 0 0 4 2 1 0 2 4 2 1 0 2 2 1 1 0
14 0 1 1 0 2 3 3 2 1 1 3 2 3 2 1 0 2 1 1 1 0 1 4 0 0 3 4 4 2 4 1 0 2 0 3 0 2 3 0 2 3 2 4 2 2 0 1 0 2 2 1 2 2
14 1 1 1 2 2 1 4 3 3 4 1 0 3 1 4 3 4 2 2 3 0 1 3 3 1 1 0 0 4 4 1 1 4 0 0 0 0 3 0 0 1 3 1 4 3 3 3 2 2 0 3 2 0
14 0 2 1 2 0 3 4 3 3 1 2 3 3 0 1 2 2 4 2 2 4 4 3 1 1 3 3 4 0 3 0 1 4 0 3 1 0 2 3 1 0 2 2 3 4 1 3 3 0 1 3 4 1
14 3 2 2 3 4 1 0 3 1 2 3 3 4 3 3 0 1 3 3 2 2 0 1 2 0 3 0 0 2 1 0 1 2 0 2 4 0 3 2 0 1 0 2 2 1 2 0 4 1 1 1 0 0
14 4 1 2 3 1 2 0 0 1 3 4 4 3 3 2 2 1 0 0 2 3 1 2 1 1 1 1 3 4 2 0 1 1 4 1 1 0 0 3 1 0 4 0 4 4 3 2 1 4 0 2 2 3
14 2 1 3 4 3 1 2 3 2 1 0 4 0 0 0 1 4 2 3 1 3 2 2 1 0 0 1 4 0 1 4 0 0 0 4 0 3 1 0 4 3 0 1 0 1 0 0 2 3 0 3 1 0
14 3 1 3 0 2 0 3 3 1 1 3 2 1 1 1 2 3 0 2 1 1 3 3 2 3 1 2 3 0 0 4 1 0 2 2 1 0 4 3 0 2 0 3 0 0 4 0 0 0 1 4 0 2
14 0 1 4 3 2 0 0 2 2 4 2 2 3 3 0 3 1 3 0 3 3 1 3 0 1 0 1 1 2 0 1 1 3 3 3 1 1 1 4 2 2 2 3 3 2 0 2 3 3 3 4 2 4
14 2 4 2 1 2 1 4 2 3 0 3 0 0 4 3 3 0 3 3 2 1 0 3 3 4 3 2 2 0 0 0 0 3 0 3 1 2 4 1 1 1 2 1 2 1 3 0 4 1 3 0 3 2
14 1 3 3 3 3 2 4 1 0 0 0 2 1 2 1 4 3 4 0 1 2 1 2 0 2 0 2 2 1 0 2 4 1 3 3 2 2 3 4 0 3 3 0 0 2 0 2 0 0 3 4 3 3
14 0 4 3 2 0 0 1 2 1 0 2 1 4 3 1 1 2 3 4 1 3 0 2 2 4 4 0 1 3 2 2 0 3 0 4 4 3 2 2 4 2 0 4 3 1 0 0 2 0 0 4 2 1
14 0 2 3 2 2 1 3 4 1 4 1 2 3 2 1 1 2 0 3 4 0 3 1 3 1 2 0 3 4 4 0 1 1 3 4 0 3 2 4 4 0 1 0 4 1 0 2 0 3 0 0 1 2
14 2 3 0 2 4 3 3 1 4 3 1 1 1 1 3 0 2 2 2 1 3 0 0 3 4 3 0 1 4 3 4 1 1 0 0 3 2 0 3 2 0 1 1 0 4 1 2 2 1 4 0 1 0
14 3 4 3 3 1 1 0 2 4 1 0 2 0 4 0 0 1 1 0 4 0 2 2 0 0 1 3 4 0 0 1 0 3 3 3 4 4 3 0 1 3 4 2 1 2 0 1 2 2 3 4 0 1
14 2 3 2 2 2 2 1 3 3 4 3 1 2 0 3 3 3 4 4 0 3 4 2 1 4 2 2 2 1 0 2 1 0 3 3 0 3 3 2 1 0 1 2 2 1 0 3 0 3 0 0 1 0
<end>