<number of tasks>
70
<number of stations>
7
<type of the robots>
7
<limit of the robots>
1 1
2 1
3 1
4 1
5 1
6 1
7 1
<task times>
1 37 100 115 49 52 45 46
2 55 117 56 48 74 66 58
3 54 81 55 43 114 37 66
4 61 99 79 64 70 37 60
5 58 76 64 69 111 36 55
6 47 63 44 91 71 47 59
7 51 71 58 46 54 55 75
8 40 60 59 57 105 48 43
9 39 35 41 44 40 29 27
10 49 75 65 63 56 39 43
11 54 80 41 30 76 50 28
12 55 62 95 68 161 49 44
13 71 71 65 100 146 70 105
14 56 100 48 51 49 34 86
15 70 144 85 121 76 43 58
16 25 84 33 49 54 25 32
17 33 57 66 59 46 34 37
18 38 43 43 38 95 29 49
19 26 34 30 37 40 50 50
20 38 59 51 51 104 103 51
21 50 57 85 65 118 58 79
22 49 150 116 49 62 59 77
23 54 71 104 67 74 40 49
24 32 133 76 38 47 40 50
25 32 40 33 28 53 34 57
26 33 48 45 87 79 72 36
27 36 75 40 58 43 50 81
28 40 56 34 50 50 50 29
29 47 81 47 100 140 82 58
30 87 109 77 63 69 47 98
31 39 55 45 37 46 30 75
32 52 64 40 49 84 44 80
33 63 123 76 85 117 48 63
34 28 88 100 41 51 31 58
35 23 48 31 59 92 50 32
36 28 49 47 27 50 51 23
37 45 125 88 96 55 55 41
38 39 75 56 116 81 43 47
39 32 86 93 68 38 27 51
40 54 124 52 92 145 47 92
41 60 115 74 46 44 31 58
42 39 71 39 72 76 32 76
43 53 50 30 39 70 54 38
44 41 63 37 36 51 28 53
45 36 114 53 61 73 28 36
46 38 76 40 77 77 24 42
47 50 72 53 32 110 57 32
48 69 66 60 30 63 27 28
49 48 82 64 100 66 35 80
50 53 92 44 72 51 70 55
51 41 132 86 43 55 58 92
52 78 82 51 49 55 92 55
53 24 89 52 31 45 29 23
54 32 43 59 65 103 38 33
55 46 85 45 42 58 62 86
56 42 167 110 117 169 71 103
57 90 51 85 61 57 41 37
58 58 95 60 47 64 46 32
59 32 47 46 58 63 32 66
60 72 106 42 40 84 66 38
61 60 60 31 50 49 41 25
62 53 50 79 65 97 25 50
63 56 66 75 90 76 43 83
64 33 55 48 37 45 60 38
65 27 76 40 70 72 36 27
66 35 56 63 75 56 31 45
67 23 44 50 29 66 53 27
68 38 66 81 84 54 30 36
69 66 64 49 110 139 57 83
70 28 56 41 43 65 29 32
<precedence relations>
1,2
1,41
1,69
1,70
2,3
3,4
3,68
4,6
4,7
5,6
5,24
5,30
6,8
7,8
8,12
9,10
10,11
11,12
12,13
12,14
13,23
14,23
15,16
16,17
16,18
17,19
18,19
19,20
19,22
19,57
20,21
21,23
22,23
23,25
23,31
23,33
24,25
25,26
25,27
25,28
25,29
26,35
27,35
28,35
29,35
30,31
31,32
32,35
33,34
34,35
35,36
35,44
35,48
35,51
35,53
35,56
35,60
35,61
35,62
36,37
37,38
38,39
39,40
40,42
41,42
42,43
43,50
44,45
45,46
46,47
47,50
48,49
49,50
51,52
52,54
53,54
54,55
57,58
58,59
59,60
61,65
62,63
63,64
64,65
64,66
64,67
<setup time between tasks by robots>
1 0 3 1 4 0 2 2 2 3 2 5 3 3 0 2 0 5 0 3 4 3 1 1 0 5 0 1 3 1 1 2 2 3 2 4 4 5 0 1 2 3 2 2 1 2 3 4 0 2 2 5 4 0 5 0 1 4 3 4 5 4 3 5 4 1 4 1 2 3 2
1 2 0 4 4 1 2 1 4 3 0 0 5 0 0 3 3 1 4 0 0 3 4 5 4 2 4 5 3 1 1 2 1 2 0 1 2 0 5 3 5 0 3 3 5 5 5 1 1 1 2 3 4 0 2 1 0 3 0 4 0 2 5 2 5 0 4 5 1 2 0
1 1 4 0 0 3 3 3 4 3 1 5 0 0 4 1 1 4 2 4 3 3 4 1 1 3 2 5 1 5 2 3 2 4 4 3 2 2 1 0 5 2 5 0 0 4 4 1 0 1 3 2 4 2 2 0 3 1 2 2 0 0 3 5 3 5 4 1 4 1 3
1 4 1 1 0 0 2 2 0 2 0 0 4 0 1 4 3 0 0 2 0 5 5 0 3 1 0 4 4 1 4 0 2 5 0 4 1 5 5 3 3 2 1 0 2 5 5 1 2 2 0 1 1 3 3 0 5 1 4 0 4 1 2 5 1 3 1 2 3 4 5
1 5 2 2 3 0 2 0 3 4 4 3 4 1 0 2 3 1 3 0 2 4 4 4 5 0 1 0 0 2 5 3 0 4 2 4 4 5 0 2 1 3 5 1 2 2 5 0 2 5 1 0 1 5 0 4 1 4 2 4 4 5 3 4 0 3 2 0 4 2 3
1 1 3 4 5 0 0 2 3 0 0 0 0 2 0 3 1 4 0 0 3 3 1 1 2 0 0 3 3 1 4 1 0 2 0 4 2 1 3 0 4 5 1 5 0 1 1 1 2 2 1 0 1 3 5 3 4 4 1 0 2 2 5 2 2 1 3 0 4 2 4
1 2 5 0 2 5 1 0 4 0 2 2 1 1 0 3 2 4 4 5 2 5 0 1 1 4 1 0 0 2 1 1 4 1 2 1 1 2 2 5 5 1 0 3 0 5 3 4 1 2 1 5 5 4 4 0 5 3 3 0 2 5 4 5 4 4 1 1 2 0 5
1 2 4 5 3 1 5 0 0 1 2 3 0 0 3 4 4 4 0 1 2 0 0 3 1 5 1 0 1 1 4 0 5 1 2 3 2 0 1 0 3 2 5 5 1 4 4 1 1 2 2 3 1 4 1 5 3 1 1 2 4 3 3 1 5 1 3 4 3 5 0
1 0 2 3 2 4 2 0 2 0 4 5 3 3 1 1 4 5 4 3 3 1 4 1 0 0 2 0 1 3 0 5 1 2 2 0 5 5 3 0 5 4 4 4 1 5 1 3 1 0 1 4 2 4 3 0 1 4 2 2 4 5 1 2 0 2 0 0 2 5 2
1 3 2 1 1 5 3 4 0 0 0 4 3 1 2 2 5 3 5 3 4 5 1 1 3 0 1 2 4 1 4 3 2 5 2 1 5 1 1 1 1 4 1 3 4 1 4 2 5 3 1 3 2 1 3 1 2 1 4 3 4 4 0 2 1 2 4 2 4 2 1
1 1 1 3 3 0 2 1 2 5 3 0 2 1 3 5 4 2 3 5 4 5 0 0 2 3 4 4 2 3 2 0 2 2 5 0 3 0 3 4 3 1 4 1 0 4 3 1 1 2 3 1 4 1 4 4 3 4 0 5 1 3 2 2 5 5 2 2 0 4 1
1 0 1 5 0 2 1 0 1 2 4 0 0 5 2 3 5 1 2 1 4 1 3 0 1 4 1 3 4 0 0 2 3 4 3 2 0 3 0 5 0 3 4 1 3 2 5 2 1 2 0 4 3 3 1 4 5 1 4 1 1 4 3 5 0 0 3 0 0 0 1
1 3 3 2 3 2 1 3 4 4 3 1 3 0 2 0 1 0 0 1 3 0 2 3 1 5 5 5 1 3 5 1 4 2 5 4 5 1 2 1 4 4 4 3 3 4 3 1 2 3 1 2 4 2 3 1 1 4 3 1 2 3 3 0 1 1 2 3 1 1 0
1 3 3 2 0 1 3 3 4 5 0 5 1 4 0 3 3 0 3 3 5 1 0 5 1 4 3 5 2 0 2 4 3 4 1 3 2 5 3 3 4 3 0 5 0 1 3 2 4 1 1 0 4 0 1 4 2 1 2 1 3 1 4 5 0 0 1 0 1 4 1
1 2 4 1 3 5 3 4 1 3 3 2 3 3 2 0 2 2 3 5 0 0 3 4 3 5 3 1 4 3 1 0 2 3 1 3 2 0 3 2 5 4 1 5 3 5 4 5 0 5 3 3 4 4 2 2 5 5 0 1 2 3 2 1 5 3 5 0 2 0 3
1 2 5 2 3 0 0 1 1 1 1 4 0 0 3 2 0 2 4 4 4 0 2 3 4 3 0 1 2 2 4 1 5 2 2 5 0 0 3 3 5 4 3 4 5 4 2 4 5 0 1 2 1 4 0 1 1 0 0 1 2 0 3 2 3 3 3 3 2 3 2
1 0 3 0 4 5 5 5 5 3 3 2 4 0 2 3 2 0 1 3 3 2 3 3 2 4 4 4 5 4 0 3 2 4 5 3 4 0 4 4 0 4 3 3 1 4 0 4 2 5 1 4 4 2 2 5 1 1 4 1 3 3 3 4 0 4 3 5 0 0 1
1 2 3 4 2 3 3 2 2 0 4 3 0 1 3 2 0 2 0 3 0 4 0 2 1 1 0 3 5 5 3 3 2 3 2 3 3 4 5 3 2 3 0 1 0 3 2 4 1 4 0 0 5 5 0 3 1 1 0 2 2 4 5 5 0 4 1 2 2 0 4
1 4 2 3 5 0 2 2 3 4 1 2 1 3 2 0 3 3 1 0 3 2 1 2 0 4 1 5 4 4 0 4 3 5 2 4 0 0 5 0 4 2 5 3 2 1 2 0 1 4 1 3 3 2 0 5 2 3 3 3 5 2 0 3 0 4 1 3 5 3 3
1 4 4 2 0 4 5 0 1 5 4 5 5 0 5 5 3 1 5 3 0 1 5 1 5 0 1 0 3 4 2 2 3 5 2 3 4 4 3 0 1 1 3 3 3 3 1 0 1 4 4 5 4 1 4 4 4 1 2 5 4 0 0 3 3 5 0 2 0 1 1
1 0 3 1 1 4 1 4 0 0 5 5 1 4 4 3 4 2 5 2 2 0 4 5 5 0 1 0 3 4 5 2 4 3 1 2 3 1 3 3 4 1 1 2 3 0 2 1 3 4 4 3 1 3 2 3 3 1 0 2 4 5 5 1 3 1 5 5 4 3 2
1 3 5 1 1 3 1 3 2 3 0 5 1 1 2 4 0 1 4 3 0 1 0 0 1 1 3 2 0 4 5 1 1 2 3 0 0 4 0 2 0 4 5 1 2 1 1 5 1 2 3 1 0 2 1 5 0 4 5 0 5 1 3 4 3 0 3 0 2 4 1
1 1 3 4 1 3 4 0 3 3 0 5 5 1 5 3 0 1 0 0 5 0 2 0 3 3 0 4 1 1 0 5 0 2 4 4 3 3 4 4 3 0 0 2 0 3 0 1 0 2 5 2 1 3 1 3 4 3 1 0 5 0 1 2 4 5 3 5 2 3 3
1 4 0 0 1 1 0 1 4 0 5 0 4 4 4 5 2 0 2 3 5 2 2 4 0 5 1 5 3 0 0 3 1 2 0 3 0 2 4 0 5 3 3 3 4 5 0 2 4 5 0 3 4 3 1 4 3 5 2 4 2 5 1 2 2 4 3 5 2 2 5
1 4 4 1 1 1 0 2 5 2 0 3 0 4 3 3 4 4 4 4 2 4 5 5 1 0 3 3 5 1 4 1 3 5 4 2 3 2 3 0 2 2 4 0 2 5 3 2 1 1 3 5 4 0 4 1 4 4 1 4 2 3 2 1 1 0 5 2 0 0 5
1 0 4 2 3 2 1 2 3 2 4 4 4 3 2 4 4 5 2 2 4 2 0 4 1 2 0 4 4 4 1 5 1 5 3 5 1 0 2 0 0 4 4 1 0 1 4 5 2 2 4 0 1 2 2 3 3 3 2 1 1 2 5 2 1 3 5 4 0 3 5
1 2 0 1 4 2 2 1 0 1 2 0 3 4 0 3 3 1 3 0 4 3 0 5 2 2 2 0 2 5 0 1 4 2 2 0 2 0 4 1 4 3 3 5 1 4 1 0 3 3 3 4 2 0 3 0 2 0 5 5 4 2 4 3 3 3 5 4 4 0 0
1 0 3 4 0 4 4 5 2 3 3 4 2 3 0 1 1 1 0 3 0 2 1 0 0 4 2 0 0 3 1 4 3 3 2 1 2 3 5 4 1 4 3 0 4 4 1 2 2 4 2 2 3 3 0 2 2 1 3 0 3 2 5 5 3 0 3 3 5 4 3
1 3 5 5 4 3 2 1 0 4 2 1 5 4 0 1 0 0 3 3 2 0 4 5 5 3 3 1 1 0 1 2 5 3 2 3 0 0 3 3 5 0 1 3 5 1 3 5 0 4 1 0 1 4 4 1 5 4 0 0 0 0 0 2 3 3 2 5 5 2 3
1 1 0 0 0 1 3 5 5 5 0 4 3 5 1 5 1 2 4 5 4 5 4 1 2 1 4 5 1 4 0 3 2 4 1 5 1 0 1 2 3 1 2 1 2 2 2 1 4 2 3 5 0 0 2 5 5 2 0 0 2 2 2 5 3 4 1 5 0 2 2
1 2 3 5 0 4 4 1 2 5 0 1 5 0 3 1 4 5 3 4 3 4 5 1 0 0 2 1 2 4 3 0 2 3 0 3 2 2 0 1 0 1 5 1 2 3 3 4 0 4 0 3 1 1 1 0 3 4 4 1 1 1 0 1 4 4 5 5 4 4 5
1 0 0 4 0 1 3 3 2 4 3 1 0 3 2 2 2 1 5 4 0 2 0 0 3 0 4 5 3 3 5 3 0 0 4 2 5 3 4 5 1 2 2 2 2 3 2 4 4 5 4 4 3 4 5 4 5 5 2 1 3 2 3 4 4 0 2 1 0 1 1
1 1 4 1 2 3 3 3 5 3 5 4 0 1 5 2 2 3 2 2 4 1 0 3 1 5 3 4 3 1 1 5 2 0 5 2 2 3 3 4 3 2 3 3 4 4 1 4 0 0 4 5 2 0 4 2 5 0 2 3 3 1 5 0 2 1 5 4 0 0 5
1 1 0 0 0 1 5 2 2 1 1 4 5 1 1 5 3 4 5 1 3 0 0 0 4 0 5 0 3 5 1 0 1 3 0 5 2 1 1 3 2 1 3 1 3 5 3 1 4 4 4 4 2 0 1 3 2 5 5 2 2 0 5 5 0 2 3 4 5 2 2
1 1 0 5 3 4 3 5 3 0 4 4 1 0 3 4 0 2 5 2 2 3 0 4 3 5 1 2 2 0 5 3 4 3 1 0 1 4 0 2 2 1 4 4 3 0 4 0 4 2 2 1 2 0 2 0 1 0 2 4 2 3 2 2 5 3 3 3 1 5 4
1 5 0 1 2 2 0 4 2 1 1 5 3 4 0 3 5 5 5 3 5 4 0 2 1 2 3 5 2 4 3 2 1 1 1 1 0 1 4 3 2 5 0 2 4 1 2 4 3 5 3 5 0 4 4 2 4 4 0 3 5 0 1 2 2 3 4 0 5 3 4
1 4 1 5 4 4 4 2 1 2 5 4 3 3 0 2 2 0 3 4 0 1 1 0 3 5 0 0 3 4 2 2 5 0 5 2 1 0 3 4 5 1 1 4 2 3 4 2 0 0 2 0 5 1 0 2 4 5 3 2 1 1 4 5 5 3 4 4 0 1 4
1 5 2 1 2 0 1 1 2 2 1 5 4 2 3 0 0 0 0 2 3 4 5 4 4 3 1 3 2 4 1 4 1 0 1 0 0 1 0 3 5 3 3 0 4 4 0 3 2 5 3 2 1 4 2 0 3 2 4 3 3 0 2 3 5 5 2 1 3 0 0
1 2 5 0 0 0 3 0 2 2 1 1 5 1 2 3 3 3 1 3 1 1 2 3 1 3 1 0 4 2 3 0 2 3 4 2 4 5 4 0 4 1 2 1 2 3 1 0 3 3 1 0 1 2 2 1 4 3 4 4 2 4 3 4 0 5 3 4 4 3 4
1 4 3 0 4 2 5 2 1 2 2 0 1 2 3 1 1 1 0 0 1 3 0 0 0 0 0 1 4 1 5 4 1 0 0 0 2 3 3 2 0 4 0 2 4 2 2 3 4 1 3 3 0 1 0 1 3 1 0 4 5 4 3 4 5 1 0 3 0 2 1
1 3 1 5 3 3 2 2 0 3 2 2 5 2 4 5 1 2 4 3 2 1 2 0 3 5 5 0 2 5 0 4 3 2 5 1 0 1 0 2 0 0 0 3 3 5 1 2 2 3 2 3 2 4 5 1 2 3 0 4 1 5 0 0 2 4 3 4 4 4 4
1 3 0 5 3 2 4 0 5 3 2 1 3 2 4 1 1 1 5 4 2 0 3 4 0 1 5 5 5 1 4 1 2 4 3 0 1 1 3 1 1 0 0 3 4 2 0 1 5 3 4 0 2 4 4 2 3 4 2 0 1 4 0 5 4 4 1 5 4 4 4
1 1 2 4 2 3 3 2 1 1 3 0 4 5 0 4 2 1 3 4 1 1 1 4 1 4 2 4 4 4 3 4 5 5 2 3 1 0 1 1 4 5 4 0 2 2 0 1 5 3 0 5 1 5 1 2 2 4 3 2 1 3 5 1 4 2 3 5 5 3 4
1 1 4 2 0 3 4 2 1 1 0 2 0 1 2 1 0 2 5 0 0 4 3 0 4 5 5 0 3 3 0 3 1 5 2 2 4 0 5 4 3 4 5 1 0 5 3 5 1 2 0 5 2 2 2 0 4 4 0 4 5 2 0 2 2 5 2 5 4 1 0
1 3 3 5 4 0 1 3 1 0 5 2 0 3 3 3 1 2 2 2 5 4 0 0 2 1 1 3 5 0 2 2 4 5 5 4 3 5 0 2 0 0 4 3 4 0 0 4 3 3 1 2 2 5 3 5 1 5 2 1 1 1 2 4 4 0 2 4 5 2 2
1 0 2 2 0 3 5 2 2 0 3 3 0 2 1 2 4 1 5 3 5 2 1 3 4 0 4 1 1 2 4 5 2 2 3 1 0 1 3 2 1 3 2 2 0 1 0 1 5 2 2 1 4 3 5 4 0 5 5 4 0 5 1 3 1 4 0 4 0 5 3
1 0 1 3 2 2 3 0 0 3 0 4 2 4 3 1 4 1 3 1 3 5 5 1 3 0 1 3 3 2 3 2 1 0 4 1 0 0 0 4 1 5 2 3 5 5 0 0 5 4 3 2 2 3 2 2 1 1 1 3 3 5 0 2 2 4 4 1 1 0 5
1 2 5 0 4 0 1 0 1 1 1 3 2 2 3 3 0 4 4 1 0 2 4 1 0 5 4 0 1 1 4 1 1 4 3 3 2 2 3 3 2 5 2 3 0 5 2 2 0 2 4 2 4 2 4 3 3 3 1 5 1 2 4 2 2 5 4 2 3 4 5
1 3 1 1 3 5 3 4 4 0 5 0 3 1 2 1 0 0 2 4 2 0 5 1 4 2 1 3 0 2 5 0 1 1 4 2 4 0 2 1 0 4 0 0 1 2 2 4 2 0 4 0 0 4 3 3 0 2 1 4 0 0 4 3 1 4 4 3 0 4 0
1 2 2 5 4 4 2 2 0 2 4 2 2 1 0 5 1 0 2 0 0 2 1 4 0 0 5 3 4 2 0 4 2 0 2 4 2 1 4 0 3 4 4 2 0 0 2 4 0 4 0 0 0 1 1 0 2 5 2 0 4 5 4 3 0 1 4 1 3 4 2
1 0 0 0 1 3 5 3 4 5 0 4 4 0 2 1 3 1 2 2 5 5 4 4 1 1 5 5 0 1 1 3 5 2 4 2 4 5 5 4 3 5 1 4 5 1 1 2 1 3 4 0 1 1 2 4 0 4 2 5 4 1 0 4 0 4 2 2 3 0 2
1 0 1 4 2 3 1 3 1 1 3 0 0 1 0 1 0 0 4 4 2 2 4 1 4 4 5 1 3 5 0 4 4 2 1 3 4 0 3 0 4 4 4 5 3 5 2 2 1 4 5 3 0 4 2 1 3 0 0 0 5 4 3 5 5 3 3 0 5 2 1
1 5 1 0 0 3 5 0 4 2 0 2 0 2 5 4 1 0 1 5 5 0 2 5 0 4 3 2 0 3 2 0 5 3 3 1 3 3 1 4 2 0 4 3 4 4 2 3 5 0 2 1 1 0 3 3 0 1 0 3 0 1 2 2 3 4 1 5 2 1 2
1 1 2 4 3 2 4 5 1 1 1 0 4 1 0 1 5 5 0 3 1 0 5 2 1 1 0 2 1 2 3 2 5 4 0 4 5 2 3 3 1 0 3 3 0 1 2 4 2 4 5 4 4 1 0 4 3 2 0 3 2 4 4 3 5 0 1 4 1 1 4
1 1 5 5 2 5 1 4 4 1 2 3 3 1 4 0 2 1 1 2 1 4 3 1 5 0 4 4 1 5 0 0 4 3 1 3 2 2 4 4 2 3 5 0 2 2 4 2 2 3 2 5 2 1 1 0 1 2 5 5 2 1 1 1 1 0 0 5 2 2 3
1 4 5 4 1 0 2 2 3 2 1 4 4 4 5 3 3 1 2 5 3 2 1 3 5 0 5 2 0 5 4 2 0 0 4 2 1 5 3 0 4 3 0 4 3 0 1 2 4 0 1 4 4 1 5 2 0 1 2 5 1 3 0 2 4 2 4 1 1 1 2
1 5 5 0 1 2 2 4 3 0 3 2 4 0 4 0 5 1 0 4 0 4 3 1 3 2 5 2 1 3 4 3 5 3 3 3 4 2 1 1 5 2 3 3 1 3 3 3 0 0 2 1 1 3 3 0 2 0 3 3 2 0 3 1 2 4 3 5 5 0 4
1 1 5 4 1 0 2 2 2 5 3 2 1 0 5 4 1 0 4 1 3 1 3 0 2 4 0 0 5 0 0 3 4 2 2 0 4 1 3 3 5 0 2 3 2 1 3 3 0 2 1 2 2 2 2 4 1 0 0 5 0 0 2 0 2 1 2 5 1 2 0
1 2 4 1 1 3 1 0 4 4 5 4 0 0 2 0 5 2 5 0 0 2 3 4 1 1 0 5 0 0 0 2 5 4 3 2 5 3 1 2 1 0 3 2 2 0 3 0 2 5 2 5 0 1 5 0 0 2 4 0 3 2 0 3 3 1 1 4 5 4 2
1 4 5 5 5 0 5 4 1 5 2 2 0 1 2 1 3 2 1 4 0 1 0 2 1 3 0 5 0 4 5 5 4 5 3 1 0 2 0 3 4 4 3 5 2 2 2 3 3 1 4 1 2 4 4 1 0 5 5 2 0 0 0 0 4 2 2 5 2 5 5
1 4 4 2 1 1 1 0 3 4 2 2 4 3 2 2 4 4 2 0 1 0 3 1 0 1 0 4 1 0 2 3 3 5 3 1 3 3 0 0 2 4 3 1 1 5 5 0 4 2 3 5 2 4 1 4 0 4 4 3 0 0 4 2 5 0 5 4 1 0 5
1 1 5 4 5 3 5 3 1 3 2 1 1 4 1 4 3 0 3 4 3 2 0 5 4 0 0 5 0 2 2 5 2 1 4 4 3 5 1 3 0 5 4 4 2 1 4 5 5 3 2 5 0 0 3 4 3 2 2 4 1 3 0 5 5 5 1 0 5 3 0
1 0 4 2 1 0 1 3 1 0 2 5 3 5 0 4 0 4 0 0 3 1 5 2 5 0 2 4 2 0 4 2 2 4 1 2 2 0 3 4 3 2 2 0 0 0 0 0 1 4 4 4 1 2 2 4 2 2 4 2 5 0 1 0 2 4 2 3 4 2 5
1 1 1 0 4 2 4 0 1 5 2 0 3 5 1 4 2 0 3 4 2 4 2 4 0 4 3 4 5 2 1 1 2 1 3 5 1 1 1 1 5 2 5 1 5 5 4 0 0 1 2 3 5 2 2 4 1 0 3 0 3 3 4 2 0 3 2 2 2 4 0
1 5 0 5 2 5 5 3 1 4 2 0 2 0 0 5 5 4 4 3 2 3 4 2 4 0 4 0 1 0 2 1 4 1 4 2 4 2 4 0 4 0 5 5 1 0 0 2 2 5 1 3 2 5 2 1 4 3 5 4 3 5 2 5 5 0 0 2 5 4 0
1 4 4 2 5 4 3 2 2 0 1 3 3 5 3 4 2 4 2 1 4 3 1 4 1 0 0 4 4 5 2 2 0 3 4 0 5 2 0 2 4 2 2 4 0 0 4 1 2 4 0 5 3 3 5 5 2 3 3 5 4 3 0 1 3 4 0 0 3 0 1
1 0 3 2 4 0 3 4 5 4 0 4 5 2 3 4 2 4 1 0 4 1 0 1 0 5 2 3 3 3 3 0 2 3 1 3 4 5 5 2 3 1 3 4 5 2 3 2 3 2 2 3 3 0 4 4 0 5 1 5 1 2 0 2 3 3 1 0 1 4 0
1 4 1 5 3 3 1 4 3 1 4 4 1 0 2 1 3 5 1 4 2 3 3 1 4 0 2 0 4 3 2 3 0 3 1 5 2 1 4 5 1 0 1 2 2 5 1 3 2 1 1 5 3 3 4 0 3 3 0 3 3 4 0 1 4 2 5 0 0 5 4
1 0 2 4 3 4 1 3 3 4 0 4 1 1 3 5 4 3 5 4 4 1 4 1 2 1 5 2 0 2 1 1 1 5 0 0 0 4 5 3 4 4 3 0 1 2 0 2 3 1 4 4 1 4 5 4 4 0 4 0 5 5 3 3 0 3 1 0 2 0 0
1 4 4 0 1 4 1 0 1 3 2 3 1 5 4 0 5 0 3 3 3 4 4 5 2 4 1 2 2 0 3 5 0 3 2 3 4 0 3 3 0 0 2 3 3 1 0 1 4 0 2 2 2 5 0 5 4 4 2 0 2 0 2 4 0 2 4 4 1 2 0
2 0 2 2 2 1 7 3 1 6 0 2 3 3 5 6 4 7 7 0 5 6 4 5 1 4 5 2 4 0 0 0 6 5 8 4 1 0 3 0 6 3 2 3 6 2 0 8 8 8 0 4 7 3 5 0 6 8 0 5 7 5 1 1 1 7 7 0 0 5 8
2 8 0 6 0 1 4 5 0 4 0 1 5 0 8 7 4 2 1 5 3 1 4 3 1 3 4 6 8 3 3 3 7 0 3 4 3 8 1 8 4 8 4 6 0 2 0 6 2 3 7 7 2 1 8 5 4 3 8 5 4 5 4 8 0 5 2 2 2 6 7
2 4 3 0 6 4 1 0 3 5 1 2 4 6 6 5 6 1 4 5 4 0 0 3 4 4 6 7 3 0 3 3 7 5 1 4 1 0 1 7 4 1 2 0 8 0 2 4 3 2 7 1 0 4 2 4 0 1 4 7 3 6 2 6 6 2 4 3 0 7 5
2 7 1 3 0 7 5 2 7 7 3 5 7 0 2 6 0 6 7 2 5 8 4 4 6 1 0 1 3 3 4 8 0 7 7 2 7 4 2 1 5 2 6 3 8 3 0 4 1 2 3 5 6 3 0 1 6 1 3 6 8 5 4 3 2 5 3 2 0 1 0
2 5 8 5 7 0 4 5 6 3 8 0 8 3 5 8 5 5 0 8 0 0 0 5 1 1 1 3 2 1 0 0 1 6 6 2 5 1 5 2 3 2 4 7 0 1 0 8 0 7 2 2 1 0 0 4 5 2 6 5 3 6 7 2 0 2 6 0 5 0 3
2 0 6 4 5 1 0 7 5 6 7 2 7 1 2 1 3 6 6 1 7 8 6 0 0 4 0 3 5 6 5 6 1 5 3 3 3 0 7 8 0 3 3 7 6 3 6 3 0 3 6 0 0 4 5 6 5 8 5 3 3 6 5 7 8 2 6 7 8 4 6
2 2 0 5 3 0 3 0 6 1 0 5 3 4 2 4 1 6 5 4 1 1 2 7 2 2 3 7 3 2 0 3 1 1 6 6 7 7 0 6 0 4 8 6 4 4 3 7 3 4 4 1 0 2 2 7 4 6 3 7 5 2 2 2 1 0 0 1 7 0 6
2 5 7 4 2 7 1 0 0 8 7 8 1 3 6 0 2 6 2 4 0 5 5 1 5 2 0 7 5 5 7 7 6 4 5 6 4 3 2 2 3 5 4 2 8 0 8 5 0 0 4 3 4 7 4 3 8 3 6 1 1 3 4 1 5 1 1 6 2 3 5
2 4 0 0 4 3 4 8 8 0 2 5 8 4 7 2 2 6 3 0 6 7 4 3 6 0 7 1 1 4 5 0 5 5 0 5 5 5 8 3 3 4 6 2 7 1 3 7 7 6 1 3 0 3 0 4 2 6 7 1 2 1 7 5 2 1 6 7 2 0 7
2 7 3 6 2 4 2 3 7 3 0 0 6 3 2 0 2 1 6 6 6 0 3 0 6 2 1 3 1 1 7 2 3 3 7 5 6 4 1 5 6 8 0 0 0 2 0 7 7 3 1 1 1 1 3 6 0 0 7 8 1 5 7 4 5 7 7 6 1 5 1
2 4 4 7 5 1 1 4 5 3 3 0 4 4 1 8 8 1 8 0 6 1 4 0 4 6 7 0 1 0 4 4 3 1 4 3 7 1 1 4 7 6 3 5 0 1 6 5 8 2 8 5 3 6 3 8 7 5 3 6 1 4 2 1 0 2 0 8 5 5 3
2 8 2 7 4 6 4 8 1 5 3 6 0 5 6 2 4 8 6 1 5 1 1 3 3 2 6 6 6 6 0 3 6 6 0 6 7 2 3 1 7 1 4 6 4 4 3 1 6 8 7 4 3 3 3 1 8 8 6 7 2 3 7 6 5 0 1 2 3 2 5
2 0 2 1 0 4 1 8 6 1 5 3 0 0 2 6 0 5 7 5 2 3 0 0 7 0 4 8 4 0 1 6 3 5 6 2 5 6 0 2 5 2 0 1 0 8 7 1 7 6 4 6 1 4 4 2 3 5 7 4 2 7 1 4 0 2 3 5 8 7 0
2 5 0 6 2 5 4 3 4 7 5 6 1 4 0 0 4 6 2 4 3 7 4 8 0 2 7 1 4 3 4 4 7 1 0 7 3 5 3 7 7 2 6 2 8 8 6 7 7 5 6 5 3 5 0 3 8 3 4 5 2 7 8 1 7 3 3 4 3 5 4
2 0 4 6 4 5 5 0 2 8 1 0 6 2 5 0 2 6 4 5 3 8 4 1 0 1 6 8 6 5 0 6 5 1 4 6 3 2 2 2 4 6 5 8 2 2 2 8 1 2 6 7 0 6 3 4 6 7 3 6 8 7 6 7 0 3 8 6 2 7 8
2 3 3 0 4 3 6 1 6 4 4 1 0 0 7 6 0 0 8 0 3 4 2 2 5 2 1 3 7 1 1 2 5 6 2 3 7 4 3 8 3 6 5 1 3 6 4 4 6 0 2 3 6 5 6 5 0 0 5 6 5 4 1 6 8 3 0 2 8 7 8
2 0 0 0 3 0 6 4 4 1 5 3 2 1 0 8 5 0 5 7 6 5 4 4 4 6 4 3 3 4 4 2 1 0 6 7 6 6 1 0 5 5 7 8 1 6 5 4 2 0 2 2 2 3 3 4 1 7 4 2 5 4 7 7 2 3 0 7 0 0 2
2 5 4 3 3 1 0 5 1 1 0 2 6 3 6 5 4 2 0 7 4 1 7 3 1 1 2 2 7 1 7 5 2 3 6 4 6 2 5 8 3 8 2 8 0 6 4 4 0 0 2 1 5 1 8 2 5 7 6 0 0 5 4 2 0 5 2 3 6 4 1
2 7 3 6 0 0 4 7 5 8 0 4 1 5 8 5 3 8 5 0 0 5 2 7 0 3 1 4 4 2 0 2 1 0 1 7 8 5 2 5 5 3 3 1 2 3 0 8 2 2 6 0 1 2 6 2 4 4 5 5 3 2 7 6 6 7 4 0 5 0 3
2 6 0 6 6 3 2 1 0 5 6 3 7 1 3 1 7 5 6 6 0 1 7 5 2 2 6 5 6 0 7 8 7 5 5 2 3 3 7 7 7 5 8 5 3 4 3 5 3 4 7 4 4 8 3 6 2 1 3 4 5 7 6 2 7 1 4 6 4 4 7
2 6 7 5 2 4 5 0 2 5 8 3 8 0 1 0 5 3 5 4 5 0 8 5 6 4 3 2 8 2 0 1 4 7 2 7 8 1 2 7 1 8 3 6 7 0 0 0 5 6 4 4 3 5 5 7 2 2 0 0 1 1 5 5 1 2 4 4 4 2 6
2 5 5 0 6 4 6 1 6 5 5 2 3 2 0 4 1 8 4 4 6 2 0 6 4 4 4 8 0 4 2 2 5 1 3 3 0 7 6 3 6 1 8 6 2 5 5 6 6 4 6 1 6 8 0 6 6 2 6 2 7 2 4 7 2 4 1 3 4 3 1
2 1 1 6 1 6 5 7 0 6 5 1 3 6 6 0 1 5 4 0 6 1 2 0 5 5 1 4 2 3 1 5 8 7 7 7 5 3 4 7 6 1 4 2 7 3 7 7 0 5 4 4 7 2 6 2 2 7 2 0 6 4 2 3 5 2 5 1 0 7 6
2 5 7 7 8 1 1 6 3 4 8 3 4 0 4 0 5 4 5 6 5 8 2 6 0 7 0 6 2 8 7 6 0 0 1 0 4 1 7 1 7 5 2 6 2 6 3 7 2 6 4 3 3 2 2 4 2 2 7 6 5 5 8 2 8 5 0 5 6 6 6
2 1 3 6 6 1 1 3 5 2 1 2 3 1 7 1 8 2 0 6 1 3 0 2 6 0 4 3 3 8 4 8 5 0 3 6 8 2 0 7 0 1 5 5 0 5 1 0 6 8 4 1 2 1 1 3 1 6 5 2 3 1 0 1 3 2 2 6 2 1 3
2 8 1 5 2 2 5 1 1 5 6 5 4 3 8 0 7 5 5 8 1 5 4 4 6 7 0 0 0 3 5 8 1 7 0 0 0 1 1 2 2 2 5 2 4 6 0 2 3 7 1 1 7 6 0 6 3 5 4 8 1 6 5 6 1 0 1 0 5 2 2
2 6 0 3 4 1 0 5 4 3 1 4 1 7 5 2 7 2 8 6 1 6 4 4 6 6 2 0 6 5 0 3 4 0 4 6 2 2 1 3 3 5 6 2 1 0 7 3 4 1 6 5 8 6 7 5 1 7 2 3 5 5 1 0 6 6 6 2 5 7 7
2 6 3 3 3 7 2 1 2 6 5 0 5 5 1 1 7 4 1 3 7 3 0 4 6 5 7 5 0 4 8 6 7 5 8 6 1 0 7 2 7 3 7 5 6 2 7 0 6 7 5 0 5 7 6 6 6 5 3 3 7 1 1 4 7 8 6 8 7 7 3
2 3 7 3 4 2 7 8 2 7 0 4 5 3 3 5 4 1 1 8 4 6 3 4 1 3 6 6 4 0 1 5 5 3 4 2 3 5 3 2 7 4 2 8 0 2 6 6 4 7 2 0 5 7 2 4 0 5 7 3 3 6 2 6 4 3 6 0 7 6 7
2 3 3 7 4 4 4 2 8 3 5 2 4 3 1 4 3 0 1 5 7 2 4 7 6 2 5 5 3 7 0 2 8 3 5 5 7 4 2 7 7 7 0 2 2 8 6 0 2 6 3 5 5 1 3 3 0 3 7 1 0 8 8 0 5 0 5 0 7 6 8
2 4 5 6 4 4 8 1 2 6 2 8 1 2 4 6 7 2 1 4 5 2 2 5 1 4 8 0 7 1 3 0 5 3 6 3 1 4 3 4 7 7 3 6 4 0 4 7 1 2 3 6 3 5 7 7 7 2 7 6 5 6 3 6 3 3 2 7 2 2 3
2 5 7 6 8 4 6 2 7 4 7 4 5 3 5 4 0 0 7 2 4 0 0 5 4 3 1 3 6 0 7 7 0 1 6 2 5 1 3 5 0 1 2 6 0 4 6 8 2 2 0 2 1 3 4 5 1 6 1 4 4 7 3 5 0 3 6 7 7 1 2
2 2 8 1 4 7 3 4 4 5 2 1 5 1 6 7 8 2 4 7 5 4 4 7 4 4 5 3 1 6 1 2 0 0 5 7 0 1 5 2 3 7 0 4 8 3 1 7 1 6 1 0 2 5 5 3 0 0 1 2 1 2 3 0 1 6 0 0 1 3 4
2 2 4 4 0 2 2 5 2 5 4 0 4 2 7 6 2 7 0 1 3 5 5 6 2 0 4 4 5 4 4 7 1 3 0 7 3 0 4 8 1 2 1 2 4 1 8 3 4 2 6 7 7 8 2 2 8 8 2 0 4 4 5 0 5 7 7 7 4 5 3
2 1 8 4 8 2 7 1 2 5 8 3 4 7 4 8 6 8 5 3 3 1 5 0 5 0 1 0 5 3 1 0 1 7 5 0 6 7 3 1 7 1 4 2 5 7 1 4 8 3 3 8 4 5 3 2 4 1 1 5 2 7 7 5 6 5 4 7 6 5 1
2 5 1 0 5 7 5 3 3 0 6 6 2 1 1 0 7 7 3 1 4 7 6 7 2 1 3 3 1 2 7 2 2 3 1 7 0 7 0 6 8 3 4 5 2 3 0 0 7 3 1 4 2 3 6 6 6 3 7 2 8 3 1 4 2 2 5 4 8 4 7
2 6 5 2 5 6 0 6 2 6 4 0 3 4 1 5 5 8 0 3 5 5 2 5 2 5 2 2 5 2 7 7 1 1 7 6 5 0 3 8 0 1 1 7 5 3 5 5 2 4 7 1 6 5 5 6 3 0 6 4 7 7 0 3 0 5 7 7 7 3 8
2 2 0 3 6 6 7 7 8 1 5 0 2 1 3 0 7 5 3 6 2 2 6 5 1 0 1 6 4 4 7 7 4 0 2 3 1 6 0 1 3 5 6 7 8 5 0 7 6 4 1 7 6 5 6 6 1 3 2 0 3 3 1 1 4 3 7 4 3 3 0
2 5 2 1 7 5 6 7 3 1 8 8 1 8 2 4 0 4 2 3 6 0 2 8 0 3 6 1 5 5 5 5 6 3 7 1 0 5 1 0 0 0 5 4 4 4 7 0 6 0 4 4 3 6 7 3 1 8 3 8 4 4 2 1 5 2 4 4 2 1 6
2 1 3 6 2 5 5 5 5 4 7 3 3 2 8 4 3 8 2 2 4 1 7 2 0 1 8 5 5 7 0 3 2 0 7 5 5 5 4 7 0 3 5 3 0 6 7 6 0 5 5 7 4 0 5 3 4 6 8 2 1 4 4 2 1 6 5 3 2 5 6
2 0 0 3 0 8 3 5 1 1 6 1 3 0 5 1 0 6 2 3 3 6 2 7 5 2 0 0 1 7 7 2 6 5 2 1 3 4 3 0 4 0 0 3 7 7 7 0 6 5 5 2 1 4 4 2 0 3 1 5 6 8 5 0 0 3 7 5 6 1 6
2 3 5 4 4 2 8 4 3 0 4 5 8 6 4 4 5 7 0 2 5 1 3 3 4 0 4 4 6 0 3 7 3 5 1 7 3 2 0 7 2 6 0 1 0 8 1 7 1 8 5 2 3 7 8 0 5 1 5 2 6 5 7 6 8 6 3 6 6 4 5
2 1 8 2 0 3 6 3 0 7 2 6 5 0 1 2 3 2 3 7 0 0 6 4 7 7 1 0 1 6 3 1 6 0 3 3 5 4 1 8 6 1 6 0 0 0 0 6 1 1 0 7 5 0 1 4 1 3 6 7 1 1 8 2 4 3 4 3 2 2 3
2 7 5 1 8 3 6 7 7 2 0 3 1 0 7 7 1 0 2 3 2 5 3 5 4 8 7 4 5 2 6 3 4 3 4 1 4 5 8 3 1 5 0 2 0 1 4 5 0 4 2 3 6 2 0 7 7 4 0 2 3 7 2 8 3 2 1 7 4 7 0
2 4 0 2 6 6 3 5 8 3 3 4 4 7 4 3 8 6 0 5 1 0 2 5 5 2 5 6 8 0 0 8 6 4 6 3 0 3 1 6 3 6 4 3 4 0 3 7 1 8 5 1 8 3 2 2 8 7 6 6 8 6 5 5 8 3 1 8 2 1 3
2 1 7 0 6 3 0 5 7 1 0 5 3 3 6 1 0 7 2 2 6 1 4 1 7 0 4 5 6 0 5 0 4 6 4 2 3 0 4 1 2 0 1 5 1 6 0 7 4 2 0 2 5 6 5 3 7 7 5 1 7 3 3 7 1 3 7 7 2 8 2
2 3 1 5 0 6 7 2 8 1 7 8 1 8 3 2 1 6 1 8 7 4 1 4 1 0 4 7 7 7 0 1 6 7 0 2 0 7 2 1 1 6 4 3 2 5 0 0 8 3 8 2 5 6 0 0 7 1 2 7 4 8 6 2 1 8 0 4 7 2 0
2 2 1 7 5 6 6 7 6 2 6 5 4 5 8 1 6 4 1 7 1 2 3 7 2 7 5 0 4 2 1 5 4 7 8 4 2 0 6 3 8 5 4 2 7 6 3 2 0 5 1 2 0 1 1 0 0 6 0 0 5 0 1 6 7 2 4 5 2 0 4
2 5 5 3 3 4 4 6 7 5 6 7 0 3 6 4 3 3 1 3 0 4 7 6 6 4 1 4 3 5 5 6 1 0 5 4 1 6 8 1 2 3 6 8 1 8 3 1 2 0 8 5 4 4 5 8 0 2 1 6 6 7 5 3 5 1 2 6 4 2 5
2 5 1 7 1 6 1 7 8 2 4 8 6 1 8 4 7 7 3 3 1 5 5 2 1 3 3 1 6 5 1 1 2 5 7 0 6 1 6 3 8 4 5 4 2 6 1 6 1 5 0 7 6 4 4 4 6 0 1 0 1 6 5 4 0 1 5 6 0 1 7
2 4 7 5 1 3 5 6 2 0 1 4 1 2 1 1 6 2 7 3 2 0 2 6 3 3 1 2 1 4 0 2 2 2 8 6 5 1 4 0 7 6 3 2 1 1 6 4 7 4 0 0 4 8 5 0 1 4 4 8 0 5 1 1 0 4 6 0 3 6 7
2 0 0 6 2 4 3 6 4 3 7 6 7 0 4 7 4 0 4 7 6 7 1 1 8 7 3 7 4 6 4 0 0 4 5 2 6 6 5 8 6 2 3 1 2 5 1 5 3 5 0 0 0 2 5 2 8 6 7 7 2 1 3 8 4 6 6 7 6 4 1
2 3 0 2 2 2 2 0 5 5 4 2 6 4 4 5 6 2 2 0 8 4 6 1 6 5 0 1 6 5 8 3 8 2 7 1 3 2 5 0 7 5 2 0 1 6 1 2 3 5 5 6 7 0 4 8 4 2 6 0 5 1 4 1 2 4 2 1 3 3 4
2 7 4 2 6 6 3 2 1 6 5 6 4 2 7 5 3 2 1 5 0 1 4 2 5 6 7 1 6 5 1 8 2 6 6 5 4 1 7 3 0 7 0 0 8 4 1 5 7 4 5 0 4 3 0 8 4 2 3 3 7 1 8 3 2 1 7 6 1 0 2
2 2 3 7 1 4 2 4 4 4 1 1 7 5 8 4 1 1 6 1 5 1 4 7 4 2 0 5 0 5 7 2 1 2 0 4 6 2 4 4 7 2 1 5 5 5 7 7 2 6 0 5 2 7 5 0 5 6 1 6 0 7 7 4 0 0 1 7 6 0 0
2 3 6 7 0 3 5 2 5 3 0 4 1 3 0 3 5 5 7 0 0 2 4 2 1 4 6 5 1 1 6 2 4 4 6 1 1 0 1 0 6 0 0 7 8 7 7 3 5 5 6 3 6 4 7 3 0 2 2 1 7 0 7 0 4 6 3 0 5 6 8
2 6 7 6 1 5 5 4 4 5 3 0 1 6 5 5 6 7 4 3 1 7 0 5 4 7 6 1 4 0 2 2 5 3 7 8 1 1 4 7 6 6 1 5 1 0 7 5 4 6 3 4 4 8 2 5 0 0 6 1 6 1 5 7 0 0 2 7 7 6 3
2 3 6 4 3 6 0 8 3 2 6 2 6 6 2 4 7 4 5 4 2 3 6 4 1 4 4 1 3 3 0 5 7 3 2 2 3 0 2 3 2 2 5 4 3 0 7 2 1 7 1 2 4 7 5 8 1 1 0 5 0 6 6 2 5 3 0 4 5 6 0
2 7 5 2 2 5 7 0 7 6 5 3 7 6 2 2 6 4 2 1 6 2 7 1 4 2 7 7 3 2 1 4 6 0 3 1 0 0 6 5 0 6 3 5 2 6 3 8 0 3 5 5 6 7 4 2 4 6 6 0 0 1 0 5 7 4 8 2 7 8 5
2 8 0 6 5 0 7 1 3 8 0 2 3 1 4 2 8 7 6 0 6 2 3 5 5 4 0 3 6 6 7 6 0 6 6 8 3 3 3 0 7 7 4 5 0 6 2 3 6 7 7 3 1 3 3 2 2 8 3 1 0 0 2 1 2 4 4 8 7 8 1
2 0 7 3 0 5 4 0 2 3 4 6 3 7 6 1 0 4 1 7 4 5 2 6 5 7 1 5 6 1 0 4 0 5 3 8 5 3 6 2 6 0 6 3 7 4 8 5 5 6 4 7 4 2 5 6 7 0 4 4 4 0 3 4 7 8 5 4 0 2 5
2 7 7 3 6 3 6 5 6 6 2 0 8 3 3 0 6 5 2 1 7 0 2 4 0 4 6 3 6 2 0 2 2 7 2 0 0 8 8 0 6 7 1 3 1 6 6 4 8 4 4 4 3 7 4 0 3 0 0 5 5 1 0 0 0 8 0 7 1 7 5
2 3 6 3 4 3 6 3 4 7 2 7 6 8 4 1 4 0 0 4 0 1 5 0 6 7 5 2 5 0 2 5 1 5 6 4 3 3 5 3 5 4 6 5 3 4 6 1 5 1 0 2 6 1 1 7 3 1 1 7 6 5 6 0 4 1 0 6 6 5 0
2 4 0 2 0 7 0 5 7 4 4 8 7 0 7 1 2 5 2 4 2 0 2 5 6 3 7 7 5 1 2 3 3 5 1 4 4 7 7 4 5 7 5 0 5 3 3 4 5 2 5 6 6 4 2 5 4 7 5 8 6 3 3 7 0 5 3 7 2 4 2
2 4 5 5 3 2 2 2 0 7 2 3 2 2 2 7 6 5 8 5 2 6 1 3 1 1 4 2 5 3 3 7 4 8 6 3 4 1 7 6 6 6 5 4 4 1 4 7 4 6 3 8 5 4 5 6 0 1 5 2 6 4 8 0 3 0 7 7 3 0 5
2 0 5 6 7 6 3 0 1 5 2 8 5 1 5 6 8 7 2 7 6 4 7 3 1 4 7 2 1 6 8 3 3 1 5 7 7 5 8 0 3 7 3 6 6 3 2 8 2 1 8 8 3 6 2 7 4 3 3 2 7 6 4 3 2 0 0 4 3 5 5
2 7 8 4 5 7 5 0 3 7 1 5 6 0 7 6 2 0 0 5 7 4 6 3 0 2 6 8 5 7 3 3 3 2 3 3 5 1 2 2 6 4 4 1 7 0 8 3 7 0 6 6 7 0 1 7 8 3 0 1 7 7 5 2 3 4 0 0 0 4 1
2 6 4 2 6 0 3 1 0 5 2 1 3 0 8 2 6 2 4 2 4 0 3 3 8 1 8 4 0 6 4 1 4 0 6 5 0 6 6 7 2 3 7 4 1 8 6 8 7 3 7 0 4 2 1 5 6 2 3 0 6 4 0 6 3 7 2 3 0 2 5
2 3 1 0 2 1 7 3 5 8 5 0 4 7 7 8 4 2 0 8 1 0 4 2 2 3 7 2 5 7 5 5 3 1 7 3 1 1 5 2 6 2 2 8 6 6 5 3 4 4 0 5 4 2 1 8 1 8 6 5 4 4 3 2 2 8 4 8 1 0 2
2 5 2 5 6 1 5 6 4 1 5 4 1 2 4 6 6 0 3 5 1 6 1 4 7 4 5 1 3 1 7 5 6 5 1 5 2 7 7 3 0 1 7 4 4 6 2 0 0 3 0 5 3 1 6 5 4 7 2 7 6 2 7 5 5 3 0 5 5 7 0
3 0 7 2 4 7 6 6 3 3 5 1 5 7 5 2 2 0 1 1 7 3 2 2 1 7 0 0 0 2 5 6 1 1 3 5 1 7 3 6 2 2 0 6 4 3 5 4 3 0 1 1 6 5 7 5 1 1 0 5 2 1 5 1 1 6 3 1 6 0 3
3 1 0 5 3 4 5 6 0 6 2 2 3 0 3 4 3 4 7 5 7 3 1 0 7 1 2 0 1 5 7 6 1 2 5 0 7 4 1 0 0 1 0 5 1 0 6 2 5 4 0 6 6 0 4 3 1 2 2 1 2 0 1 0 2 3 2 1 2 1 4
3 3 6 0 1 4 5 2 6 5 0 3 2 6 5 0 5 0 5 2 6 0 6 5 6 7 0 0 4 7 4 4 2 5 4 2 5 3 1 5 4 7 3 7 6 6 4 3 2 2 4 4 2 5 3 0 1 5 3 5 5 2 7 5 4 0 5 0 4 7 3
3 2 0 4 0 4 2 7 3 7 0 6 5 5 3 5 0 2 1 1 1 5 1 1 4 1 3 1 7 6 4 0 4 5 6 2 3 6 6 1 7 5 3 3 5 1 7 5 0 1 7 5 5 0 5 1 5 2 5 1 1 2 6 2 2 2 4 3 3 5 2
3 0 1 1 3 0 0 5 4 4 4 6 0 5 0 3 6 4 6 4 0 0 0 4 2 5 4 3 7 1 6 0 5 5 4 5 2 5 5 3 7 4 5 5 4 1 2 2 5 0 0 6 4 2 6 6 6 2 4 3 1 2 1 1 1 4 2 5 3 1 5
3 0 0 7 1 1 0 0 3 2 3 7 1 6 4 0 3 3 5 7 2 6 5 3 2 4 3 4 4 1 6 1 6 1 4 4 5 4 7 3 0 4 5 4 5 0 0 7 0 5 7 5 0 7 1 3 1 0 6 6 3 5 1 7 5 7 3 1 4 2 1
3 1 5 7 3 2 2 0 5 3 1 4 3 5 5 5 0 7 2 0 3 0 0 5 2 4 5 7 3 0 6 0 4 6 0 6 4 6 0 0 5 2 4 3 4 3 1 0 6 4 1 6 2 1 3 0 1 0 5 7 3 1 3 2 2 3 2 3 7 3 0
3 0 2 7 6 1 2 2 0 1 2 5 5 4 6 4 4 2 5 5 6 5 3 2 0 2 2 0 2 2 4 1 6 5 3 0 5 6 7 0 1 0 7 4 2 1 1 3 0 6 3 1 3 3 5 4 3 4 5 2 4 0 2 4 1 0 7 6 4 3 0
3 6 3 1 2 4 2 1 2 0 2 5 1 5 3 1 5 6 2 7 7 6 5 5 1 3 3 1 3 0 1 7 2 0 6 1 5 6 4 3 0 4 3 1 0 3 5 1 5 3 0 3 0 4 4 1 4 1 2 6 7 1 7 1 2 6 4 5 1 3 2
3 2 1 3 4 4 5 6 1 7 0 6 6 5 7 6 1 2 6 5 1 6 2 1 6 2 2 3 0 3 5 1 5 5 1 0 4 7 4 7 6 1 0 6 5 1 3 1 3 6 0 2 4 2 4 2 6 2 0 2 4 6 1 0 2 2 3 5 1 0 2
3 2 3 4 4 6 0 1 6 5 6 0 1 3 5 1 1 7 5 0 2 1 3 4 4 0 1 2 2 1 2 5 6 3 6 1 6 5 3 2 7 5 5 2 3 1 2 6 5 6 7 3 6 2 2 3 7 2 2 5 3 1 2 5 3 4 4 1 4 0 3
3 0 5 2 6 5 3 6 6 4 0 5 0 4 1 4 4 3 1 6 3 1 2 2 0 6 7 6 2 3 1 4 0 1 2 6 3 2 6 2 4 4 4 0 2 3 4 4 5 4 7 1 7 4 7 4 1 2 0 2 6 6 6 5 5 6 4 7 5 4 1
3 5 5 4 2 4 2 3 5 0 6 3 3 0 2 3 2 3 1 5 4 1 4 4 0 7 4 1 2 2 4 2 4 6 0 3 0 5 2 1 0 6 3 7 5 4 3 6 5 4 3 5 1 1 1 5 4 3 7 0 0 2 0 5 6 4 1 4 0 0 1
3 7 1 1 3 4 2 1 1 3 0 1 0 4 0 0 6 6 4 4 3 4 0 1 0 2 3 3 5 6 6 2 2 6 7 3 2 0 4 3 2 4 4 0 3 5 7 0 2 2 0 2 7 5 5 3 2 7 4 1 5 0 6 4 2 0 4 1 1 2 6
3 2 0 1 1 2 3 0 5 1 4 1 1 6 4 0 3 6 4 1 1 2 6 6 0 6 5 6 2 5 4 4 5 0 5 1 2 2 5 1 3 1 3 5 4 0 6 6 2 4 6 3 2 1 4 1 3 7 1 3 7 7 1 3 4 3 1 6 0 6 6
3 4 2 6 4 3 5 3 3 7 3 2 4 3 3 1 0 5 0 2 4 5 1 6 4 3 0 1 2 7 5 3 0 6 6 6 2 1 0 2 3 4 4 4 3 7 1 2 1 3 4 0 3 0 1 3 5 0 1 6 4 4 5 1 2 5 4 0 0 4 4
3 1 0 5 7 0 2 1 0 0 6 7 0 5 2 7 0 0 3 6 1 0 1 5 0 0 5 5 7 3 6 3 0 2 0 2 5 5 1 0 4 1 4 5 0 6 2 4 3 4 4 5 2 2 4 2 1 5 5 0 5 5 3 3 4 2 0 3 5 1 7
3 0 5 3 0 6 7 0 2 1 1 2 7 5 0 0 1 1 0 4 3 0 3 3 0 4 3 3 7 5 1 2 1 0 2 3 7 5 2 7 0 3 2 6 2 0 4 0 4 3 1 4 5 1 5 1 6 2 0 5 5 0 5 2 6 3 5 6 2 4 0
3 2 5 0 6 2 6 5 6 2 6 1 0 6 1 2 6 7 6 0 1 0 6 7 0 0 2 3 3 4 0 3 2 2 1 4 3 1 4 5 0 3 5 1 2 0 1 6 1 1 0 6 1 5 2 4 1 7 0 3 1 0 0 3 4 1 0 2 1 6 0
3 3 1 4 2 1 7 0 6 5 5 3 3 3 2 5 2 3 1 5 0 1 5 3 2 0 6 3 1 4 1 3 4 3 3 2 2 3 4 3 2 0 6 3 5 1 6 6 2 1 3 7 7 0 6 4 3 0 2 7 4 1 4 3 2 0 6 7 4 4 3
3 1 0 2 6 3 2 5 0 2 2 1 7 1 5 2 1 4 7 0 3 0 0 5 1 1 4 3 4 0 6 2 7 7 0 6 0 7 6 0 3 1 3 5 7 3 7 4 1 5 6 5 4 1 2 3 1 0 4 3 6 0 0 1 5 1 2 0 5 0 4
3 3 2 5 0 0 3 4 7 3 6 5 7 5 0 2 6 2 6 4 1 7 0 3 3 2 2 1 6 4 1 6 7 3 7 0 5 1 2 4 5 1 6 3 1 3 1 3 7 5 2 0 5 7 3 0 1 0 2 7 4 3 5 5 7 1 6 6 1 3 0
3 6 2 1 6 4 4 4 1 5 5 7 5 3 1 7 0 6 0 2 7 0 5 0 2 0 4 5 5 0 0 4 5 5 2 0 4 1 3 2 7 4 3 3 2 5 2 7 2 2 1 2 3 6 6 3 5 7 7 6 5 1 6 2 7 0 6 1 3 5 1
3 1 5 0 2 2 2 7 1 6 6 3 7 4 5 0 4 1 7 3 3 2 4 2 0 3 5 2 2 5 3 2 0 3 0 5 2 1 2 0 5 1 0 3 3 4 5 4 2 0 2 5 7 1 5 0 7 7 6 1 5 2 2 6 7 6 3 4 1 2 0
3 6 2 5 5 2 2 7 0 3 1 0 4 5 2 2 6 2 6 0 4 6 3 3 3 0 2 2 3 5 0 7 5 4 1 6 7 4 4 6 6 5 7 4 0 5 1 5 6 0 3 1 3 0 2 0 7 7 5 6 5 7 0 0 6 3 0 2 1 2 6
3 6 6 1 1 0 4 2 4 6 5 0 4 5 7 5 4 1 7 3 3 0 1 3 4 3 0 2 0 3 4 3 6 5 6 4 6 3 6 3 2 3 5 0 3 2 5 6 1 2 4 6 3 6 5 1 0 1 4 6 6 0 0 1 3 3 0 7 5 6 0
3 5 3 0 1 2 4 0 5 0 1 3 2 5 3 2 6 4 2 1 2 4 5 5 0 6 5 0 2 7 6 5 3 7 3 4 2 7 4 3 5 5 6 7 0 0 2 0 0 5 3 1 3 2 1 7 1 2 2 5 6 1 2 7 5 0 2 2 2 6 6
3 0 1 6 2 3 2 4 0 0 5 4 6 2 5 2 1 0 1 4 1 0 3 0 5 7 2 2 0 1 4 3 1 5 4 2 5 7 2 4 0 0 2 5 0 4 1 6 1 5 3 1 1 6 2 3 6 6 3 2 5 0 4 6 6 2 0 6 2 4 5
3 1 1 6 0 3 6 3 7 1 2 5 0 0 7 0 4 5 4 2 5 6 4 6 2 3 0 7 4 0 5 3 0 4 0 1 1 7 0 4 6 7 6 0 2 0 6 1 4 7 2 6 6 3 4 6 5 1 3 0 6 7 2 7 6 4 2 2 3 7 3
3 0 5 1 1 4 4 4 1 2 0 2 0 7 1 5 0 4 5 0 0 7 0 4 7 2 7 3 1 0 0 1 1 3 6 7 0 4 1 6 5 5 5 2 2 0 2 2 4 0 2 3 0 6 2 6 7 7 6 3 4 7 6 3 2 7 3 4 0 4 7
3 0 4 1 1 2 2 3 2 0 3 3 3 4 2 7 7 6 6 5 1 6 4 6 0 5 0 6 4 4 1 0 0 6 6 3 3 7 5 3 2 5 2 2 6 2 0 6 3 1 0 3 2 0 3 5 3 0 1 3 0 2 4 5 0 5 0 7 3 3 1
3 7 0 1 3 5 2 3 6 5 3 2 0 5 0 2 6 0 4 2 3 1 6 0 2 4 1 7 1 4 2 7 0 0 6 5 2 6 0 1 4 4 6 4 0 3 6 5 7 2 1 5 6 1 1 6 4 3 2 2 3 0 6 0 2 5 5 2 1 7 0
3 1 1 7 4 3 1 1 1 7 4 1 5 1 1 0 6 1 3 2 1 3 6 4 0 2 1 0 5 3 4 3 6 0 5 0 1 0 7 4 1 7 4 2 6 3 1 7 6 5 5 7 3 2 5 7 6 7 0 2 0 2 2 6 0 4 7 0 6 6 3
3 1 0 1 5 5 2 3 6 0 7 0 4 4 2 4 1 0 7 4 5 1 5 3 4 0 3 2 5 2 2 1 2 2 0 0 4 3 5 2 0 2 3 4 4 6 2 2 3 0 5 1 0 5 2 4 6 0 5 7 5 7 2 6 4 6 1 4 7 4 6
3 2 0 4 1 4 7 4 5 3 2 5 0 3 3 0 6 1 7 4 6 6 4 6 1 7 1 6 7 4 2 0 1 4 0 0 2 6 0 5 3 5 5 4 5 5 0 1 3 5 5 0 2 3 3 6 6 7 5 1 5 4 1 0 2 3 6 7 3 0 3
3 3 4 6 1 1 3 5 1 0 5 2 3 0 2 5 7 6 0 5 0 4 6 5 3 1 0 1 3 5 3 0 5 6 6 3 0 0 6 6 2 4 6 1 0 0 2 2 7 5 0 5 7 5 4 3 0 4 1 1 4 6 6 5 3 4 4 1 4 6 0
3 2 2 6 2 4 6 4 4 5 6 1 2 5 6 7 3 2 0 2 7 0 3 6 2 0 5 0 7 3 3 7 2 4 2 4 4 0 3 2 0 2 4 0 6 5 3 1 6 2 2 4 5 1 1 7 3 1 7 0 4 2 3 6 1 1 6 5 5 1 6
3 7 3 4 4 1 7 3 1 6 1 2 0 3 5 4 1 5 1 0 4 3 3 4 5 2 2 4 4 4 3 7 6 6 7 3 0 4 0 3 3 2 7 2 5 4 4 4 4 1 2 0 6 3 2 6 0 3 3 4 1 6 3 7 5 6 5 3 7 5 0
3 4 6 5 7 2 5 6 1 1 2 1 2 2 3 5 6 4 6 6 5 2 1 2 6 4 4 2 3 2 2 4 0 2 6 1 4 3 5 0 5 0 6 3 0 3 4 2 4 4 1 4 4 6 2 7 4 6 7 7 2 2 5 3 5 0 3 5 2 5 3
3 2 0 5 1 4 5 3 7 2 5 4 6 0 0 3 6 4 0 5 3 2 5 0 3 6 5 0 6 1 0 0 0 6 1 3 4 5 1 3 0 5 7 6 4 2 7 3 2 1 6 5 2 2 5 4 6 2 5 2 6 1 2 0 1 4 2 5 5 2 6
3 1 1 6 5 2 6 1 4 1 5 6 3 4 7 4 3 0 4 0 4 4 2 2 5 0 7 6 6 5 0 2 3 5 5 1 4 2 5 0 2 0 2 7 0 5 1 5 0 6 4 3 6 2 6 4 7 4 5 3 5 5 2 2 1 7 6 4 1 7 0
3 2 5 6 2 3 0 6 4 4 6 6 1 6 1 7 2 1 1 0 0 6 2 3 5 4 5 3 6 4 0 4 1 6 2 6 5 4 1 5 6 4 0 5 6 6 6 1 1 6 5 3 5 2 6 0 3 0 4 0 4 1 6 4 0 3 4 0 1 4 1
3 4 7 4 7 3 5 5 0 5 4 4 5 5 6 3 5 4 4 0 2 6 5 3 2 4 3 6 0 3 2 0 0 5 0 1 2 6 3 4 7 0 4 0 6 5 0 6 6 4 4 1 5 4 3 7 1 1 3 1 4 6 4 0 3 0 1 5 6 4 6
3 2 7 0 5 5 0 3 1 6 1 6 5 5 6 3 5 5 6 4 5 1 6 3 4 4 2 2 3 0 5 4 1 4 0 6 5 5 2 1 4 1 4 7 0 6 1 4 2 4 5 6 6 5 0 2 6 2 6 1 6 0 4 1 4 1 5 2 5 6 3
3 4 6 6 0 1 1 3 6 2 6 0 0 2 6 6 4 6 4 3 2 5 0 7 3 1 2 1 1 4 1 6 2 3 5 3 2 1 0 2 6 4 6 3 5 0 3 0 3 7 2 1 1 5 2 0 4 6 6 0 4 4 5 3 3 0 3 3 4 2 7
3 6 7 3 0 1 6 4 0 2 1 3 3 7 2 0 1 5 5 3 6 0 5 5 1 7 0 0 0 4 4 3 2 3 0 6 7 7 2 1 1 4 6 7 6 7 0 0 2 5 7 0 7 2 5 0 5 0 0 7 1 2 6 0 7 6 3 0 0 0 6
3 7 3 3 7 6 0 0 6 7 5 1 4 2 5 1 2 1 6 3 1 2 2 1 6 6 2 4 4 1 4 6 2 7 4 5 7 2 1 6 1 2 6 4 5 4 1 0 3 0 4 1 2 3 7 0 0 0 6 3 7 5 6 6 1 5 1 3 6 5 0
3 4 0 3 0 0 1 3 2 0 1 5 5 5 1 5 0 6 4 2 6 4 6 0 3 2 1 2 5 0 3 0 2 1 3 5 4 2 4 4 1 3 5 3 4 4 4 0 0 4 4 4 6 1 6 5 4 0 1 7 4 3 0 3 0 6 1 2 2 2 4
3 2 1 3 5 6 6 5 5 5 2 3 1 1 1 3 2 6 2 0 2 3 2 3 2 7 7 1 7 3 5 5 2 4 5 1 0 3 2 4 0 2 0 5 4 0 6 0 6 0 4 5 2 7 1 6 4 1 6 4 7 5 6 5 1 5 5 6 6 5 1
3 6 5 2 0 4 2 1 0 5 6 4 1 4 3 1 3 7 3 5 3 1 5 6 1 1 7 6 3 0 6 4 7 3 1 0 5 6 3 2 1 0 2 1 4 6 3 4 4 2 0 7 0 2 2 4 2 1 6 0 0 2 1 4 4 4 4 3 3 7 2
3 4 2 6 1 4 5 0 2 2 5 4 4 3 1 3 3 4 6 6 2 6 4 3 1 5 3 0 5 7 0 0 2 1 3 4 5 4 0 2 2 3 6 3 6 2 0 4 1 6 5 0 6 6 0 2 4 4 4 5 4 2 6 1 4 3 2 4 2 6 0
3 2 4 4 3 7 3 0 2 2 5 4 5 2 4 2 0 7 4 4 1 6 5 2 7 1 1 6 2 6 6 1 5 6 6 7 1 6 5 4 6 6 1 3 3 1 1 6 2 3 4 1 0 1 5 1 6 6 6 5 6 2 4 1 5 5 0 1 6 1 6
3 0 7 1 4 2 4 1 1 4 6 3 4 3 3 2 6 2 7 3 4 6 0 3 7 7 0 6 5 6 3 2 2 1 6 0 2 2 1 0 0 4 7 7 2 4 6 4 1 3 0 5 3 0 6 4 0 7 6 5 1 4 5 4 7 6 4 1 0 4 3
3 2 4 0 0 3 7 3 6 6 5 1 4 3 3 5 4 4 3 5 3 3 6 6 7 3 4 5 7 0 3 0 6 2 6 7 1 4 3 2 5 5 1 5 4 5 7 0 7 2 2 0 6 4 0 1 6 0 0 7 4 6 0 0 2 7 7 6 2 2 2
3 2 1 3 3 6 0 3 3 6 0 4 0 1 0 0 0 4 4 6 3 2 3 5 2 0 6 2 1 7 7 6 1 6 7 2 0 2 6 0 4 0 1 5 3 1 1 3 1 1 7 5 4 0 1 0 0 3 6 4 3 5 0 0 4 2 2 5 3 5 2
3 5 1 3 5 2 3 0 6 5 6 4 5 1 2 5 2 0 0 1 0 3 4 5 0 1 6 1 5 3 6 6 0 5 0 7 1 5 5 1 0 1 2 3 2 5 5 3 6 4 5 3 2 0 1 3 0 0 7 6 2 1 4 6 5 0 4 6 1 1 5
3 4 5 0 1 3 2 1 5 4 0 6 0 2 0 3 7 4 1 0 0 2 0 2 5 3 4 0 5 5 7 2 1 5 5 5 1 5 3 6 6 6 2 2 6 4 2 5 0 7 4 6 4 6 1 4 0 0 4 5 3 3 5 3 3 1 1 5 5 1 4
3 2 3 6 3 1 5 1 3 2 7 2 4 4 3 2 0 1 2 3 0 1 2 1 0 6 4 3 4 0 1 4 3 0 3 5 2 1 5 5 2 6 4 1 2 1 6 3 6 6 3 4 4 7 1 2 5 3 0 4 7 4 4 4 4 0 1 1 5 4 2
3 0 1 7 0 1 5 1 6 6 4 4 2 4 5 5 0 5 2 3 4 1 0 0 1 6 0 2 3 4 1 4 6 4 6 4 0 5 2 5 3 2 3 3 5 3 4 4 5 3 5 2 0 0 3 0 3 1 3 0 7 2 2 0 2 5 6 4 4 0 6
3 3 1 4 5 3 0 1 3 0 3 1 5 7 0 4 3 0 3 2 2 4 3 2 3 2 2 7 5 0 0 5 1 0 0 0 6 7 7 0 5 3 5 0 0 2 6 2 4 1 6 6 1 2 7 6 0 6 6 2 0 5 6 2 6 1 6 3 0 4 4
3 1 2 5 0 5 0 2 6 1 0 4 5 4 2 3 5 5 6 5 3 7 7 4 3 4 0 3 3 5 2 3 1 7 4 5 0 5 4 2 1 1 2 6 6 6 3 6 0 0 0 0 5 1 1 5 6 0 1 4 6 0 1 1 4 6 5 6 0 2 6
3 7 3 0 3 6 2 0 2 0 5 6 6 1 5 7 6 3 1 6 6 7 7 1 3 1 1 6 3 0 1 4 4 0 5 0 6 2 1 4 4 3 4 1 6 3 5 1 4 1 5 3 0 2 0 1 0 6 4 5 1 0 0 0 1 6 4 6 4 7 0
3 0 7 0 4 2 6 5 6 1 7 5 4 5 4 0 4 1 4 0 0 2 4 4 0 7 0 1 6 4 3 5 3 3 1 2 5 6 0 2 4 2 3 3 5 1 4 7 4 5 2 5 4 7 3 6 2 2 0 7 3 6 0 0 3 1 6 6 6 3 0
3 5 4 6 2 4 6 1 1 3 1 4 1 6 1 0 5 7 2 0 7 0 1 5 5 5 5 2 2 6 0 5 2 5 4 1 4 1 5 4 6 7 0 0 5 6 0 2 2 5 2 4 5 2 4 3 0 3 5 3 2 5 3 5 0 5 4 0 6 3 2
3 1 5 3 0 2 0 0 4 5 0 3 6 3 2 5 0 5 3 6 5 6 7 7 1 4 3 5 6 2 5 4 1 5 3 5 5 4 6 6 4 5 6 6 7 2 2 1 2 6 0 6 5 3 5 7 0 4 0 4 0 4 3 1 4 0 0 5 4 6 4
3 1 1 0 1 5 7 2 3 7 2 3 1 7 0 2 1 7 5 3 6 6 2 0 2 0 2 5 0 3 7 2 6 4 1 1 3 3 4 5 5 5 1 1 1 6 7 5 3 0 6 0 7 0 6 4 0 0 5 2 0 2 1 4 6 5 0 4 5 6 6
3 5 0 5 0 4 2 0 5 6 3 3 0 5 4 0 5 6 2 2 5 4 4 3 1 4 0 0 2 3 0 4 4 2 4 7 2 6 1 2 5 0 0 4 1 2 2 7 4 1 6 6 4 1 4 2 0 0 7 2 3 1 3 6 0 4 6 0 2 4 4
3 2 2 5 5 2 1 3 6 4 4 0 2 6 6 6 5 2 2 4 4 4 6 5 2 3 7 4 4 5 0 4 6 5 0 3 3 5 4 5 3 7 6 3 2 0 0 6 0 4 6 6 6 0 5 2 1 1 3 4 6 3 5 0 3 7 6 5 0 1 7
3 2 2 0 1 4 0 4 6 6 0 0 0 6 5 1 0 2 1 7 3 6 0 2 3 1 6 4 5 7 3 6 6 1 1 2 2 0 4 0 7 3 7 7 3 1 4 1 1 4 4 0 3 3 7 6 6 6 3 4 0 1 2 3 5 4 0 1 2 0 0
3 6 7 3 0 4 1 2 5 5 2 6 2 0 0 2 1 5 6 3 5 1 0 1 2 3 4 1 0 0 2 2 5 2 2 2 4 3 3 7 0 4 2 6 6 4 6 3 6 4 3 4 4 7 4 1 0 6 4 6 0 0 7 4 1 2 0 0 6 4 0
4 0 0 4 5 5 5 6 6 5 0 0 4 0 1 3 6 1 2 6 3 5 1 6 4 3 4 3 5 6 4 1 1 2 3 0 4 3 3 4 4 4 0 2 2 3 6 3 1 1 0 2 3 2 4 4 3 2 0 4 2 3 1 6 2 1 2 0 3 1 4
4 4 0 6 3 4 4 5 0 0 4 3 5 4 2 0 4 6 6 4 1 3 5 4 2 3 0 1 4 6 2 1 3 5 2 4 5 0 0 1 2 3 0 4 6 1 2 5 2 2 1 0 2 3 1 0 2 0 6 1 3 2 5 6 4 5 0 1 3 0 5
4 0 5 0 6 4 2 6 5 2 2 2 4 1 0 1 2 4 3 1 6 4 2 0 0 0 5 3 6 4 5 2 0 5 4 0 3 2 1 1 4 3 2 6 4 4 5 3 2 3 2 5 4 0 1 4 4 0 5 4 2 2 2 5 0 6 3 3 1 5 0
4 1 6 1 0 3 5 0 4 4 0 3 1 3 6 2 1 4 0 2 2 0 4 5 5 0 4 2 5 3 4 0 4 6 6 6 5 4 1 6 6 2 3 4 6 0 3 1 2 5 4 1 0 4 5 3 3 4 3 6 3 0 0 2 3 5 1 1 1 6 2
4 3 4 2 2 0 1 5 4 5 3 2 0 6 4 5 4 4 0 2 3 6 0 2 0 0 4 2 4 1 6 2 6 0 2 2 2 4 4 3 4 3 4 1 4 3 2 4 1 5 0 6 4 0 5 0 3 6 5 4 5 4 1 2 4 6 6 1 3 5 4
4 6 6 2 4 3 0 1 6 5 4 3 4 4 2 0 3 1 4 0 4 4 0 5 5 6 2 6 0 2 6 2 2 2 4 3 3 3 1 4 3 0 5 1 1 2 3 3 4 5 1 4 5 0 3 3 2 5 3 0 4 5 6 5 1 6 5 0 4 1 1
4 6 6 4 0 3 3 0 3 1 0 4 1 6 5 2 3 5 4 6 6 3 4 0 4 2 4 3 4 3 0 0 6 6 0 5 1 5 6 4 3 3 2 0 4 6 2 4 6 6 6 0 1 5 2 5 0 0 3 0 4 4 2 0 1 6 0 2 5 1 4
4 2 0 5 0 1 4 0 0 5 6 3 4 6 6 3 4 6 4 0 0 2 4 0 0 1 4 4 6 1 6 4 4 2 1 3 5 3 1 0 0 5 6 3 5 6 5 3 2 0 3 4 5 2 5 2 4 2 0 5 6 5 4 5 2 2 2 4 1 4 3
4 1 0 1 4 3 0 1 4 0 6 3 5 2 6 1 0 2 6 0 1 1 3 4 3 5 3 6 0 3 2 4 4 5 2 4 3 6 1 6 1 0 3 1 0 0 2 0 0 1 6 1 5 6 2 0 3 3 1 4 1 6 0 2 5 6 4 1 2 4 3
4 6 3 1 0 5 4 5 2 3 0 6 3 6 4 3 3 0 0 4 1 0 0 5 2 2 0 0 3 5 3 4 5 0 0 0 3 6 6 5 0 0 4 5 4 1 1 3 2 0 3 4 5 4 4 6 3 3 6 5 4 2 3 2 6 5 5 5 4 5 5
4 5 2 3 6 4 5 5 3 2 4 0 3 4 3 6 0 3 5 3 3 4 4 4 3 2 4 2 4 2 3 4 4 6 6 5 5 4 3 0 2 3 4 2 0 4 4 4 4 3 2 4 1 5 2 3 5 0 5 0 5 4 3 5 0 5 3 6 1 1 1
4 3 0 2 2 1 0 2 0 5 4 0 0 0 1 3 5 5 2 0 4 0 0 3 3 4 0 4 6 0 0 1 5 0 6 0 5 2 3 6 3 4 1 0 2 4 0 5 5 1 5 6 5 4 2 6 1 1 6 6 3 3 0 2 0 5 2 5 1 4 2
4 5 5 4 5 2 2 6 6 2 5 0 1 0 5 3 2 1 0 3 2 0 1 2 0 0 5 5 3 4 1 4 3 3 6 2 2 6 0 1 3 3 4 1 6 1 3 0 0 2 4 1 6 3 1 3 0 4 1 1 3 4 1 4 2 4 5 3 0 6 6
4 3 6 2 6 1 2 6 4 0 4 1 5 2 0 4 1 0 1 5 4 6 3 0 3 3 1 5 6 5 1 3 3 0 6 2 1 5 0 3 3 4 4 5 1 5 0 6 1 1 2 3 0 0 3 3 4 4 3 2 4 4 1 6 4 1 0 5 0 3 2
4 1 1 5 1 2 4 4 5 2 3 0 2 4 0 0 1 6 3 3 0 1 0 4 5 4 6 3 5 0 0 1 3 3 4 1 4 4 5 1 2 1 2 4 4 5 0 3 6 2 4 3 2 6 6 4 0 4 4 4 4 3 1 5 0 5 4 3 5 6 3
4 4 4 0 3 1 2 3 1 6 6 0 6 4 4 1 0 0 6 1 4 6 2 3 1 3 6 6 2 0 2 3 6 5 1 2 1 2 1 4 3 5 5 1 6 5 1 2 4 1 2 5 3 0 3 1 4 4 0 3 3 6 6 5 5 1 5 3 3 2 4
4 2 0 3 3 4 2 5 5 5 2 2 5 1 3 4 4 0 5 4 5 0 4 5 3 0 4 6 2 3 3 1 4 0 1 1 3 1 2 2 4 4 6 1 5 1 1 0 5 0 0 2 0 4 6 5 1 5 4 0 1 6 3 6 5 2 2 6 0 5 3
4 1 2 2 1 5 6 0 4 5 2 5 1 1 5 0 6 0 0 6 0 2 2 0 6 3 6 4 3 6 6 5 2 4 5 5 5 4 3 6 3 2 2 6 4 3 4 6 4 1 2 2 4 5 4 4 2 6 5 1 5 0 1 5 2 3 0 2 4 6 1
4 5 0 2 2 0 1 5 4 6 5 2 5 2 2 2 2 4 3 0 1 5 0 2 4 6 1 2 5 1 5 3 4 0 2 1 2 0 5 0 4 5 0 4 5 3 1 0 6 4 6 2 6 1 3 4 3 3 6 5 2 0 3 4 5 3 0 1 1 4 5
4 0 4 4 0 1 2 4 5 1 6 5 2 0 1 4 4 5 2 5 0 1 3 4 3 0 2 5 2 1 5 2 5 6 2 6 1 6 2 4 6 4 0 6 2 4 2 2 6 6 0 5 2 4 3 2 2 0 3 6 3 5 0 3 3 6 2 6 0 0 0
4 4 3 6 6 1 5 5 5 0 6 3 5 0 3 1 2 2 4 1 2 0 4 2 0 3 1 1 5 4 4 5 2 4 5 1 6 2 3 3 2 2 0 5 4 0 3 4 5 2 4 5 4 1 5 1 3 6 1 2 3 0 6 4 4 3 4 2 6 1 0
4 5 6 2 6 3 5 0 3 2 1 1 6 1 3 2 4 6 2 4 0 1 0 4 1 2 6 0 5 5 3 4 2 3 4 4 1 1 1 5 4 6 0 5 6 2 3 3 3 6 2 5 0 4 2 4 6 3 1 0 3 1 2 5 1 0 5 3 5 3 6
4 6 2 6 1 3 3 1 1 6 6 6 5 4 1 3 0 3 3 0 5 5 0 0 1 4 6 2 5 4 4 3 6 1 4 0 5 0 3 1 0 3 0 3 1 5 1 1 1 0 6 2 0 6 1 0 0 1 5 2 4 2 4 1 5 2 3 1 4 0 0
4 6 3 4 3 1 3 0 4 4 0 2 5 0 2 0 0 5 4 2 0 0 6 5 0 3 5 2 4 3 3 4 4 3 3 1 4 0 1 2 5 5 0 0 3 1 5 2 6 0 4 3 3 0 0 3 2 2 1 5 1 0 5 1 1 5 1 1 5 4 0
4 1 0 5 3 2 4 6 6 1 1 3 2 2 5 2 0 0 2 0 2 1 4 3 0 0 0 5 3 3 0 2 5 0 6 5 3 2 1 0 5 1 5 0 0 3 3 6 4 5 2 1 4 3 5 0 3 3 3 5 5 5 0 2 2 3 2 2 3 3 0
4 2 0 2 0 0 6 3 2 5 3 3 5 4 6 3 2 4 3 5 0 1 2 5 4 4 0 5 4 1 1 6 5 1 0 5 1 1 1 5 5 6 3 0 3 4 0 4 0 0 5 5 4 6 2 6 0 1 3 1 2 4 2 3 6 2 2 3 5 0 4
4 0 6 4 3 6 6 5 1 4 3 2 4 5 2 0 6 3 2 1 4 0 0 1 4 2 5 0 2 3 0 0 2 0 1 0 2 5 6 0 2 2 0 4 4 4 4 1 4 2 2 2 1 0 0 2 1 1 2 4 4 1 1 6 2 2 3 1 0 2 4
4 4 3 2 0 0 1 2 3 0 2 0 2 3 3 1 3 5 2 4 1 0 4 1 4 5 4 3 0 1 2 5 4 1 4 3 2 2 0 0 3 5 6 2 0 6 0 5 1 3 4 3 6 0 1 1 1 1 4 5 1 0 1 5 5 3 0 3 0 1 5
4 0 1 6 2 1 4 1 2 2 6 1 3 1 0 0 3 2 1 3 1 1 2 0 5 1 0 3 1 0 3 6 5 1 2 0 2 3 2 2 5 3 5 6 5 3 5 3 6 1 5 6 5 3 3 1 2 3 4 0 4 4 6 0 1 3 3 5 2 5 3
4 2 5 5 2 5 5 3 4 1 1 3 5 6 3 3 0 3 2 1 3 0 1 3 0 1 2 3 5 4 0 4 2 1 1 0 4 2 3 2 6 2 0 6 0 0 2 0 0 6 4 6 0 3 5 2 0 0 0 3 4 0 0 0 3 2 4 2 0 3 3
4 4 3 5 4 6 5 2 1 1 1 3 4 0 0 4 6 2 6 3 1 1 1 5 5 0 1 6 5 0 4 0 2 1 5 0 4 6 2 4 4 5 6 4 0 5 1 4 2 0 1 6 3 0 4 4 4 4 2 0 0 2 2 4 4 4 6 1 0 2 0
4 2 4 3 0 4 4 1 5 3 2 4 1 0 4 2 0 4 1 1 4 2 2 5 2 3 6 4 4 4 5 6 0 0 0 6 0 2 6 2 5 5 3 1 5 3 3 6 4 3 5 6 6 2 2 6 5 1 1 2 3 4 4 5 1 5 3 2 3 2 0
4 5 2 0 5 2 5 6 2 1 5 2 4 5 5 2 6 4 1 5 5 5 1 4 4 5 5 3 5 6 4 3 2 0 0 5 2 3 1 6 4 6 2 3 0 5 1 5 5 1 1 0 3 4 3 5 4 5 6 1 5 1 2 0 1 4 0 5 5 0 3
4 2 4 1 1 4 0 5 3 5 3 0 4 6 6 2 5 3 3 1 1 6 2 6 2 6 5 0 4 4 2 0 6 0 0 4 1 3 0 5 2 0 4 0 0 1 2 0 0 4 2 6 0 0 0 6 1 4 2 4 3 5 6 0 5 3 0 2 2 6 0
4 4 0 0 3 3 5 2 6 2 4 1 6 3 5 5 2 2 1 4 4 1 0 3 5 3 4 4 4 3 5 2 0 2 3 0 1 0 5 4 0 3 0 1 4 5 6 3 5 3 4 6 0 5 3 0 4 0 6 3 0 5 6 1 3 2 6 5 3 6 2
4 5 0 3 0 0 3 5 4 0 5 6 1 1 0 1 0 1 1 5 0 6 1 4 6 4 4 2 3 3 4 4 2 3 1 3 0 2 4 3 3 1 2 1 5 0 6 0 1 0 2 1 6 2 1 3 3 4 2 3 4 2 5 1 1 0 3 4 0 1 1
4 3 2 3 1 2 3 1 3 2 5 0 2 0 1 3 3 2 5 2 2 3 5 0 4 6 2 1 4 3 6 1 2 4 3 4 6 0 6 5 1 1 4 1 1 6 2 3 0 4 2 0 4 4 6 1 1 3 1 1 4 6 1 3 1 2 1 4 0 2 4
4 6 3 3 4 4 2 1 1 4 0 6 2 2 4 1 2 2 0 0 1 2 5 3 6 5 0 3 1 3 6 0 0 4 0 1 0 4 0 3 3 2 5 0 4 6 0 6 0 5 6 1 1 0 5 0 4 6 1 0 6 1 4 3 0 4 6 6 2 2 4
4 0 1 5 4 5 5 2 0 0 0 2 3 6 4 0 0 6 6 3 1 4 0 3 4 4 2 5 2 2 0 5 3 5 3 2 0 6 6 0 5 3 1 4 1 5 2 2 2 3 0 5 1 3 2 5 4 5 2 1 1 0 3 5 0 0 3 2 1 3 4
4 2 1 0 0 5 6 0 2 1 2 1 3 6 1 3 5 5 2 3 4 2 0 5 4 2 3 4 3 2 3 2 1 1 5 3 5 3 4 3 0 2 4 6 4 1 1 0 3 2 0 3 3 1 1 4 2 3 3 5 2 0 1 5 6 0 2 2 4 2 5
4 0 3 1 5 1 2 1 2 5 0 4 2 6 2 3 0 0 6 2 2 5 0 1 1 3 0 0 4 3 3 2 4 2 4 2 0 5 1 5 0 0 4 2 2 0 5 6 3 0 2 1 5 0 3 6 3 3 4 2 3 0 5 4 4 4 3 0 3 3 6
4 5 6 4 3 3 1 0 0 4 3 0 2 3 0 5 4 0 0 1 6 3 2 2 2 0 1 4 4 6 2 3 1 5 2 6 0 0 5 0 6 3 0 4 1 0 0 3 0 3 0 3 5 5 2 4 5 3 2 2 0 5 4 3 4 0 1 3 5 4 3
4 0 1 3 3 2 2 3 1 3 5 1 1 5 3 2 1 3 4 6 1 6 0 4 5 4 2 3 5 3 1 0 1 4 6 1 5 2 2 5 1 5 1 0 0 3 4 5 2 3 2 3 4 6 5 5 6 1 0 4 5 4 6 4 1 4 2 0 1 0 4
4 2 4 6 2 6 2 1 4 0 4 0 2 5 4 1 0 1 0 1 5 5 0 6 5 1 3 1 4 3 2 1 1 6 0 2 4 3 5 4 6 2 0 4 0 6 3 6 2 0 4 5 3 2 6 5 6 0 3 3 3 5 3 2 6 2 3 0 3 0 0
4 0 2 4 0 2 5 4 5 0 5 5 4 5 0 4 3 1 0 4 2 5 1 3 3 0 3 0 5 2 4 5 3 0 0 2 6 3 0 5 1 0 1 4 0 0 2 1 0 2 1 3 3 1 1 5 0 3 0 3 2 4 4 0 3 2 2 0 2 2 3
4 1 3 4 6 2 4 6 2 6 6 6 2 0 6 2 4 2 3 1 2 1 3 0 1 4 2 2 5 4 4 5 1 2 6 4 2 6 1 5 3 3 3 5 6 4 0 6 1 0 5 5 5 4 2 6 3 6 0 1 2 2 0 4 1 0 6 0 3 2 5
4 1 0 6 4 4 6 2 0 4 3 5 4 0 3 3 2 1 2 2 5 5 3 5 2 6 4 6 2 4 5 1 4 5 3 5 1 1 0 6 2 6 0 2 6 3 6 0 1 0 0 1 5 3 1 3 0 0 6 3 5 3 0 2 0 0 0 0 3 1 5
4 1 3 2 1 3 0 2 1 0 2 2 0 1 3 3 3 1 1 0 1 3 4 4 5 0 0 3 0 4 1 5 0 2 1 1 5 2 1 6 6 0 6 0 0 3 5 4 0 6 6 0 3 0 4 4 2 3 0 2 1 5 0 0 6 6 1 4 2 0 6
4 3 3 4 3 3 2 4 2 0 6 6 5 0 0 5 0 6 1 0 1 1 3 4 2 0 0 2 3 0 5 2 3 1 5 4 6 4 1 3 3 0 4 4 5 5 4 2 3 0 1 1 5 6 2 0 0 2 0 6 5 2 3 0 1 1 1 4 2 5 0
4 4 2 3 0 2 3 1 1 5 4 5 3 0 2 3 6 1 2 0 6 0 2 1 1 4 5 6 1 1 5 4 2 6 3 6 2 3 2 4 0 4 6 5 0 0 6 1 2 2 0 1 1 2 4 0 5 2 3 3 3 3 3 3 4 4 3 3 2 1 2
4 0 5 5 0 0 5 3 2 6 4 2 0 6 2 5 2 0 2 3 5 4 6 5 3 3 0 0 2 4 3 4 0 4 1 5 2 5 3 2 3 6 2 0 1 5 0 1 3 3 6 0 2 0 1 6 1 4 6 0 1 0 4 1 0 6 0 4 3 0 6
4 1 3 4 3 6 3 3 5 1 1 3 5 5 5 2 4 4 5 3 3 4 1 1 6 0 4 1 0 5 4 5 5 2 0 2 5 2 4 4 0 5 0 0 2 3 4 5 1 4 1 3 0 4 5 3 1 6 6 3 4 1 0 0 2 3 2 1 0 0 3
4 4 1 0 5 0 5 1 2 5 1 1 6 5 1 0 0 0 0 2 2 1 1 4 5 2 1 4 4 6 5 3 0 1 5 2 2 1 2 2 6 4 6 3 4 1 4 1 2 2 3 0 5 0 2 1 0 4 5 5 4 1 6 6 3 3 2 6 3 1 5
4 2 3 4 0 3 0 2 5 6 5 2 4 0 5 1 6 2 0 4 2 3 1 4 4 1 2 4 1 2 0 5 3 0 4 4 5 3 1 4 0 5 1 5 3 2 4 2 2 2 0 4 2 4 0 6 0 2 1 5 5 2 0 3 3 5 2 4 3 6 4
4 5 1 2 3 0 2 1 3 1 2 5 2 1 1 4 0 4 5 0 5 6 1 2 2 4 1 5 5 4 3 0 6 2 0 1 2 0 3 2 3 2 5 2 1 3 6 5 1 6 4 3 1 2 1 0 0 5 2 4 5 3 5 4 3 3 3 3 1 5 2
4 3 0 4 2 0 5 1 4 5 3 5 0 5 5 3 6 2 0 0 2 1 0 5 1 4 4 2 2 5 2 4 1 5 3 0 4 0 4 0 4 5 2 5 3 3 5 2 0 3 1 3 5 2 3 1 0 0 3 0 5 2 3 5 3 2 6 4 3 0 2
4 2 5 0 0 1 5 4 0 4 2 5 5 0 5 0 6 1 4 5 4 6 1 5 1 4 6 2 4 5 6 6 5 5 1 1 1 4 3 2 5 4 1 1 5 0 4 3 2 1 0 3 5 4 4 1 5 0 1 0 1 0 6 5 6 3 6 1 5 4 3
4 6 4 1 0 3 3 0 2 5 5 3 3 2 3 6 5 5 1 4 1 5 5 5 1 6 1 0 4 2 1 0 0 6 4 3 2 3 1 1 3 0 2 2 5 6 3 5 6 2 0 3 2 6 0 4 1 2 0 4 3 1 1 6 1 6 6 6 0 0 4
4 6 1 1 6 0 4 1 4 4 1 0 5 6 0 3 0 4 4 5 3 2 5 4 0 4 5 4 4 3 2 0 2 6 2 4 4 4 3 6 1 3 2 0 0 2 0 5 6 4 3 5 0 4 6 6 3 6 5 0 6 1 3 3 2 2 0 6 5 5 1
4 2 3 2 6 0 5 3 3 2 3 0 3 6 4 0 1 0 4 3 5 1 1 3 3 6 0 6 1 1 0 3 0 4 5 0 6 1 5 0 5 6 5 4 3 5 2 1 2 1 2 4 3 2 5 0 0 2 6 0 0 1 6 4 2 0 1 2 1 2 3
4 5 2 5 0 0 0 5 4 6 5 5 1 3 0 5 4 2 0 0 1 6 4 6 2 4 6 2 3 5 1 0 1 4 2 0 1 5 0 3 0 4 3 0 3 4 4 2 3 5 0 0 0 1 4 0 0 2 3 6 4 0 4 2 4 2 1 4 4 4 4
4 2 5 0 3 1 0 6 3 2 3 4 0 3 1 2 4 3 3 2 0 0 4 0 0 0 3 3 6 3 1 2 5 6 1 2 3 1 4 2 3 0 0 4 0 3 4 1 0 5 4 4 3 3 1 5 6 2 4 2 3 5 0 5 0 6 1 0 5 1 1
4 0 0 1 4 4 2 2 4 4 4 2 3 3 0 4 2 2 0 4 2 2 1 2 1 1 5 0 4 3 4 4 0 0 5 2 0 4 0 3 4 3 2 2 4 4 4 2 1 4 1 5 3 0 0 3 2 1 6 4 4 5 3 0 1 2 6 1 0 4 4
4 6 2 1 4 1 1 5 5 5 3 1 3 6 0 3 4 6 3 0 5 5 5 3 3 1 1 4 3 5 6 0 6 5 1 2 5 6 4 0 1 0 5 2 4 1 6 6 0 3 3 3 5 0 5 3 6 4 1 6 1 2 5 3 0 6 4 3 0 5 3
4 1 0 0 6 0 1 3 2 0 2 5 2 5 4 2 1 0 4 1 5 4 4 1 2 2 1 5 4 0 1 4 1 3 0 6 1 6 1 6 3 0 0 0 5 6 2 6 4 1 0 2 0 0 2 4 1 2 4 5 4 0 5 0 1 0 2 4 3 5 1
4 5 2 4 0 2 4 0 2 3 0 1 0 5 0 1 6 3 0 0 4 3 3 0 3 3 1 0 4 2 1 4 3 2 1 5 1 0 1 4 6 5 5 2 1 3 3 0 5 4 3 3 3 4 2 5 3 2 4 4 5 5 2 3 0 3 0 0 4 3 1
4 3 1 3 6 4 0 2 2 0 2 3 3 1 2 2 1 3 5 5 0 5 2 2 3 1 2 6 3 4 0 0 4 6 4 1 0 3 1 5 0 2 2 4 1 4 0 4 0 6 6 4 1 1 5 4 4 0 3 4 2 4 4 4 6 5 6 0 6 2 2
4 4 1 0 4 6 2 1 3 2 4 0 4 3 4 4 2 0 2 2 0 2 2 5 0 3 4 5 2 3 3 4 2 5 6 1 5 2 5 1 1 3 1 2 4 4 2 0 1 6 4 2 2 3 1 5 1 1 2 4 3 4 0 6 0 4 3 2 0 4 6
4 5 3 0 4 4 3 5 3 4 4 6 3 0 0 4 0 5 3 4 4 3 0 6 2 4 5 1 0 5 4 0 1 2 3 1 1 3 3 3 3 1 5 3 5 2 4 5 4 3 6 1 0 1 3 1 2 5 3 1 5 5 1 3 3 4 0 1 2 0 2
4 4 3 5 3 4 0 2 1 2 5 2 6 0 5 6 3 5 0 0 5 4 6 0 4 5 3 6 4 5 4 0 2 3 5 2 2 5 6 4 6 5 4 1 4 0 2 2 6 3 4 1 2 0 4 1 1 0 5 5 6 3 4 3 3 1 5 0 3 0 0
5 0 4 8 0 3 5 5 3 3 9 3 9 9 9 8 2 0 2 7 3 0 2 8 6 5 4 2 8 9 4 7 3 7 8 1 1 3 3 0 6 7 3 2 6 7 8 1 8 2 5 3 1 3 3 5 2 2 6 9 7 5 9 8 0 6 9 8 7 0 5
5 1 0 1 8 8 8 1 8 3 3 2 2 4 1 4 1 0 1 6 8 0 2 3 8 2 4 9 5 4 2 3 8 1 5 5 3 4 6 4 2 5 3 3 5 9 7 4 1 0 2 4 4 5 4 1 6 4 4 6 8 4 2 4 0 4 1 0 4 1 6
5 0 2 0 6 5 3 8 6 1 7 6 5 7 3 1 2 6 8 7 1 6 4 7 6 1 4 4 1 5 7 2 3 8 1 1 7 8 0 8 5 7 3 8 3 8 7 2 9 0 9 6 7 3 0 2 8 1 7 2 2 2 6 0 4 4 8 9 0 1 8
5 7 1 1 0 1 8 8 4 0 2 0 3 2 8 3 4 1 7 8 5 0 0 6 4 7 1 4 5 7 1 7 8 7 7 6 6 6 4 5 7 1 5 8 3 5 3 0 5 6 6 3 1 5 7 4 5 3 4 1 1 1 2 9 0 4 5 1 6 0 1
5 0 1 0 7 0 6 7 5 2 3 1 1 6 5 3 0 4 1 4 6 6 0 2 1 9 8 5 3 8 9 2 2 1 3 4 3 0 1 1 9 7 2 0 0 4 7 9 6 7 4 6 8 5 7 3 4 4 1 1 7 3 3 7 6 1 5 3 2 8 0
5 6 8 0 9 3 0 4 6 8 7 3 7 7 3 6 0 4 7 7 0 0 6 5 7 7 0 3 4 9 6 2 1 5 4 0 3 6 3 7 2 6 5 2 0 7 0 1 2 0 4 1 7 5 9 7 4 8 3 8 2 4 7 7 7 6 3 8 0 4 1
5 3 3 1 4 7 0 0 7 9 8 2 5 7 9 9 4 8 3 6 5 3 1 4 2 6 3 6 7 4 9 3 1 2 2 3 9 9 6 4 4 8 4 1 6 0 7 8 1 8 0 3 5 8 0 8 1 5 3 7 7 4 1 1 8 4 4 0 1 7 9
5 0 6 7 7 6 4 5 0 8 0 6 9 3 6 7 0 1 8 2 0 3 0 5 9 2 4 7 1 7 5 2 2 4 2 1 6 7 7 5 8 1 2 3 4 3 2 3 3 8 6 0 5 0 9 6 3 2 6 8 7 8 2 5 4 6 3 4 3 6 4
5 6 9 3 4 8 2 4 1 0 4 0 1 9 9 6 2 3 2 8 1 2 6 5 6 0 2 6 7 4 6 1 4 7 3 5 1 2 4 7 9 3 4 6 6 9 9 5 3 6 3 2 0 7 3 2 8 5 2 0 4 6 8 0 1 5 7 2 0 8 5
5 4 8 6 1 5 5 7 2 9 0 2 0 5 3 2 0 1 7 4 4 1 2 0 3 2 0 3 1 7 5 3 0 2 2 0 3 7 4 2 6 5 8 1 8 6 5 5 7 6 3 4 0 3 4 5 7 3 5 8 8 8 3 4 6 7 9 6 2 2 1
5 8 7 2 8 8 2 6 5 7 2 0 3 8 9 5 8 8 7 5 3 1 6 2 3 8 5 3 5 6 3 6 7 5 0 5 0 0 8 7 5 2 1 8 1 1 6 5 8 6 3 0 3 8 7 8 2 3 2 3 1 4 6 0 2 2 4 0 0 8 3
5 7 8 3 2 5 4 2 6 7 4 6 0 8 7 8 7 6 4 3 5 5 7 8 8 2 7 4 2 5 8 5 6 5 7 0 7 4 2 3 3 0 5 2 6 7 4 4 7 1 1 0 6 4 2 0 4 8 6 7 5 8 8 1 6 4 3 4 4 1 8
5 4 1 1 3 5 7 4 7 3 3 6 8 0 3 1 5 1 8 4 2 7 4 0 6 8 4 2 0 8 8 8 1 7 3 8 4 5 6 3 5 8 3 3 6 7 4 1 2 3 2 2 8 2 7 4 4 1 5 8 6 3 6 5 4 7 0 1 8 7 1
5 6 1 3 4 5 1 9 0 5 4 4 5 9 0 5 0 0 4 7 0 2 7 7 9 7 7 1 1 9 8 3 1 6 7 6 0 6 4 4 8 8 2 7 4 9 1 1 5 8 3 5 0 5 4 8 9 4 4 6 8 8 5 8 0 1 3 8 1 0 2
5 7 3 4 2 0 2 8 8 1 1 3 5 5 8 0 6 9 9 8 7 9 8 5 5 6 0 0 6 5 9 4 9 5 6 9 4 7 5 1 4 9 2 2 5 2 2 5 4 8 2 8 9 2 3 5 1 7 2 7 1 1 8 4 1 5 1 1 4 6 2
5 1 2 6 8 4 1 2 7 7 6 5 8 2 2 2 0 5 6 1 3 5 0 2 7 5 0 2 6 1 4 6 9 2 5 0 2 4 5 6 1 9 4 4 0 4 7 9 7 1 5 8 7 9 6 5 6 5 6 3 3 8 5 5 6 1 4 6 1 3 3
5 0 8 7 0 0 2 2 3 5 8 6 2 7 5 9 6 0 5 8 1 3 0 0 0 6 2 8 4 4 5 5 5 3 6 7 1 0 8 3 8 1 1 2 4 6 1 0 2 2 4 0 3 5 9 5 3 2 4 2 0 6 3 6 4 4 5 6 2 4 1
5 6 2 6 7 2 3 3 8 3 6 0 2 5 9 3 4 5 0 1 7 5 8 0 0 7 8 0 6 5 2 6 1 8 5 1 4 0 7 1 3 4 5 7 7 1 5 1 3 4 4 2 2 0 0 8 2 2 7 7 9 3 7 7 0 6 7 2 2 2 0
5 8 0 3 4 2 8 8 7 3 4 1 4 4 2 2 8 4 7 0 6 6 6 7 6 0 9 1 6 5 8 5 1 5 1 1 8 2 6 3 6 8 6 7 3 7 8 5 4 7 6 0 1 6 3 4 4 1 9 4 4 1 2 2 3 0 0 3 2 3 6
5 7 6 8 1 9 4 3 6 0 7 4 8 6 5 6 2 6 0 0 0 8 3 0 7 2 4 0 1 3 4 9 8 5 7 6 0 3 0 1 0 4 1 2 3 5 3 0 2 6 0 5 6 9 0 7 5 6 2 0 5 5 7 4 2 9 8 6 8 2 3
5 4 9 9 7 4 7 7 3 6 7 6 7 4 5 2 1 6 6 2 5 0 0 0 8 4 3 3 8 6 8 5 0 4 5 6 9 0 3 5 6 8 4 3 6 1 8 4 5 3 0 4 0 3 6 6 6 6 2 5 3 9 5 8 0 7 1 3 8 8 3
5 7 4 2 8 3 0 2 5 7 5 2 1 7 2 6 5 4 7 3 3 5 0 6 8 4 5 4 8 1 8 6 8 7 4 9 6 6 6 1 7 7 3 1 4 3 4 3 7 5 8 7 4 1 2 1 2 4 5 9 3 1 5 3 9 7 5 3 8 0 3
5 0 5 4 4 2 8 3 1 0 0 7 8 6 6 7 7 4 8 1 6 6 8 0 9 2 8 2 7 5 1 0 3 1 6 3 5 1 7 5 4 3 3 1 2 7 9 3 7 4 6 8 5 1 3 5 5 9 7 0 7 5 6 3 5 6 7 7 7 0 5
5 5 1 8 1 7 3 2 8 7 4 2 4 5 8 7 3 1 8 8 2 4 6 0 0 1 2 5 5 7 8 7 6 1 4 7 1 4 4 1 6 4 8 8 6 5 1 2 8 5 3 7 6 1 5 2 4 3 1 9 9 7 5 9 5 3 1 3 5 1 0
5 5 7 3 1 0 1 4 9 1 7 4 4 3 5 5 8 6 3 4 6 3 2 5 8 0 3 5 0 8 6 3 6 4 3 9 5 5 4 6 2 4 4 2 0 8 9 3 4 3 0 0 2 6 8 3 8 5 6 6 5 4 0 8 4 6 3 1 2 4 8
5 0 3 8 8 3 0 4 5 7 8 2 7 1 5 8 5 4 5 5 0 4 8 1 1 5 0 0 0 5 3 9 6 4 2 5 5 8 6 2 1 6 1 4 7 0 1 8 7 4 7 3 2 4 7 7 1 1 2 1 3 5 0 6 9 1 8 8 6 8 2
5 4 1 4 5 0 4 4 0 6 3 8 6 3 2 4 3 1 2 2 3 7 4 1 8 1 5 0 7 5 2 6 6 7 6 1 4 2 2 3 8 1 2 6 0 8 8 4 0 9 3 6 8 1 3 0 8 5 7 5 8 3 6 5 1 9 8 8 5 1 7
5 2 7 0 2 4 4 4 2 5 9 8 9 7 5 9 5 5 4 0 8 7 1 7 6 4 7 2 0 5 5 3 6 3 8 3 0 8 7 5 5 8 3 2 4 0 0 0 3 4 1 0 2 6 3 4 3 6 3 6 5 9 6 2 7 1 8 0 2 0 3
5 1 2 0 5 8 1 7 1 0 3 6 1 3 6 3 3 9 6 6 6 2 2 4 4 1 1 3 3 0 4 0 2 7 3 2 6 8 8 2 1 7 4 1 1 8 4 1 6 2 8 7 2 5 0 5 2 8 9 8 2 0 2 6 6 0 9 4 2 4 3
5 4 2 7 6 0 2 6 7 7 4 8 3 8 2 2 1 2 7 0 7 6 5 8 2 7 1 2 2 7 0 1 2 4 0 2 7 8 3 4 0 7 3 9 6 0 3 2 0 4 3 2 5 8 3 5 6 1 6 7 0 0 7 3 8 2 3 4 4 8 6
5 0 0 4 2 3 4 7 4 6 4 3 8 7 2 8 4 8 0 0 6 0 5 8 7 6 4 9 8 0 6 0 6 3 7 6 4 2 5 8 7 2 2 0 4 6 5 2 4 2 8 4 5 0 5 7 7 5 5 7 7 6 5 5 5 4 4 3 6 5 0
5 2 9 1 5 4 1 9 7 4 7 1 1 7 5 0 1 4 2 0 0 5 7 8 9 8 2 6 0 9 2 7 0 4 2 5 2 8 4 6 4 1 9 5 2 6 4 8 5 4 6 5 9 0 6 4 8 0 6 1 8 8 6 8 8 4 6 9 2 0 1
5 3 5 7 0 2 2 3 1 4 2 3 8 8 1 6 5 0 1 2 7 3 7 4 5 0 3 7 9 1 0 8 6 0 6 7 6 0 4 5 8 5 1 4 0 4 3 7 7 3 5 0 8 9 6 0 7 2 3 2 6 8 5 6 3 2 3 0 3 0 9
5 2 3 6 6 7 0 8 0 3 5 5 3 8 9 0 6 1 0 8 8 3 7 3 4 5 3 1 1 4 8 3 6 5 0 9 1 4 4 4 3 8 6 8 8 4 7 8 1 4 1 7 2 1 1 0 3 6 8 6 3 9 0 7 6 0 0 5 9 1 9
5 0 1 7 0 9 3 0 8 9 1 0 2 7 1 9 3 8 7 9 7 6 4 0 8 0 6 4 6 7 4 4 2 0 5 0 5 8 5 1 4 3 5 6 4 1 3 7 4 5 2 8 7 0 5 9 9 8 0 3 5 2 7 7 0 2 0 0 3 4 7
5 5 0 1 0 8 8 8 0 9 5 1 3 4 9 8 8 1 5 8 0 5 5 8 5 4 4 9 4 1 0 4 6 8 0 3 0 5 0 2 6 6 5 1 1 3 9 5 9 3 1 2 5 1 5 1 4 4 6 6 9 0 4 1 3 5 8 3 1 7 2
5 5 2 9 8 0 1 2 1 2 4 3 9 8 9 9 1 8 0 5 0 4 5 1 0 4 6 3 7 2 0 7 4 0 4 8 5 0 1 1 3 0 4 4 8 7 9 3 0 0 0 9 1 5 2 5 7 5 5 8 7 4 1 6 3 7 5 7 8 0 8
5 8 4 2 6 4 0 0 6 6 3 7 8 7 8 1 7 0 2 1 3 4 5 1 7 2 6 0 4 3 0 1 3 5 8 0 3 7 0 2 8 6 2 3 7 2 2 2 9 1 5 1 2 0 7 4 5 3 9 5 5 1 4 2 3 3 2 8 5 0 6
5 9 5 6 3 5 4 0 3 1 9 8 5 4 6 9 8 3 2 0 4 4 2 1 5 2 4 8 3 2 5 8 6 1 2 0 9 2 2 0 9 3 1 2 0 6 8 4 3 5 8 1 3 1 1 3 2 0 7 7 7 2 7 9 0 8 8 3 5 8 2
5 9 2 0 0 4 8 3 2 8 3 0 2 5 7 7 5 7 7 9 8 7 8 1 8 0 1 7 4 0 5 4 2 9 1 2 6 8 0 7 0 7 0 2 4 7 0 5 8 7 7 7 0 8 1 0 1 6 0 7 9 4 4 7 7 0 7 0 6 7 8
5 0 1 3 6 0 7 0 6 0 0 8 6 6 1 0 4 7 5 6 0 8 3 7 6 4 0 3 0 2 1 0 9 5 3 6 0 7 2 0 1 0 5 5 4 2 7 3 1 3 3 8 4 7 2 1 7 3 7 1 4 7 0 7 4 5 2 9 1 0 5
5 4 7 1 3 7 3 6 6 6 8 4 6 2 6 0 8 1 5 5 5 0 3 2 5 2 6 3 0 6 8 1 3 4 8 9 7 6 4 2 3 0 0 9 2 4 7 7 8 5 3 7 3 2 2 3 7 2 3 7 7 8 5 8 9 2 8 8 7 6 2
5 0 1 6 1 1 3 2 1 0 5 7 8 5 3 1 1 5 6 6 9 4 4 0 6 8 2 2 4 5 4 6 6 7 1 8 6 9 6 6 2 2 2 0 0 4 0 0 6 3 9 0 7 5 0 4 6 0 5 5 3 1 3 6 2 4 0 1 3 3 1
5 1 4 1 0 3 2 4 5 1 3 0 1 8 6 3 2 5 8 4 8 7 7 2 8 3 8 2 2 4 0 8 3 5 5 4 4 8 3 8 8 1 6 7 0 0 7 3 3 1 7 5 3 7 4 6 5 6 5 1 5 9 3 4 4 0 4 4 5 1 1
5 0 4 8 0 0 5 5 8 1 8 7 0 4 6 7 8 1 4 9 1 3 8 3 3 7 8 7 1 5 1 7 1 6 7 8 5 5 8 1 8 8 4 7 8 0 2 6 6 2 0 7 5 3 3 5 9 5 2 7 8 4 7 4 6 5 0 2 6 5 4
5 5 4 1 3 0 1 5 4 6 2 2 2 2 3 2 3 7 5 7 4 6 3 6 4 9 3 3 4 4 1 6 2 4 7 4 4 0 0 1 4 7 5 1 1 2 0 3 1 3 1 2 5 4 1 6 4 4 9 7 4 6 0 7 8 0 2 5 8 2 5
5 5 7 0 8 3 1 8 3 4 2 1 0 7 2 3 8 5 5 0 4 0 6 8 3 6 4 7 0 8 9 3 3 8 4 1 1 6 2 3 5 9 0 6 9 8 2 0 2 8 1 0 0 1 6 9 3 8 6 2 0 7 2 6 0 5 4 7 6 5 1
5 8 1 3 1 1 8 3 6 3 8 5 8 3 3 4 3 4 7 6 2 8 5 3 1 4 2 7 3 2 9 8 2 9 0 6 9 4 3 3 7 8 7 0 0 8 7 7 0 8 9 9 2 5 2 8 2 0 6 9 1 1 0 7 6 1 5 5 8 0 2
5 6 8 3 3 5 0 1 0 9 4 7 9 5 8 6 4 5 4 2 2 6 1 8 2 4 0 3 4 6 9 9 3 3 5 3 4 6 2 7 3 2 0 4 0 9 5 4 8 0 5 5 7 7 4 5 1 6 6 2 6 8 3 2 4 6 2 6 0 0 5
5 0 6 5 4 8 1 1 5 0 2 1 5 6 9 2 1 4 0 7 2 3 5 7 7 8 5 3 0 5 1 8 5 7 4 4 2 9 7 3 8 0 8 5 4 2 8 4 9 6 0 3 3 4 1 7 8 4 5 0 9 4 2 2 7 3 6 8 6 6 0
5 3 6 8 7 5 5 0 1 5 2 3 6 2 4 2 0 3 7 4 4 2 0 1 4 4 4 3 4 3 7 6 5 8 0 4 5 5 1 1 1 2 6 0 7 0 1 2 2 7 7 0 0 7 3 2 7 0 8 1 2 4 5 5 3 8 8 2 9 1 8
5 9 3 5 6 4 5 7 1 2 2 0 7 6 4 5 6 0 2 1 7 6 3 8 4 5 1 9 5 4 6 7 8 3 9 2 0 6 5 0 1 8 4 5 3 3 7 9 0 6 6 0 0 7 6 5 3 1 4 8 2 0 6 6 0 3 2 7 2 0 3
5 1 6 5 3 1 7 3 9 6 8 1 2 7 4 3 9 0 6 1 8 7 1 8 4 1 3 2 7 8 0 4 5 8 3 8 0 7 5 5 1 4 6 3 0 4 4 8 3 2 3 4 9 0 3 9 2 7 4 6 0 2 4 7 7 3 5 7 2 4 7
5 6 5 8 0 6 9 1 6 4 2 5 3 6 9 0 3 1 1 7 3 1 0 6 5 3 8 1 4 3 7 4 0 0 0 0 9 8 2 3 0 6 0 7 7 6 3 1 3 8 3 4 3 2 0 1 1 0 1 2 0 4 5 8 7 5 3 2 6 9 3
5 0 6 4 5 8 4 1 0 2 0 2 4 0 2 5 6 3 2 6 5 6 3 8 4 2 5 3 1 3 7 1 1 0 3 4 6 3 2 4 3 5 1 7 0 8 2 5 0 5 4 7 9 4 0 0 3 6 7 3 2 0 3 7 9 3 9 7 5 3 4
5 9 5 4 1 2 5 6 1 4 5 7 3 8 9 8 3 5 2 8 8 5 3 1 8 8 1 0 7 9 1 1 8 0 1 4 2 5 7 3 7 4 1 0 8 7 1 0 6 2 4 8 6 5 3 2 0 1 7 8 2 2 3 6 1 1 1 7 1 5 7
5 8 5 9 6 8 4 0 9 3 3 1 0 8 8 8 1 2 2 6 3 5 1 5 5 8 2 4 5 4 7 2 7 3 6 6 8 3 4 3 6 8 6 6 1 0 6 7 2 7 5 6 2 3 2 8 0 0 3 4 8 3 0 0 0 2 8 0 5 6 2
5 3 7 4 2 4 5 5 8 8 1 4 2 8 4 1 4 3 5 8 5 3 0 6 5 3 3 3 2 0 8 7 4 6 5 6 1 7 7 7 5 3 3 5 3 0 1 8 9 5 4 3 6 6 6 2 0 7 0 4 7 7 6 0 7 4 6 3 4 4 9
5 9 3 7 1 2 8 4 2 4 5 1 2 0 0 4 1 5 2 2 9 7 0 2 4 6 6 2 6 2 8 0 4 5 4 7 0 8 0 8 2 7 7 7 6 5 1 0 3 7 8 4 7 1 1 1 9 7 1 0 6 4 8 1 6 5 2 6 6 7 1
5 0 7 4 8 1 7 5 0 7 2 7 0 2 8 5 0 4 7 1 7 6 5 4 8 1 4 8 3 1 8 5 4 5 5 2 3 7 1 4 5 8 1 7 1 4 6 6 5 3 1 3 6 7 9 0 1 0 2 4 0 8 8 6 5 4 7 4 7 5 3
5 2 2 0 2 1 5 1 2 9 3 0 7 3 8 7 3 5 2 2 6 3 9 1 3 3 7 8 3 8 0 6 9 5 0 7 1 2 5 4 7 1 6 0 3 1 5 4 5 8 2 3 2 6 3 4 1 9 6 2 6 0 3 1 4 6 5 7 4 6 1
5 6 6 6 3 1 6 6 7 1 1 6 0 8 3 0 8 8 7 5 0 7 5 7 5 6 9 1 0 1 6 8 7 3 1 5 8 9 2 2 6 0 5 6 2 5 6 1 3 1 0 5 8 1 7 5 2 3 3 8 4 1 0 2 0 7 2 8 6 4 7
5 9 7 7 3 2 6 5 6 9 4 3 9 5 5 9 8 3 3 0 7 6 1 2 1 5 3 6 9 0 2 4 8 7 6 4 4 6 5 0 4 4 8 6 6 3 2 6 6 6 6 1 2 1 4 1 6 7 5 6 3 6 7 0 6 7 4 9 1 6 9
5 8 8 4 2 6 5 2 4 6 2 6 2 7 6 5 7 4 6 1 6 0 5 1 2 9 5 5 1 4 2 2 4 0 5 3 9 8 3 2 1 4 0 1 4 6 2 6 6 0 6 8 1 4 6 0 5 4 8 7 8 7 2 1 0 7 2 8 7 8 7
5 5 8 5 0 4 5 6 2 5 8 2 7 9 6 8 4 4 4 4 1 4 9 0 6 9 8 0 4 6 0 4 0 2 1 5 0 6 5 8 6 7 3 2 3 5 1 9 5 7 8 0 2 8 8 6 8 2 3 2 5 8 2 8 8 0 8 7 2 7 8
5 6 9 0 6 1 3 2 7 1 3 1 4 0 2 4 7 3 2 3 1 1 6 7 5 1 1 0 8 2 4 6 0 4 9 7 2 2 7 8 0 4 5 4 9 9 1 5 5 5 5 3 5 5 4 8 5 7 0 6 3 9 3 2 6 6 0 3 2 2 1
5 1 6 2 6 7 0 7 7 6 0 1 0 1 6 8 7 9 5 0 4 9 0 3 4 8 2 3 0 4 2 6 7 3 1 2 1 4 3 0 3 5 5 9 5 4 0 8 5 2 2 6 8 8 5 2 4 4 6 3 9 1 4 4 1 2 0 0 8 8 9
5 3 9 5 6 4 2 6 5 0 0 6 1 4 0 3 8 6 5 5 1 8 5 3 2 7 5 3 8 6 7 3 1 8 3 7 3 6 3 1 2 0 7 8 3 3 0 5 9 7 9 6 3 4 2 7 5 6 9 6 6 1 1 6 6 2 0 6 0 2 7
5 2 0 3 8 7 6 4 1 6 7 4 6 5 7 8 6 8 0 4 1 3 1 4 1 8 0 7 9 4 1 6 8 8 7 5 3 9 5 8 5 7 5 9 9 4 3 9 6 5 8 5 5 4 6 1 2 7 8 4 3 4 5 5 0 3 1 2 6 0 5
5 5 4 4 7 1 6 5 6 5 4 6 1 5 7 2 1 5 1 3 2 8 3 6 4 9 2 6 9 0 3 3 5 5 4 9 2 0 5 6 9 7 7 1 8 4 3 5 1 5 2 7 3 8 4 2 0 0 9 6 2 5 8 2 6 7 1 7 2 5 0
6 0 3 4 1 2 3 1 0 1 3 4 2 2 3 3 4 4 0 4 1 2 1 1 0 5 3 0 3 0 0 5 5 5 1 3 1 1 2 5 3 3 2 0 4 5 2 3 3 4 3 5 4 0 3 1 5 5 3 2 3 2 2 5 2 0 4 5 2 2 2
6 2 0 4 1 5 0 3 4 3 1 0 4 4 4 4 1 3 3 5 1 2 4 2 0 2 5 1 2 2 3 4 4 5 3 0 1 2 1 3 1 3 0 5 5 5 2 3 1 3 1 0 3 1 2 1 3 3 5 5 0 4 5 2 3 0 5 5 0 0 2
6 0 4 0 4 3 2 3 4 2 1 2 2 1 0 0 0 0 2 3 5 4 5 5 5 4 4 2 3 3 1 1 4 5 0 0 1 3 4 2 3 2 2 2 0 1 4 5 0 2 5 3 2 3 3 2 3 0 2 1 1 4 4 0 1 5 3 5 2 2 2
6 4 4 3 0 1 0 3 3 2 3 0 4 1 5 2 2 4 1 2 5 1 1 1 1 1 5 0 3 5 3 0 2 5 4 3 3 2 0 1 0 4 5 3 1 1 4 0 1 1 0 3 5 5 3 5 3 4 0 2 0 0 1 5 0 2 0 5 5 4 1
6 3 0 5 5 0 3 2 2 0 2 0 2 4 5 0 1 5 1 5 2 3 3 3 1 0 0 4 2 0 4 3 1 5 2 2 1 4 0 3 4 3 0 1 0 4 0 0 1 1 0 1 4 0 5 2 4 0 0 4 2 3 5 1 3 3 2 2 1 1 3
6 4 1 4 4 2 0 1 0 4 2 3 3 0 1 3 3 2 4 2 4 3 3 2 0 5 4 0 3 5 0 1 5 5 2 1 4 1 2 1 5 3 5 4 0 0 4 3 2 0 3 1 2 0 4 0 4 3 0 0 3 2 4 4 0 4 1 2 5 5 1
6 3 1 5 3 0 0 0 4 2 1 1 1 1 0 3 2 0 0 5 1 0 4 3 2 1 1 0 0 4 3 5 5 5 4 3 4 1 3 2 5 1 1 2 2 5 4 2 4 1 5 5 0 4 2 4 4 2 4 4 4 0 0 2 3 2 5 1 2 5 0
6 4 4 1 2 3 3 1 0 2 0 4 1 0 5 1 2 3 4 0 3 3 2 3 4 0 2 1 5 5 4 4 2 5 3 4 0 4 3 3 3 5 3 5 0 4 2 0 2 5 5 1 4 4 0 4 0 2 1 1 2 3 4 2 0 5 3 2 3 3 2
6 3 1 2 4 0 4 2 1 0 5 1 1 2 2 3 1 4 2 2 1 3 5 5 1 5 3 4 4 3 3 3 5 0 1 1 5 1 2 5 1 2 0 3 3 3 1 1 3 4 3 5 4 4 0 3 4 2 2 4 0 2 1 1 4 0 3 5 2 2 1
6 3 2 5 0 4 5 3 4 1 0 4 1 4 4 5 4 5 4 4 5 2 0 1 4 4 5 5 3 0 4 4 2 3 0 0 3 3 0 2 0 2 2 1 0 4 2 0 4 1 3 5 5 2 1 2 3 5 2 5 0 5 3 4 0 4 2 0 2 3 1
6 5 3 3 2 3 5 0 5 2 0 0 5 0 0 1 5 2 4 0 1 0 0 5 5 2 5 5 5 0 5 5 0 4 2 3 2 5 4 0 0 5 1 5 2 4 0 1 3 3 3 1 0 4 4 1 4 2 1 1 0 1 1 5 0 5 5 5 2 2 4
6 4 3 3 5 3 1 5 1 4 5 2 0 2 2 1 1 4 2 0 4 4 5 2 1 1 5 2 2 2 0 2 4 5 0 3 1 3 0 1 3 0 5 0 1 4 5 3 4 3 4 0 2 4 1 4 4 5 0 0 3 0 0 0 0 1 3 2 1 5 0
6 5 5 1 1 4 5 2 5 3 4 5 5 0 0 2 3 0 1 4 0 5 3 1 5 4 0 5 5 4 1 4 1 3 0 0 0 3 1 5 3 1 3 3 0 1 2 2 5 0 0 4 5 2 2 5 0 4 4 3 0 5 4 2 2 1 2 1 0 2 0
6 5 4 3 1 4 2 4 4 5 1 0 1 2 0 4 2 3 4 0 5 2 0 4 5 3 3 5 0 2 2 0 0 1 0 0 0 2 0 4 3 3 5 1 1 1 5 5 5 0 5 3 4 5 3 3 4 2 1 3 0 0 1 2 1 4 1 0 2 2 4
6 3 3 3 4 3 4 3 0 3 4 5 5 1 0 0 0 0 4 1 0 1 1 3 1 0 3 3 5 3 4 4 0 4 0 3 2 1 0 0 3 2 1 4 1 4 5 5 1 5 0 3 3 3 1 0 1 3 4 4 0 5 1 3 0 4 5 0 5 0 0
6 4 4 2 4 2 4 0 5 5 2 0 2 4 2 3 0 1 5 3 2 0 2 5 3 4 2 2 0 5 5 1 3 4 5 4 3 3 0 4 5 2 3 3 4 1 3 3 2 2 0 1 3 4 5 2 3 1 5 5 3 1 3 0 2 1 3 4 2 3 2
6 4 2 2 4 1 3 5 4 1 4 5 0 0 5 4 5 0 3 1 3 3 0 3 2 2 4 3 0 5 4 1 2 2 2 2 2 1 0 5 0 0 5 0 4 0 4 2 1 1 3 1 1 2 2 3 5 3 2 0 4 5 2 0 0 3 1 5 2 1 3
6 4 1 2 1 2 5 4 5 2 4 4 1 1 1 4 0 3 0 3 0 3 2 5 1 4 0 0 2 0 3 5 4 0 1 1 0 4 5 4 5 3 2 3 4 5 5 4 1 1 5 1 0 5 0 0 2 5 1 0 5 1 0 3 1 2 0 0 1 0 5
6 5 0 3 2 1 4 4 5 4 0 3 0 5 3 1 5 4 5 0 2 3 4 5 2 3 3 1 2 5 1 2 2 3 1 1 2 3 4 0 1 4 2 3 1 2 4 2 4 3 4 5 4 5 1 0 1 3 5 4 5 2 5 5 2 5 0 5 0 0 4
6 5 4 4 4 3 5 4 0 4 5 4 3 3 1 2 1 2 1 0 0 5 1 3 4 1 1 5 2 5 0 0 3 2 3 2 2 4 0 2 0 5 2 1 5 0 0 5 4 4 1 3 2 4 3 3 1 2 3 5 3 2 2 2 0 1 5 5 4 3 0
6 5 1 2 2 3 0 5 2 5 3 5 2 5 0 3 3 3 0 2 4 0 4 3 2 0 0 3 0 3 5 3 4 2 0 0 1 2 5 2 1 3 3 1 4 1 0 0 5 2 1 1 5 2 2 3 1 0 4 5 0 0 5 5 1 2 1 3 0 2 1
6 0 0 2 3 0 5 4 0 5 0 4 4 3 0 1 4 4 0 5 1 3 0 0 0 1 3 1 0 2 5 0 4 3 4 4 3 1 1 0 0 2 4 4 0 5 3 2 4 0 4 2 5 4 0 4 0 5 0 4 4 1 3 5 2 1 5 2 0 4 3
6 5 1 4 1 4 4 1 1 0 1 3 1 3 5 4 4 2 2 1 3 4 3 0 4 4 5 4 3 5 4 0 5 2 0 2 3 5 5 1 1 1 3 1 0 5 2 1 2 3 3 1 3 4 5 1 2 1 0 4 2 3 0 2 4 1 0 2 3 2 5
6 2 3 5 2 5 5 2 2 0 3 0 3 5 5 1 4 1 3 1 1 5 1 3 0 3 4 4 2 0 3 2 1 4 3 2 3 4 4 3 0 3 3 1 2 0 2 0 3 0 3 5 1 3 5 5 0 2 2 0 4 5 4 5 5 0 1 0 5 1 1
6 0 5 0 0 1 4 1 3 2 5 5 0 0 1 4 3 4 4 5 1 2 2 4 3 0 2 0 0 5 0 4 2 2 2 0 3 5 2 5 3 4 2 4 4 2 2 4 5 3 0 5 4 5 0 4 5 5 4 4 0 5 4 2 1 5 1 2 1 3 4
6 4 1 5 4 4 2 4 1 1 1 0 0 3 3 2 4 2 5 0 2 0 2 1 0 3 0 4 1 5 4 4 5 4 0 2 4 4 1 5 4 5 1 4 3 4 4 3 2 3 0 2 3 2 5 3 4 3 5 4 3 1 4 5 4 5 2 4 1 1 3
6 1 0 3 5 2 2 3 0 3 4 5 4 2 2 1 1 3 1 5 4 3 0 4 5 0 3 0 3 1 3 0 1 0 2 4 4 3 5 0 4 4 1 2 3 1 5 4 2 0 1 0 3 5 3 4 1 5 1 1 4 4 3 0 2 0 4 2 2 3 1
6 4 1 4 1 4 2 1 2 0 0 3 0 1 2 5 4 2 2 1 3 3 3 0 5 2 0 2 0 5 3 5 1 0 2 1 5 3 4 5 3 2 2 1 4 4 2 5 3 4 2 0 5 4 5 2 3 3 0 5 2 2 4 2 0 4 2 0 5 4 2
6 1 3 1 2 5 5 1 2 4 5 2 0 2 2 1 3 3 2 4 4 0 2 0 3 5 0 2 1 0 5 5 2 0 4 0 4 2 1 3 1 0 3 5 2 2 0 3 4 0 1 2 5 2 0 5 0 3 3 4 5 3 1 4 5 2 1 3 4 1 5
6 5 4 4 1 5 5 4 3 3 1 2 0 2 4 2 0 5 5 2 3 5 3 1 0 5 0 0 0 3 0 0 1 4 1 3 4 1 1 2 0 4 5 2 4 5 3 0 3 5 4 1 1 0 4 1 2 2 0 3 2 5 5 2 4 4 5 2 2 3 4
6 0 1 0 1 3 3 3 3 4 3 1 1 4 0 5 2 3 0 3 1 4 3 4 5 5 1 1 2 0 4 0 5 2 3 4 5 0 4 4 4 5 0 1 4 5 4 4 5 4 4 1 3 0 5 2 1 2 2 0 1 5 5 0 5 4 4 5 3 2 3
6 5 3 5 3 1 4 0 5 0 4 5 2 5 3 0 0 0 2 3 0 2 1 5 5 4 2 4 4 4 2 5 0 2 1 0 4 2 3 4 2 5 2 2 0 2 2 1 3 5 1 5 3 4 1 0 5 2 3 3 0 2 5 2 4 5 5 0 4 2 4
6 0 3 1 3 5 0 2 2 0 1 0 2 1 2 4 3 0 4 0 2 3 2 0 1 1 0 2 1 5 1 5 1 0 5 0 5 0 4 2 5 5 4 0 4 4 4 3 5 5 3 1 4 5 3 0 4 1 5 4 2 3 2 3 2 5 0 1 4 5 4
6 4 1 3 1 2 1 5 4 1 3 0 2 1 5 4 5 5 5 0 1 0 3 3 5 1 1 5 5 1 0 3 4 5 0 5 5 3 1 4 3 0 0 1 4 0 5 5 0 1 1 5 4 5 4 2 4 4 2 1 2 3 3 4 2 3 5 2 3 5 0
6 2 1 4 1 5 3 0 3 0 4 1 0 0 0 1 5 4 5 4 4 1 4 1 2 5 0 3 0 0 5 5 2 2 0 0 3 1 2 1 3 2 3 1 1 4 2 1 4 5 0 5 1 1 5 0 0 4 3 0 5 2 4 1 1 0 2 4 3 4 3
6 0 4 1 5 5 3 3 3 1 4 1 4 5 3 3 2 3 1 2 0 4 0 0 3 4 1 4 0 5 2 3 4 2 3 4 0 3 2 5 0 2 4 2 2 0 3 3 5 4 0 2 3 3 1 4 4 4 1 5 5 3 1 4 1 4 5 3 3 3 5
6 1 3 4 3 3 5 1 1 0 3 4 2 3 1 2 0 1 1 5 0 2 1 0 0 2 4 5 2 3 5 0 0 0 2 3 0 0 1 3 3 5 1 5 3 2 5 0 0 3 0 5 5 4 2 3 3 1 2 3 0 1 5 4 0 2 3 5 4 3 1
6 4 1 2 5 4 5 4 2 3 0 2 2 0 1 2 1 4 4 2 0 0 3 3 0 0 5 4 4 4 5 3 5 5 4 4 4 3 0 3 3 4 4 2 4 1 1 4 5 3 1 2 0 0 1 3 2 5 0 0 5 3 5 4 4 1 2 5 0 5 4
6 4 2 0 4 1 0 3 0 2 4 2 0 5 1 4 0 3 4 5 4 1 4 3 5 1 3 2 5 4 2 0 2 3 1 5 0 5 0 0 0 4 2 3 0 1 4 0 5 2 2 2 1 0 1 2 0 4 3 0 0 1 1 5 0 2 0 3 5 2 3
6 2 1 5 3 4 2 2 2 4 2 3 0 2 3 3 4 1 0 1 3 2 0 2 5 5 3 0 0 2 4 1 0 5 0 2 3 1 2 1 0 2 3 1 1 3 3 1 5 3 1 3 3 3 4 4 2 4 3 3 2 5 1 1 2 4 2 0 5 0 4
6 1 2 1 1 0 1 0 4 0 3 4 0 0 1 3 0 1 5 2 1 0 1 3 2 4 5 3 1 5 1 2 1 3 2 3 4 1 5 2 3 0 2 3 2 1 5 2 1 2 5 1 4 4 0 4 4 2 4 5 1 5 5 1 4 0 4 5 4 2 1
6 1 3 0 1 4 3 0 2 3 1 4 2 5 3 4 2 0 3 3 2 4 1 0 4 5 3 4 0 3 1 0 2 1 1 0 1 2 0 0 2 4 0 4 1 0 1 3 4 4 5 5 3 5 0 1 4 4 4 5 4 5 1 2 5 5 0 3 2 2 0
6 1 0 3 0 4 1 0 5 3 4 0 3 4 0 5 0 1 2 3 2 5 4 3 0 2 2 4 4 3 0 0 5 1 1 0 0 0 0 0 0 0 4 0 5 0 5 4 4 0 3 0 5 3 1 1 5 4 3 4 2 2 4 3 3 3 0 2 4 2 0
6 1 3 3 4 5 2 0 5 1 1 5 5 5 0 3 3 1 0 3 0 4 1 3 1 1 1 4 3 3 1 4 0 0 2 0 4 1 5 1 1 4 2 0 0 5 4 2 2 4 4 4 2 4 1 0 5 0 2 0 4 2 2 5 4 2 2 5 2 4 2
6 1 1 2 4 4 2 2 4 3 0 4 0 2 0 3 4 4 1 2 3 5 1 1 0 4 1 5 1 4 2 2 2 4 0 0 0 5 3 1 3 0 3 4 5 0 4 0 3 2 3 0 3 3 2 5 0 1 1 4 1 0 3 3 0 2 1 4 2 1 1
6 5 2 2 4 2 0 1 1 5 3 1 3 1 1 5 2 1 5 4 0 4 2 0 0 2 5 4 2 4 1 5 2 1 4 2 0 2 3 4 3 0 2 2 5 1 0 5 1 5 2 1 0 1 1 5 0 0 3 1 2 3 2 0 3 0 0 3 0 0 0
6 0 2 3 5 3 3 0 4 5 5 4 1 4 1 5 2 0 4 4 0 5 1 5 1 5 3 1 4 3 4 2 0 0 2 5 4 2 3 5 2 0 3 4 3 1 1 0 2 5 3 2 1 4 5 2 4 2 3 0 5 1 1 4 4 1 2 5 5 5 1
6 3 4 3 0 2 1 4 0 3 2 0 3 2 5 1 0 5 5 3 4 5 3 2 1 2 5 2 5 4 1 3 4 1 2 5 4 3 2 1 2 2 0 1 1 4 4 2 0 3 1 0 5 0 0 4 5 3 0 0 3 4 4 4 3 0 0 4 2 4 5
6 5 0 2 0 1 4 2 1 3 2 2 3 5 2 3 5 4 0 1 5 3 0 4 0 1 4 2 3 1 0 0 0 2 3 4 3 1 3 5 2 4 5 2 4 4 3 4 3 0 3 1 5 3 3 2 3 0 1 2 4 0 1 5 0 4 1 0 1 1 1
6 4 2 1 5 0 5 4 1 5 5 4 1 1 4 5 2 0 5 2 1 5 2 2 3 1 2 3 3 0 0 3 4 2 2 1 1 1 4 3 2 0 3 2 2 2 1 2 2 4 0 3 5 4 1 1 5 2 0 5 2 4 0 5 4 4 4 4 2 0 2
6 2 2 2 0 0 0 5 4 3 3 4 0 5 4 4 3 5 4 3 2 5 5 4 0 1 1 1 2 4 3 2 4 2 1 2 2 5 5 3 3 4 0 2 3 4 4 4 4 0 5 0 4 4 4 1 1 0 1 2 3 3 1 0 5 2 5 4 4 0 2
6 3 0 4 3 3 4 1 0 3 0 4 4 4 1 2 3 0 2 0 1 2 2 2 5 5 5 3 1 0 3 1 4 5 1 2 4 5 1 2 2 0 4 3 2 3 0 4 4 1 5 3 0 1 0 2 2 3 4 0 5 2 2 0 0 0 5 1 4 0 2
6 1 0 0 1 3 0 2 5 2 2 0 5 2 0 3 5 4 2 2 4 2 4 2 4 5 0 3 5 0 5 4 3 1 2 0 4 0 5 5 2 0 4 2 1 1 2 2 0 4 4 3 3 0 1 5 0 5 2 1 0 1 0 3 0 0 2 1 5 4 3
6 0 5 3 0 1 1 0 1 2 2 5 3 5 0 5 1 3 4 3 3 4 4 2 0 4 3 3 0 1 5 5 4 1 0 0 2 5 0 2 2 0 5 2 0 0 0 2 3 3 1 3 2 1 0 4 0 5 0 4 5 3 4 5 5 5 4 1 4 5 0
6 4 0 0 2 5 2 0 4 1 0 0 0 0 2 4 5 4 4 2 5 0 2 1 1 1 2 1 0 1 1 2 2 3 3 2 5 4 5 3 3 5 5 2 1 2 3 5 0 1 4 4 0 3 1 0 3 2 2 5 5 2 4 4 2 2 4 0 4 5 5
6 4 5 3 0 1 0 0 1 4 1 2 1 0 0 1 1 2 5 4 3 1 3 3 0 4 3 3 2 0 2 4 3 0 4 1 1 4 2 2 4 0 4 1 2 4 1 0 1 1 5 1 5 3 0 1 0 4 4 3 4 0 3 3 4 2 5 3 0 1 2
6 0 0 4 4 4 1 5 3 4 2 2 1 5 3 3 2 5 4 4 5 1 1 3 3 4 5 5 1 0 5 1 3 4 2 5 2 2 1 1 0 0 4 0 4 2 0 5 2 2 4 4 1 0 2 3 4 0 5 1 4 1 5 0 0 0 5 1 0 2 4
6 0 3 4 2 4 4 0 1 3 5 5 4 0 0 1 1 0 4 4 4 4 3 4 4 0 0 4 2 2 4 2 2 4 2 2 0 2 1 4 0 5 4 2 1 0 0 2 5 0 3 3 1 4 2 0 2 2 0 3 5 2 3 5 5 3 1 0 3 4 0
6 1 5 3 0 1 4 0 3 2 4 4 0 5 2 5 1 0 2 0 1 5 3 1 0 5 1 0 4 3 1 4 4 0 1 5 1 1 2 5 3 3 3 5 4 3 3 2 2 4 5 3 1 1 2 1 3 3 3 0 3 0 2 1 1 1 0 4 2 0 0
6 0 0 5 5 4 1 1 2 3 5 3 3 5 0 0 0 3 0 0 5 3 3 2 5 0 2 4 3 5 2 5 2 5 0 1 1 2 3 2 5 2 5 1 3 5 3 0 0 0 3 5 4 0 0 1 4 2 0 4 0 2 5 0 4 0 5 1 5 3 1
6 5 4 1 1 0 3 5 5 4 1 1 4 5 2 2 5 0 0 5 2 5 4 2 4 2 3 1 3 5 3 3 5 0 0 1 3 4 5 3 3 1 2 0 2 5 2 3 3 5 4 0 0 3 0 0 1 0 4 5 3 0 0 1 4 0 4 2 3 5 2
6 4 5 1 1 2 5 0 1 0 4 4 0 1 1 1 4 2 5 0 0 1 2 3 1 3 5 2 2 1 5 1 4 3 3 5 1 3 2 3 1 3 1 0 5 4 2 5 5 0 0 4 2 2 4 1 5 1 5 0 1 4 0 1 3 0 5 3 5 5 1
6 3 2 1 3 2 1 0 1 1 0 1 2 2 2 0 1 4 3 4 2 1 4 4 2 5 4 3 2 1 4 3 5 2 3 3 2 3 5 3 3 2 3 5 1 1 0 1 3 5 1 3 3 4 3 5 0 4 0 5 3 2 5 0 3 3 2 2 0 4 5
6 3 3 5 3 4 1 5 4 2 0 0 0 5 0 2 1 1 1 3 4 0 2 2 4 2 1 4 1 3 2 3 0 3 1 2 1 2 0 0 2 4 5 2 3 2 0 1 4 3 2 5 0 2 5 5 5 2 5 3 1 0 2 4 0 5 4 5 0 2 3
6 4 3 3 5 4 3 2 1 4 1 2 5 2 5 4 1 5 2 2 0 4 0 5 0 0 0 4 2 4 4 0 5 1 3 0 0 0 1 1 0 4 0 3 0 5 2 5 5 5 4 4 5 0 5 2 3 5 2 3 3 4 1 5 1 0 5 4 2 0 4
6 2 0 2 0 0 2 2 1 3 4 3 1 2 1 0 1 1 5 4 2 5 1 0 2 0 0 1 0 2 4 2 1 2 2 2 2 1 5 2 4 5 1 2 5 4 5 5 1 4 1 0 1 5 4 3 0 1 0 4 2 4 2 5 0 0 0 5 0 0 1
6 1 1 1 1 5 1 0 0 4 4 0 2 1 1 4 2 0 4 2 2 0 1 4 2 4 5 3 0 1 5 1 5 1 5 5 5 1 1 1 5 0 0 5 2 1 2 5 4 5 2 5 2 1 0 4 3 4 4 1 4 2 3 2 0 4 1 0 3 5 4
6 1 4 0 2 1 4 3 2 2 5 2 3 5 1 4 2 2 2 5 5 2 2 4 4 2 0 4 5 4 2 3 1 3 2 4 1 4 4 3 4 5 3 2 3 2 0 0 2 0 0 4 5 4 2 4 1 0 2 0 3 3 1 4 1 0 4 4 0 1 1
6 0 1 2 5 3 5 3 1 5 1 5 3 5 4 0 4 3 1 2 1 2 1 3 0 4 5 5 4 3 3 4 5 1 1 2 2 1 4 4 5 3 3 1 0 0 1 1 0 5 1 4 1 0 4 2 4 2 0 1 3 0 4 4 2 3 1 5 5 0 4
6 1 1 1 0 3 5 5 0 5 3 0 0 3 3 3 5 1 0 3 3 0 5 2 0 1 0 5 4 2 4 3 2 0 0 2 5 5 3 0 4 5 5 0 0 2 5 0 2 3 4 3 4 3 2 0 5 1 1 4 4 3 1 3 1 5 3 5 3 0 0
7 0 2 5 3 1 5 5 3 1 0 0 1 2 1 2 2 3 0 4 3 2 2 1 2 0 4 3 3 0 4 4 2 0 0 5 2 5 4 0 0 5 2 3 5 0 3 1 4 2 4 3 1 0 5 2 5 3 1 3 2 1 2 4 1 5 2 2 0 2 1
7 3 0 5 5 4 2 2 0 2 0 3 2 3 5 3 1 1 5 2 5 4 1 5 2 1 1 4 2 2 1 0 5 1 4 4 3 1 4 1 1 4 5 1 4 4 1 0 2 4 2 1 1 4 5 3 4 2 1 0 4 4 1 4 4 0 5 4 2 0 2
7 1 1 0 1 4 3 0 3 3 1 4 1 3 3 2 5 0 1 0 0 0 1 3 2 2 5 1 1 0 1 2 0 1 5 5 2 5 3 2 3 2 2 2 1 0 3 0 4 2 4 2 4 4 5 1 2 0 1 5 0 5 1 5 2 1 2 0 4 4 4
7 2 0 0 0 4 5 0 2 5 5 3 3 5 2 3 2 5 1 3 2 4 2 3 3 5 0 0 0 2 3 0 1 0 2 2 4 1 5 5 5 4 2 4 3 5 0 1 2 4 5 4 0 4 2 0 3 2 2 0 0 3 5 2 1 3 1 4 1 3 3
7 3 0 0 1 0 1 5 5 5 5 0 4 5 0 4 5 5 0 0 4 0 1 0 4 2 4 0 4 3 1 3 3 1 3 1 4 0 3 5 0 1 1 4 3 4 5 2 2 1 4 0 2 4 0 5 0 5 0 0 2 3 4 4 0 0 0 3 3 3 2
7 5 4 1 2 1 0 5 4 1 5 3 2 3 3 4 3 0 2 0 1 5 4 3 3 2 2 4 1 0 3 2 0 4 5 5 0 2 3 3 2 1 3 4 0 1 1 1 4 3 5 2 3 4 1 1 0 3 5 1 1 1 5 5 5 4 1 3 0 0 2
7 4 4 4 5 0 4 0 1 4 5 5 4 4 3 0 0 3 5 3 4 1 2 3 3 4 4 4 3 1 3 1 2 4 2 2 5 4 5 2 2 2 0 5 0 4 4 4 3 0 1 5 4 2 4 3 1 2 4 2 2 2 2 0 3 4 2 2 4 3 2
7 5 0 5 2 2 1 1 0 0 2 3 0 1 5 2 0 0 4 3 4 1 0 1 4 0 4 5 1 0 2 5 2 1 1 2 4 0 1 2 1 4 2 4 0 2 4 0 2 2 0 0 5 0 5 4 1 2 2 3 1 1 3 1 5 3 0 3 3 1 2
7 3 3 3 5 2 1 2 5 0 4 1 1 4 1 2 1 2 1 1 3 4 2 0 0 0 4 2 2 0 1 2 3 0 4 5 3 0 5 5 5 2 1 1 2 4 0 5 3 0 5 0 1 2 1 4 0 1 4 2 4 3 0 1 3 2 1 2 4 1 0
7 0 3 3 4 1 0 2 0 0 0 1 4 2 5 4 0 3 0 4 0 1 3 5 4 1 5 0 0 4 2 2 2 1 3 1 2 3 1 3 4 4 0 1 3 2 0 3 1 2 3 0 1 0 0 5 5 4 0 4 1 4 3 1 1 5 0 0 2 4 5
7 0 3 0 1 2 4 1 0 5 1 0 2 1 4 2 5 3 0 3 1 4 4 0 1 0 5 1 0 4 1 3 5 5 4 0 1 5 3 4 5 3 1 2 5 3 4 2 3 3 5 0 2 1 0 4 5 5 4 3 0 5 1 5 4 4 4 0 0 2 4
7 0 1 2 4 4 3 4 2 3 0 2 0 1 4 3 3 1 2 1 5 2 1 0 0 3 3 2 3 2 4 5 2 3 3 4 5 1 5 4 3 0 2 1 0 1 3 5 2 4 1 0 3 3 2 2 3 3 0 5 2 0 3 2 4 2 5 3 3 2 4
7 3 4 0 0 4 0 0 4 1 3 3 2 0 5 3 4 5 0 1 1 2 0 1 3 2 0 4 3 3 1 3 5 4 2 5 0 4 1 3 2 2 1 1 4 3 5 0 3 2 1 3 3 4 4 3 0 5 4 2 0 5 4 0 0 4 3 2 3 2 4
7 4 0 3 5 1 5 0 5 4 2 4 4 3 0 0 1 3 2 1 2 0 3 1 0 1 3 3 1 5 2 0 3 0 0 0 4 0 2 3 2 0 4 3 3 5 1 0 0 5 1 3 5 1 2 0 2 2 3 0 1 3 2 1 2 0 1 4 3 5 4
7 0 3 3 2 4 2 4 1 1 3 3 4 4 2 0 0 0 1 0 5 1 5 5 5 0 4 0 0 0 3 4 3 5 2 5 3 3 1 3 2 2 1 2 3 5 2 0 4 0 3 1 1 2 4 3 5 2 5 5 5 3 1 2 5 0 3 4 1 3 4
7 0 3 0 1 0 2 0 3 2 2 4 3 1 2 4 0 1 0 1 5 1 3 3 5 4 3 5 3 1 3 0 2 0 1 3 1 2 2 2 5 1 4 0 3 3 2 3 1 1 0 3 3 3 0 2 3 0 3 2 5 1 4 3 3 1 4 2 4 3 3
7 2 5 3 1 3 1 1 1 0 4 2 5 2 3 5 1 0 4 5 5 3 1 1 0 4 2 0 0 3 0 2 3 0 0 5 3 5 3 5 4 0 0 5 3 5 3 3 3 2 1 0 0 1 4 2 3 5 5 0 5 3 1 3 2 1 1 0 5 4 4
7 2 5 3 3 2 3 5 2 0 1 3 4 0 3 1 1 4 0 5 4 4 0 0 5 2 1 4 2 2 4 0 1 5 5 4 1 2 5 0 1 4 3 4 2 5 5 1 4 2 2 1 3 2 4 3 5 2 1 2 3 2 3 4 0 2 4 5 4 4 4
7 4 3 1 1 4 0 0 0 5 3 5 3 4 3 4 3 2 3 0 1 5 4 5 0 2 1 2 1 4 4 0 5 2 2 4 5 1 1 0 3 4 4 5 0 5 5 2 4 3 2 1 2 2 3 1 0 5 0 0 5 1 3 4 1 5 4 0 1 4 5
7 5 5 4 1 4 2 4 2 3 1 3 5 0 4 0 3 4 0 2 0 5 3 2 0 4 1 2 2 5 3 0 3 2 1 4 0 4 5 1 0 2 0 1 5 1 0 3 1 1 1 3 4 2 3 4 2 3 3 2 0 4 4 2 4 3 2 0 1 1 2
7 1 4 0 2 0 5 2 3 3 1 0 0 5 4 4 0 5 1 3 2 0 4 4 5 1 1 5 4 2 1 2 5 4 4 2 2 1 2 1 1 2 4 1 4 1 4 0 2 0 3 4 0 2 0 2 3 4 4 1 2 5 2 3 1 3 4 1 5 0 2
7 1 0 0 3 0 3 0 4 2 5 3 0 3 3 1 1 3 5 1 1 3 0 4 0 4 4 4 3 3 3 0 4 2 3 1 0 3 1 2 3 1 3 3 4 0 4 2 2 0 1 1 1 3 0 2 0 3 1 3 1 1 1 5 0 0 3 3 5 0 3
7 5 1 2 0 2 1 4 4 3 1 1 3 2 3 5 5 0 0 4 0 4 3 0 2 1 4 0 1 0 5 5 3 0 5 5 3 2 1 2 0 0 0 0 5 1 3 2 5 1 5 1 5 2 5 2 4 1 0 4 1 1 1 1 3 0 1 2 3 1 4
7 0 1 4 4 3 4 4 3 0 3 5 2 0 4 1 0 2 4 2 1 5 1 2 0 1 0 4 4 3 2 2 1 0 3 1 0 5 4 1 1 0 3 4 1 3 5 4 4 3 2 0 2 0 4 0 5 3 2 0 2 1 4 0 2 5 1 0 5 5 3
7 4 3 2 3 0 3 2 0 2 3 2 0 0 4 1 1 2 3 0 3 0 2 3 4 0 1 5 5 2 2 2 5 2 5 2 3 2 2 4 1 0 4 4 4 3 1 0 0 3 3 0 0 1 1 2 2 0 4 4 0 1 1 4 4 5 2 5 0 2 1
7 3 5 4 1 2 4 4 1 0 1 4 3 5 1 1 4 1 3 4 4 1 4 2 2 4 0 1 3 4 1 5 1 3 2 4 2 3 3 2 3 1 3 1 3 1 0 4 1 2 3 4 4 2 2 5 4 2 2 4 4 0 4 2 1 2 1 3 0 3 1
7 1 0 2 3 3 1 3 2 2 4 0 3 3 5 4 1 1 5 2 3 3 0 0 2 4 1 0 2 2 1 2 2 4 3 5 0 4 5 3 2 4 2 1 3 1 3 0 1 4 2 3 3 0 4 4 0 1 3 4 3 3 3 5 1 5 0 3 2 1 1
7 3 1 2 3 1 3 2 3 2 5 4 1 3 3 3 4 4 0 0 3 0 0 2 3 3 2 5 0 1 4 1 4 1 5 2 4 2 1 4 3 3 1 0 4 1 1 1 1 1 0 0 2 5 2 0 0 3 0 1 4 2 0 3 5 4 0 0 2 2 2
7 3 4 4 1 2 3 1 4 4 0 1 5 0 0 2 1 3 5 3 5 0 2 4 1 3 0 4 1 0 3 1 3 4 3 2 1 4 0 3 0 0 5 4 2 1 1 1 4 1 4 1 1 0 2 0 4 4 4 3 4 1 4 1 1 2 5 0 0 4 2
7 4 1 0 3 3 4 3 0 4 0 0 0 0 5 4 2 5 4 4 5 3 1 5 5 4 1 2 5 0 0 3 4 1 2 0 4 4 3 0 0 1 1 4 0 1 1 2 3 4 0 3 0 3 0 5 1 1 2 2 4 1 5 0 3 2 4 3 4 0 0
7 1 4 5 0 3 1 0 0 1 1 2 2 3 3 0 3 5 5 3 3 1 4 5 1 4 4 1 0 4 3 0 4 2 5 2 1 3 5 2 2 4 2 1 4 3 2 4 2 5 4 3 5 4 1 0 4 2 0 5 0 5 0 3 3 4 1 0 4 2 1
7 2 4 3 3 2 5 2 1 4 2 1 4 0 0 1 1 0 3 4 5 0 4 4 2 4 3 1 3 0 4 4 0 4 2 3 0 4 2 5 4 0 3 2 0 2 2 4 0 5 1 2 3 1 1 1 4 1 0 3 4 5 3 4 3 1 0 3 1 3 4
7 4 3 5 0 4 1 1 4 4 2 2 3 5 3 4 0 5 5 3 3 5 5 3 4 2 0 3 4 3 5 5 1 0 3 0 5 3 2 1 0 1 2 3 0 3 1 5 1 3 1 1 5 1 4 5 5 0 3 5 0 0 2 3 3 1 5 4 4 2 0
7 2 3 5 2 5 0 5 4 0 2 2 4 2 5 4 3 5 2 4 5 4 3 2 1 5 1 2 2 1 1 1 4 0 0 2 4 3 4 0 4 3 4 3 1 3 5 0 3 4 3 0 5 0 4 4 0 3 1 0 2 5 5 3 3 1 4 3 3 5 4
7 0 0 1 3 1 2 0 1 5 1 4 3 2 5 4 3 1 3 2 0 5 1 1 3 2 1 4 2 5 4 2 0 5 2 0 5 5 1 3 4 4 5 3 2 1 0 0 1 3 3 0 2 3 0 0 2 2 3 4 0 2 0 0 2 5 5 0 2 3 3
7 4 3 2 2 4 0 5 4 2 2 4 0 0 4 0 4 1 0 1 4 1 5 0 2 1 0 2 4 1 0 2 3 2 0 4 0 1 1 1 2 0 0 0 0 2 2 5 0 5 0 0 0 0 0 0 3 0 5 3 0 4 2 2 3 2 3 0 3 5 2
7 0 0 1 2 4 0 1 3 1 5 0 5 4 3 2 3 5 2 1 0 4 2 3 4 3 4 3 5 1 0 0 2 1 3 0 2 0 0 5 4 4 1 3 4 2 5 2 3 2 4 1 2 4 3 4 0 0 1 2 4 3 3 5 3 1 0 1 1 0 4
7 0 5 0 2 5 2 5 2 1 3 3 1 3 1 0 0 2 3 5 2 5 1 2 4 4 3 1 2 1 1 1 0 2 4 0 4 5 0 5 0 5 2 2 5 1 2 0 4 3 0 2 0 0 1 4 0 2 5 0 5 3 0 1 2 4 0 5 2 4 5
7 1 1 3 2 3 0 0 1 4 0 1 2 2 3 1 2 5 5 3 4 5 0 3 2 3 3 0 2 0 5 4 3 2 2 1 5 4 2 0 4 3 3 4 0 4 2 0 5 1 4 1 2 1 1 2 1 4 3 3 5 5 3 3 0 4 0 1 3 3 0
7 4 4 3 1 2 5 3 0 3 1 0 0 2 4 3 5 1 1 5 1 3 5 3 3 5 5 1 1 2 0 4 0 3 4 5 0 3 5 4 0 2 4 3 2 1 3 0 4 0 3 4 2 4 0 1 2 5 5 2 3 1 4 2 0 4 1 1 1 2 3
7 0 1 0 2 4 4 2 5 1 5 5 4 0 2 4 3 4 1 4 3 1 1 4 1 0 4 0 4 2 5 4 5 1 3 3 1 0 0 0 2 0 2 3 3 1 2 3 4 5 0 2 4 1 3 2 0 0 1 4 4 3 1 1 3 0 2 0 4 0 2
7 1 4 5 2 2 4 1 0 1 2 0 1 3 1 0 1 1 0 3 5 3 3 4 5 2 4 3 4 5 0 0 5 4 0 2 4 0 2 0 3 3 0 2 3 4 2 5 5 2 4 1 0 3 0 4 0 3 2 4 2 2 3 5 0 2 2 0 4 2 3
7 0 0 0 3 0 2 3 2 5 2 5 0 5 1 3 4 1 0 1 2 2 2 4 1 2 2 3 3 0 3 4 5 3 2 0 2 5 2 0 1 1 4 0 1 2 5 4 3 1 1 4 3 1 3 2 5 5 0 3 4 3 5 5 2 5 5 1 4 1 2
7 0 1 1 5 0 5 1 1 4 2 0 1 2 1 2 1 3 4 4 1 4 5 3 1 0 2 3 1 1 4 3 3 5 3 0 4 1 5 4 2 4 3 5 0 0 0 3 5 4 0 0 1 1 5 4 0 3 3 1 0 0 1 4 4 5 2 4 5 0 5
7 3 5 2 5 0 0 4 2 0 3 3 2 0 3 5 1 2 2 5 1 1 0 1 0 5 4 3 2 4 4 0 0 4 3 4 2 2 5 4 3 3 2 1 1 0 3 2 4 2 4 3 2 3 1 5 4 4 4 5 3 5 1 2 4 3 2 1 3 2 4
7 3 3 4 5 2 5 0 3 4 3 0 0 2 1 5 3 4 5 3 1 2 0 2 3 1 4 4 1 4 2 1 4 5 3 4 2 1 2 1 5 1 0 2 3 3 0 4 5 1 4 1 1 4 5 3 2 5 0 2 0 0 4 4 4 1 3 3 1 0 3
7 2 2 0 1 2 0 5 1 1 4 3 5 1 2 4 0 3 1 0 3 5 1 3 1 0 1 5 2 2 1 3 4 3 3 0 0 1 4 4 1 3 2 0 5 4 5 0 3 5 2 0 3 2 4 5 5 1 0 2 3 5 3 1 1 3 4 4 4 3 4
7 3 3 2 2 5 5 5 0 5 0 4 3 1 4 5 3 0 1 1 0 2 0 4 2 3 3 4 2 1 2 3 3 5 4 5 5 1 0 3 0 0 5 2 1 5 2 4 0 3 1 3 3 0 4 1 3 0 3 5 0 1 0 2 2 1 5 3 1 2 3
7 0 2 4 0 0 2 3 4 1 5 4 3 4 3 2 2 2 4 1 0 1 1 2 0 1 4 5 5 2 2 4 3 4 3 4 3 3 5 3 5 3 2 4 3 1 1 2 0 0 0 4 4 4 3 5 0 4 3 4 2 3 0 5 0 3 0 3 2 5 4
7 2 3 2 3 0 0 3 1 2 2 4 5 5 1 3 1 0 2 2 2 4 2 0 4 5 2 1 4 3 2 0 0 1 4 2 2 4 2 2 3 2 5 3 2 1 3 5 4 4 0 2 5 3 0 5 4 5 4 5 4 0 1 4 1 0 0 5 1 4 3
7 5 1 1 0 4 2 2 2 0 2 5 4 1 2 4 0 4 1 0 2 2 3 4 3 4 1 5 1 3 2 0 5 3 5 2 1 3 4 2 4 2 2 1 5 4 1 3 5 2 5 0 4 0 3 0 0 0 0 4 0 1 4 4 0 1 1 3 5 1 4
7 0 3 2 3 5 3 5 1 5 4 1 3 3 5 1 1 2 5 1 5 5 1 5 0 3 4 2 3 1 0 1 4 4 3 2 0 2 1 0 4 2 3 5 3 1 1 4 1 5 2 1 0 2 5 1 0 1 3 3 4 0 1 5 0 3 1 5 5 1 2
7 4 2 0 5 5 1 4 2 4 3 4 2 2 1 0 0 1 0 4 5 1 4 0 4 5 4 2 5 2 4 5 5 4 2 1 1 3 1 0 3 3 4 2 0 3 1 4 2 1 0 0 3 0 0 2 3 5 0 3 0 3 4 5 3 4 0 4 2 2 1
7 0 1 4 4 0 2 5 4 5 4 4 0 4 2 1 2 2 3 2 4 0 1 2 1 4 0 2 5 3 5 0 2 3 5 1 2 3 2 1 2 4 1 3 3 1 4 1 3 3 1 4 1 4 0 1 1 0 4 0 3 0 4 4 1 2 2 3 1 4 0
7 4 2 3 0 3 3 3 3 0 5 0 1 4 4 0 0 4 0 0 0 1 1 1 2 3 1 1 4 3 4 2 0 0 3 1 1 0 4 1 4 0 0 5 3 3 1 4 3 4 4 2 1 0 2 0 0 0 4 4 4 1 3 4 4 5 5 4 2 5 3
7 4 5 3 1 4 0 2 4 4 1 0 5 2 2 4 5 3 1 3 3 4 2 0 0 0 1 4 5 2 2 0 1 0 5 1 2 0 5 0 4 0 4 5 3 0 3 2 0 1 4 1 2 5 3 0 0 4 5 3 0 5 5 0 0 3 4 2 0 4 2
7 1 0 1 5 4 4 5 1 1 5 0 5 5 3 5 3 3 3 1 4 2 3 4 0 1 0 3 0 5 1 1 5 1 1 1 5 2 3 0 4 5 1 1 0 1 4 3 5 1 0 1 3 5 2 2 2 0 2 3 1 3 5 5 1 0 4 0 0 0 0
7 0 5 2 3 0 2 1 4 1 1 0 5 1 1 4 3 1 4 1 2 1 0 2 1 3 2 4 2 1 2 3 2 3 0 1 1 3 5 3 2 5 0 4 2 2 2 0 0 5 0 3 5 3 0 0 2 0 0 4 2 3 5 2 0 3 3 1 2 4 4
7 0 0 5 5 5 0 2 0 5 4 5 5 1 2 2 5 3 3 1 3 1 2 0 1 2 3 3 0 5 0 5 4 0 3 1 0 2 0 3 0 0 1 4 5 2 3 5 2 4 4 1 4 2 0 1 3 3 0 0 2 3 2 3 4 2 2 0 3 5 3
7 2 4 4 3 3 3 4 3 1 2 0 4 2 0 0 4 1 5 3 2 5 4 3 2 1 3 3 3 4 0 5 0 3 3 0 3 1 0 1 1 1 2 5 4 1 3 5 5 1 4 3 0 1 2 2 0 5 0 4 0 5 5 4 4 0 0 4 3 0 5
7 4 3 0 3 2 2 2 4 4 0 1 0 4 4 5 3 5 4 2 5 0 5 0 4 2 0 2 0 2 3 1 3 2 2 0 4 0 4 3 2 0 2 0 5 3 1 5 0 2 2 5 5 5 3 2 3 1 5 1 1 0 1 2 3 4 2 3 2 3 2
7 4 2 1 3 3 1 1 4 5 3 4 4 3 0 1 2 2 3 3 3 2 1 4 1 1 2 1 2 5 4 3 1 3 3 5 1 4 3 1 0 0 1 5 0 1 3 0 0 3 3 2 1 5 1 3 1 3 4 5 5 1 0 0 4 4 2 2 0 2 1
7 1 0 4 3 3 2 3 4 4 1 5 4 3 5 5 0 3 5 0 5 4 5 1 2 3 4 2 0 3 4 2 3 2 0 3 4 1 1 1 0 1 0 3 2 2 2 1 4 0 4 1 0 4 0 0 3 4 4 2 0 0 4 0 5 5 1 1 5 0 2
7 2 4 5 0 1 2 2 1 4 1 1 1 1 0 4 1 5 3 1 1 0 5 2 3 3 5 2 0 0 0 1 5 2 1 1 3 1 1 2 3 0 3 1 3 1 1 0 4 1 0 0 4 3 3 4 0 3 4 1 4 5 1 4 0 2 0 5 3 2 3
7 5 2 3 3 0 5 0 4 4 3 1 1 1 2 4 0 0 4 1 5 4 1 1 4 3 2 0 2 2 0 0 1 3 5 1 1 4 3 4 5 1 0 4 4 4 0 4 4 0 4 0 0 4 0 1 3 4 1 2 5 0 2 5 0 0 3 3 1 0 2
7 4 1 5 1 4 1 3 4 4 1 0 1 1 4 1 1 2 4 1 2 2 5 4 0 0 3 3 5 0 3 3 4 2 3 5 1 1 3 4 2 3 3 5 4 3 1 1 2 1 3 0 3 4 2 4 0 1 0 5 0 4 2 4 2 4 0 4 5 0 1
7 1 4 4 0 1 1 2 5 3 4 4 4 3 4 3 3 2 1 4 0 5 0 2 1 0 4 1 2 3 5 4 0 2 5 5 0 0 1 5 2 1 4 3 4 0 5 3 5 1 5 1 2 1 3 2 3 4 4 3 3 2 2 4 0 0 3 0 4 3 2
7 3 0 3 3 2 3 4 5 3 3 0 4 0 0 1 2 1 4 4 3 0 3 5 2 5 3 4 1 3 3 2 5 1 3 0 1 3 3 5 1 4 3 0 3 5 1 2 3 0 3 4 5 0 4 1 1 1 4 1 4 2 4 3 3 4 1 0 0 3 3
7 1 5 3 2 2 1 1 3 5 3 2 3 5 4 0 3 1 2 4 0 2 3 0 2 4 0 5 0 0 3 2 1 2 3 0 5 0 3 4 2 1 0 3 1 0 1 3 4 1 1 3 0 1 3 0 4 5 0 5 1 3 2 5 5 3 2 0 3 0 0
7 0 3 0 4 0 1 0 4 3 4 0 5 2 5 4 4 0 1 1 1 4 4 5 0 4 2 5 5 3 4 0 3 5 2 3 0 1 3 3 4 0 0 1 5 2 5 3 1 0 1 5 1 2 1 1 5 2 3 0 3 4 2 1 5 2 2 3 1 1 0
<end>