<number of tasks>
11
<number of stations>
4
<type of the robots>
4
<cost of the robots>
1 4.37
2 6.08
3 7.36
4 8.67
<task times>
1 186 61 69 56
2 250 166 122 48
3 149 132 52 60
4 117 67 124 46
5 211 59 45 29
6 176 107 113 82
7 117 84 54 56
8 115 69 46 51
9 98 125 56 38
10 103 76 56 89
11 174 62 113 100
<precedence relations>
1,2
1,3
1,4
1,5
2,6
3,7
4,7
5,7
6,8
7,9
8,10
9,11
10,11
<setup time between tasks by robots>
1 0 5 21 23 23 0 9 16 0 11 16
1 18 0 16 2 23 7 2 11 5 5 7
1 14 14 0 7 21 2 9 2 0 0 23
1 23 14 7 0 0 7 5 0 18 5 21
1 14 14 14 7 0 9 9 18 5 0 16
1 18 21 11 2 23 0 16 0 0 11 7
1 14 16 9 14 11 16 0 16 0 21 16
1 18 5 14 11 2 2 14 0 16 11 16
1 16 11 5 14 14 9 18 2 0 23 14
1 18 18 18 18 0 7 14 9 9 0 11
1 18 11 23 9 2 5 23 18 2 9 0
2 0 3 2 3 7 12 13 10 13 5 5
2 8 0 2 3 2 3 8 13 8 5 0
2 7 8 0 5 10 2 7 3 2 2 2
2 2 8 2 0 12 2 13 2 3 8 12
2 8 3 5 7 0 7 12 8 10 5 7
2 13 13 5 2 7 0 5 7 7 7 5
2 2 12 12 2 7 10 0 0 3 10 2
2 8 10 8 10 3 5 3 0 2 7 5
2 0 2 10 5 13 0 10 7 0 10 0
2 10 12 0 2 8 10 3 0 12 0 3
2 0 13 5 5 3 13 10 8 5 3 0
3 0 0 7 1 4 10 7 7 4 10 7
3 4 0 8 1 10 0 3 5 1 4 0
3 4 10 0 5 10 3 4 0 11 5 1
3 1 0 3 0 7 7 10 3 3 5 8
3 0 8 11 3 0 7 0 5 3 4 7
3 1 4 5 1 0 0 0 7 3 8 4
3 0 10 10 8 5 1 0 5 4 7 7
3 4 1 7 1 10 10 10 0 7 5 1
3 11 1 7 1 5 8 1 1 0 3 0
3 8 5 4 3 8 8 7 5 5 0 3
3 1 0 10 10 8 3 0 7 1 1 0
4 0 5 0 5 5 5 0 0 0 5 0
4 6 0 0 1 5 6 5 2 3 6 0
4 1 3 0 0 2 0 0 2 6 3 1
4 5 3 2 0 0 0 1 1 2 6 3
4 1 0 3 3 0 5 6 6 3 0 2
4 5 3 2 0 5 0 6 6 7 1 5
4 2 6 5 6 6 2 0 3 0 6 5
4 1 5 2 6 1 7 0 0 0 7 6
4 0 3 2 6 2 5 0 3 0 3 6
4 5 3 1 3 0 5 1 5 3 0 2
4 5 6 0 0 2 5 3 0 5 2 0
<end>