<number of tasks>
25
<number of stations>
6
<type of the robots>
4
<cost of the robots>
1 2.01
2 2.05
3 8.14
4 9.98
<task times>
1 434 303 52 60
2 334 229 52 45
3 409 283 66 40
4 908 283 76 60
5 354 229 34 57
6 693 234 63 73
7 489 483 54 49
8 349 195 41 29
9 299 557 58 72
10 559 327 104 63
11 254 171 50 44
12 394 190 61 80
13 284 229 69 85
14 693 317 49 38
15 474 308 52 65
16 269 234 63 34
17 354 137 43 29
18 559 142 60 58
19 544 229 47 37
20 314 220 48 43
21 374 332 55 79
22 434 176 91 29
23 289 176 68 38
24 219 264 28 21
25 394 312 59 35
<precedence relations>
1,3
2,3
3,4
4,5
4,8
5,6
6,7
6,10
7,11
7,12
8,9
8,11
9,10
9,13
11,13
12,15
13,14
14,16
14,19
14,20
15,17
15,22
16,18
17,18
17,23
18,25
19,22
20,21
20,25
21,22
21,24
23,25
<setup time between tasks by robots>
1 0 40 20 10 10 40 45 5 15 40 25 5 50 15 5 10 35 35 10 50 30 20 40 5 15
1 10 0 40 25 5 10 5 45 15 35 0 50 15 30 35 25 15 0 50 25 45 30 15 10 30
1 25 10 0 15 25 25 15 45 35 35 0 0 15 40 20 30 35 20 10 50 35 30 20 35 25
1 10 50 5 0 30 20 40 50 0 35 0 30 35 0 40 25 40 30 15 50 50 40 15 0 0
1 35 25 10 40 0 50 20 0 30 50 15 30 35 50 30 40 25 10 5 5 5 40 20 40 30
1 30 50 45 50 45 0 35 45 35 0 10 40 45 20 20 35 35 30 50 35 20 35 15 0 40
1 45 0 35 0 0 0 0 20 0 5 30 30 45 10 30 45 20 0 20 40 30 15 30 20 0
1 10 15 10 35 10 20 25 0 10 15 15 25 20 35 25 25 50 10 35 0 20 10 25 10 0
1 50 10 0 35 30 25 10 40 0 50 50 0 5 5 15 25 40 40 10 10 20 5 0 35 30
1 0 15 25 15 25 10 30 40 0 0 50 15 45 0 15 35 15 50 25 35 15 20 5 40 20
1 0 20 30 45 5 40 35 15 10 30 0 35 15 10 0 30 15 20 40 40 30 20 40 15 35
1 20 5 25 15 45 30 20 45 45 50 25 0 25 30 35 40 20 50 25 25 0 10 10 30 5
1 30 15 35 45 15 50 5 50 20 45 30 35 0 0 50 25 45 35 35 10 45 35 5 20 45
1 30 25 45 45 5 25 5 10 50 30 50 15 10 0 0 25 5 30 35 20 30 45 50 20 50
1 15 10 50 15 40 10 0 40 35 50 5 50 15 35 0 40 25 50 10 15 30 0 0 15 25
1 30 25 25 20 20 5 35 5 40 5 0 35 45 15 0 0 35 45 0 5 10 0 5 45 10
1 0 20 25 30 45 40 50 0 20 50 40 25 10 20 0 45 0 35 30 25 35 10 30 30 25
1 40 25 35 10 40 5 5 0 30 40 15 10 50 25 40 15 45 0 25 45 5 50 20 45 15
1 0 20 20 15 30 5 30 20 35 5 25 40 0 10 30 25 40 45 0 30 45 0 15 45 25
1 15 30 20 5 15 20 35 30 30 5 10 5 5 40 45 20 20 20 15 0 40 50 25 15 30
1 20 35 20 20 30 50 40 50 25 50 50 25 45 45 15 50 5 25 50 45 0 40 45 15 35
1 40 50 10 15 30 25 0 20 35 35 35 0 0 5 40 25 50 20 45 35 25 0 5 40 25
1 35 0 30 30 40 45 45 50 0 20 10 5 35 45 50 5 15 10 10 50 50 0 0 45 25
1 15 5 40 40 40 45 35 35 15 25 10 15 30 45 45 10 5 10 15 15 5 0 5 0 25
1 50 45 10 50 40 5 30 45 10 25 40 40 5 25 15 50 0 30 30 20 10 10 30 10 0
2 0 15 0 5 24 10 5 20 29 29 0 29 0 5 0 10 5 5 24 0 24 10 10 5 5
2 29 0 24 29 20 24 10 10 29 24 24 29 20 20 20 0 10 0 0 15 15 5 10 29 10
2 29 10 0 24 15 20 20 24 5 20 5 15 5 24 24 29 5 20 0 10 10 29 10 5 20
2 15 15 24 0 10 29 5 10 5 20 29 0 29 24 24 15 0 10 24 29 24 0 5 20 20
2 20 10 29 5 0 24 29 0 5 0 24 20 24 29 0 29 24 10 5 0 20 10 10 20 5
2 5 15 5 20 20 0 24 10 15 20 15 15 24 24 5 5 24 10 24 24 10 20 10 15 24
2 15 0 15 20 0 15 0 15 20 24 0 29 20 29 15 5 24 15 20 29 24 24 10 5 29
2 20 10 10 5 29 5 15 0 24 24 0 5 5 24 20 5 20 15 0 0 5 29 20 15 15
2 15 29 0 5 0 15 0 24 0 5 20 15 20 24 15 0 5 24 24 15 15 10 10 29 10
2 10 29 0 5 0 15 24 10 29 0 24 5 20 5 5 29 15 10 29 10 5 24 24 5 29
2 29 15 5 24 10 10 24 24 15 0 0 5 15 5 5 5 15 20 29 29 29 24 15 20 20
2 24 15 0 15 0 24 5 5 29 10 15 0 29 5 29 10 0 24 15 29 29 15 15 10 29
2 20 10 20 0 15 0 0 24 0 15 0 29 0 29 20 5 29 15 5 10 5 5 0 29 0
2 15 29 24 10 10 24 5 29 10 20 15 0 29 0 5 15 29 5 10 20 20 5 0 24 0
2 10 24 29 29 20 0 0 15 10 29 29 10 10 20 0 24 24 29 29 29 24 15 10 15 29
2 15 0 0 24 29 0 29 20 24 5 29 20 15 10 5 0 15 20 20 29 0 0 20 0 5
2 0 0 24 20 15 24 29 24 10 15 0 29 5 29 5 29 0 15 20 10 24 24 10 15 29
2 0 20 10 24 5 29 5 20 15 29 24 5 15 10 29 0 0 0 5 0 20 29 29 29 15
2 20 29 10 0 15 15 10 29 24 10 0 10 29 5 0 0 5 20 0 0 10 5 0 20 15
2 29 0 5 20 29 24 20 0 5 5 29 15 5 5 0 15 10 20 5 0 10 0 20 20 10
2 29 24 29 20 20 0 5 15 5 10 10 0 10 5 15 20 0 10 0 29 0 10 29 20 5
2 24 15 10 20 5 15 0 20 20 0 0 0 20 15 29 5 5 29 15 10 0 0 15 10 24
2 0 5 15 20 15 10 5 29 0 0 15 29 20 15 15 5 20 5 29 24 5 15 0 29 24
2 0 20 24 29 5 0 15 0 0 20 0 15 24 15 24 0 0 20 24 0 29 29 10 0 29
2 5 10 29 29 15 15 5 10 24 20 10 24 5 24 20 5 0 29 29 5 24 29 29 15 0
3 0 5 1 5 0 0 5 5 4 4 4 4 2 1 1 5 4 0 0 5 1 4 2 6 0
3 6 0 1 4 1 1 4 5 4 0 6 1 0 6 4 1 6 2 5 0 1 4 1 5 0
3 1 6 0 0 5 5 1 0 5 5 0 0 0 2 1 2 1 6 2 4 1 1 4 5 2
3 4 0 1 0 4 5 5 4 6 1 1 0 6 1 1 2 2 2 2 0 1 1 5 1 2
3 5 1 2 1 0 5 4 1 5 1 0 0 0 6 6 2 6 4 1 5 1 4 5 1 0
3 2 2 1 5 5 0 6 5 0 5 2 5 5 5 1 1 2 6 6 2 2 2 4 4 2
3 1 5 5 5 1 0 0 5 2 6 0 2 4 5 5 0 6 5 5 4 0 6 0 1 5
3 4 6 1 5 1 6 4 0 0 4 1 0 0 0 5 1 0 0 1 6 4 6 1 1 5
3 0 1 5 5 5 1 6 4 0 4 5 5 1 2 6 0 5 2 2 5 0 0 1 4 5
3 6 0 4 4 2 5 1 5 5 0 2 5 0 2 6 1 4 2 0 5 4 5 5 0 2
3 0 0 4 5 2 4 1 4 1 2 0 0 2 2 0 5 5 2 4 4 2 5 2 5 0
3 5 2 5 4 4 2 4 0 2 1 4 0 5 2 0 6 5 1 6 0 5 5 2 5 0
3 4 5 0 1 0 5 0 5 5 4 5 1 0 4 0 0 5 4 4 5 0 2 5 1 5
3 0 4 4 2 2 2 5 1 6 6 2 4 2 0 4 5 1 2 6 2 0 0 5 4 2
3 2 1 5 1 1 4 0 4 4 0 2 1 0 2 0 0 4 1 4 2 5 0 2 2 4
3 6 2 5 0 2 2 4 4 1 4 1 2 6 4 5 0 1 0 2 6 0 5 5 0 1
3 0 2 6 4 6 4 5 2 1 4 2 5 2 1 2 0 0 4 0 5 0 6 1 0 2
3 1 2 4 0 6 6 2 0 5 4 2 5 0 6 2 0 0 0 4 1 4 6 2 2 2
3 5 4 4 5 4 6 0 5 5 6 6 6 0 5 1 4 2 5 0 4 4 4 4 0 0
3 4 1 4 0 4 1 1 0 1 2 5 4 0 5 5 2 4 2 5 0 5 6 0 6 0
3 0 4 5 4 5 1 6 2 6 6 2 2 6 0 4 2 0 1 6 2 0 6 2 2 4
3 6 5 6 5 0 4 1 0 4 2 1 5 0 1 1 0 4 4 5 1 1 0 1 1 5
3 1 4 2 0 2 2 4 1 6 6 1 1 5 4 5 0 1 1 0 5 0 0 0 2 4
3 6 1 4 1 2 2 2 5 1 4 1 6 5 1 1 0 1 4 6 6 2 2 1 0 0
3 4 5 6 2 1 5 1 6 6 0 2 0 5 2 0 6 5 4 1 2 2 1 2 4 0
4 0 3 1 4 2 1 0 1 2 4 0 5 5 2 1 4 4 4 1 0 3 2 2 0 2
4 4 0 5 3 2 4 5 0 0 1 1 2 1 2 1 5 0 1 1 2 3 4 0 0 0
4 1 0 0 3 2 0 0 3 1 3 3 1 4 1 2 1 1 1 3 3 2 2 2 3 2
4 0 2 1 0 0 4 4 2 2 3 0 1 3 4 3 4 3 3 2 2 3 5 2 0 3
4 2 4 2 4 0 2 4 4 1 3 0 4 2 0 4 1 3 2 3 2 4 0 2 0 2
4 3 0 3 5 1 0 2 4 3 1 1 1 3 3 2 5 2 1 2 0 1 4 4 0 4
4 4 0 1 4 3 3 0 5 0 3 5 2 4 4 3 2 3 1 3 2 5 4 1 0 2
4 2 1 1 1 3 5 4 0 0 1 1 4 0 0 1 0 1 3 4 2 1 5 4 2 0
4 1 1 2 5 3 4 4 1 0 5 2 4 3 4 2 2 0 2 2 0 0 3 1 1 2
4 2 3 3 1 3 4 4 3 4 0 0 2 3 2 4 4 5 3 2 1 2 2 0 4 3
4 4 3 1 0 4 3 4 4 0 2 0 3 0 2 0 2 4 4 2 3 4 5 4 5 1
4 3 1 1 0 2 4 1 1 5 4 5 0 1 1 1 4 5 3 2 0 2 4 2 4 5
4 1 0 3 2 0 0 3 3 0 5 5 2 0 0 0 2 3 5 4 0 2 3 2 4 4
4 3 4 3 3 4 1 1 1 4 2 2 0 2 0 4 5 4 1 1 4 1 0 0 2 4
4 0 3 3 4 3 5 4 2 5 0 0 4 3 3 0 2 3 1 1 0 4 5 0 2 2
4 4 2 0 4 0 1 0 0 3 2 4 0 2 0 1 0 1 3 1 1 3 0 3 0 5
4 1 0 3 3 0 0 4 4 1 4 0 3 1 3 3 1 0 0 0 3 1 1 1 0 0
4 4 4 3 2 4 2 0 2 3 1 2 3 1 1 1 1 3 0 3 1 1 0 3 3 3
4 2 3 0 0 3 1 4 3 4 2 3 3 4 0 2 3 2 2 0 4 1 5 0 4 1
4 4 4 1 0 1 4 4 1 0 0 3 0 0 0 0 2 5 2 5 0 3 4 4 3 2
4 1 5 1 2 0 4 4 2 0 0 3 2 3 2 2 2 3 1 0 1 0 2 4 4 2
4 1 4 2 1 0 4 4 3 3 2 2 0 2 2 4 3 1 1 4 3 0 0 1 3 4
4 4 2 1 0 2 5 0 1 2 2 3 0 3 4 4 2 1 0 2 3 0 1 0 4 3
4 0 0 2 5 2 3 4 4 0 3 4 4 3 0 2 1 2 0 2 2 1 3 4 0 3
4 2 2 4 2 5 3 2 4 5 0 4 0 0 4 0 0 0 1 4 5 1 1 1 5 0
<end>