<number of tasks>
25
<number of stations>
4
<type of the robots>
4
<limit of the robots>
1 2.96
2 3.02
3 3.04
4 6.34
<task times>
1 287 139 125 128
2 159 245 158 68
3 294 355 207 84
4 169 182 188 65
5 203 192 128 60
6 236 156 161 117
7 149 156 109 58
8 382 156 277 62
9 230 116 142 50
10 274 434 240 99
11 419 232 155 82
12 172 298 105 57
13 395 295 145 71
14 115 235 138 106
15 219 262 119 133
16 368 381 198 163
17 199 119 102 55
18 277 202 165 85
19 132 278 214 84
20 223 497 171 109
21 165 119 119 69
22 155 209 105 68
23 240 232 191 90
24 182 159 79 82
25 260 206 207 142
<precedence relations>
1,3
2,3
3,4
4,5
4,8
5,6
6,7
6,10
7,11
7,12
8,9
8,11
9,10
9,13
11,13
12,15
13,14
14,16
14,19
14,20
15,17
15,22
16,18
17,18
17,23
18,25
19,22
20,21
20,25
21,22
21,24
23,25
<setup time between tasks by robots>
1 0 20 17 7 10 20 10 14 17 24 17 17 24 20 14 7 17 14 17 3 20 0 24 20 24
1 24 0 7 24 3 7 7 7 0 17 24 24 10 14 7 10 20 0 0 0 20 7 10 14 10
1 7 7 0 0 10 14 24 0 3 27 0 17 10 0 20 14 7 3 0 14 20 27 24 17 10
1 20 14 14 0 0 17 20 0 17 20 0 3 20 24 3 3 10 17 7 14 24 0 14 10 17
1 10 3 10 24 0 20 7 17 24 27 3 27 10 7 0 10 24 7 10 0 0 7 0 27 0
1 0 10 0 17 24 0 0 14 17 20 14 14 10 24 14 3 24 7 24 7 17 27 3 7 7
1 7 17 20 24 3 3 0 24 7 7 27 20 10 17 7 0 0 24 7 3 24 10 0 24 17
1 3 10 14 17 0 14 3 0 14 10 20 0 17 0 7 27 3 0 14 17 0 14 17 10 3
1 20 24 0 14 10 24 14 17 0 7 10 14 20 27 7 10 14 3 0 14 14 0 3 3 3
1 20 24 10 14 0 3 24 7 7 0 7 0 3 10 0 24 17 7 0 7 24 7 10 7 14
1 14 20 17 10 7 10 14 0 14 0 0 3 0 20 10 20 10 3 7 3 17 17 3 20 14
1 0 7 7 10 17 14 14 20 0 0 24 0 20 7 27 3 10 17 27 0 3 7 7 17 24
1 20 10 24 3 7 0 20 3 3 3 17 10 0 0 3 14 24 24 3 24 10 0 27 20 3
1 20 10 7 20 0 3 27 10 0 24 3 14 10 0 10 7 24 20 10 0 3 20 7 3 17
1 17 27 3 10 14 7 3 7 17 7 14 14 10 24 0 10 14 0 24 0 7 17 10 3 27
1 24 7 7 20 17 27 24 24 14 14 20 3 0 20 3 0 0 24 14 3 10 24 10 17 24
1 0 27 0 0 14 7 24 27 3 27 3 3 7 0 24 7 0 10 17 0 17 14 0 7 7
1 24 20 3 24 24 20 20 24 24 20 7 7 17 0 14 24 10 0 7 7 24 10 3 7 14
1 20 17 20 24 14 10 17 20 10 10 10 24 7 10 27 17 24 14 0 10 14 14 20 24 17
1 0 0 10 10 0 14 3 14 14 14 0 27 27 24 0 27 17 17 7 0 0 0 3 0 20
1 20 0 0 10 3 10 20 0 24 3 27 7 0 0 14 3 14 14 14 3 0 24 14 0 0
1 17 10 20 17 20 7 10 14 27 20 20 20 14 0 20 20 17 10 10 10 3 0 10 0 7
1 10 3 14 17 10 0 10 17 14 7 14 27 24 17 3 24 17 20 10 24 10 3 0 24 3
1 7 14 17 0 10 14 24 20 10 20 7 7 3 7 20 14 17 14 3 10 7 10 24 0 3
1 20 7 17 0 3 27 3 0 7 0 10 20 14 10 0 0 0 0 14 3 20 7 3 3 0
2 0 20 7 17 17 0 10 17 13 23 10 3 3 17 17 23 27 23 0 17 17 20 17 13 0
2 0 0 3 20 23 10 10 27 0 13 20 27 23 23 3 17 0 10 10 7 0 13 10 13 20
2 3 23 0 20 13 27 27 13 27 0 3 27 17 27 20 7 17 13 20 7 7 0 20 17 13
2 10 0 27 0 0 10 17 27 13 27 3 13 0 23 3 23 17 27 10 17 0 7 13 17 10
2 17 10 13 7 0 10 13 7 20 7 23 0 13 10 10 23 7 13 3 10 27 7 27 3 0
2 17 10 17 20 10 0 10 27 3 17 17 20 7 20 20 3 17 23 7 13 17 20 7 0 13
2 17 20 10 3 3 10 0 10 20 23 10 13 10 10 20 7 23 3 10 17 3 27 10 3 17
2 3 17 23 20 27 17 7 0 3 10 20 0 13 13 3 23 10 7 7 17 3 13 23 7 20
2 17 3 0 20 7 27 10 0 0 20 7 13 0 23 0 17 17 20 7 10 10 10 7 20 3
2 3 0 17 0 7 20 23 17 13 0 7 10 0 17 10 17 27 13 23 17 17 27 20 23 17
2 7 0 23 10 7 13 10 23 7 13 0 10 10 27 10 23 23 7 3 0 20 3 0 10 7
2 23 27 3 23 27 0 17 17 7 7 0 0 23 17 27 0 23 7 0 17 20 3 27 23 7
2 17 7 13 20 0 10 13 23 10 20 23 3 0 27 27 0 13 23 17 0 3 17 10 17 27
2 13 23 3 7 7 20 23 23 0 13 23 13 13 0 10 7 7 27 7 20 10 17 7 10 23
2 20 10 7 20 13 0 20 10 13 0 0 20 23 20 0 3 10 17 23 7 27 23 13 7 17
2 17 0 20 13 0 10 13 3 23 7 7 17 27 17 7 0 0 23 13 23 17 0 17 20 13
2 13 0 0 17 13 27 23 13 7 27 20 3 23 20 27 13 0 23 7 7 3 23 10 3 0
2 13 10 0 10 23 7 3 13 3 10 27 0 0 7 7 23 17 0 20 23 3 10 23 10 10
2 13 13 27 0 3 13 13 0 0 27 7 7 3 27 10 7 13 17 0 23 17 23 20 13 20
2 7 7 3 3 10 13 13 10 7 3 13 17 23 10 27 20 23 0 0 0 20 27 0 20 23
2 20 10 17 13 0 13 23 0 3 3 0 27 10 23 0 0 3 7 27 23 0 23 10 17 0
2 20 20 17 17 3 10 7 17 7 27 23 13 0 0 0 7 0 27 0 10 27 0 3 23 20
2 0 13 17 27 13 7 3 10 0 17 27 20 23 3 27 20 10 17 17 20 10 10 0 27 20
2 3 3 20 0 17 23 13 10 20 0 27 10 10 10 7 3 27 0 27 10 20 20 7 0 13
2 20 3 13 7 27 0 27 13 17 10 23 17 13 23 20 7 23 10 17 3 0 23 27 23 0
3 0 7 10 16 16 13 16 13 13 16 0 13 16 10 16 16 0 3 13 3 0 3 3 7 3
3 13 0 13 16 3 10 7 13 0 10 7 3 10 0 16 7 16 10 0 10 7 7 3 16 3
3 16 10 0 0 13 16 13 16 13 13 3 3 0 0 3 16 7 16 0 7 0 7 10 16 16
3 7 3 10 0 0 13 0 13 7 13 10 7 10 0 7 10 7 10 0 16 13 7 10 16 16
3 13 16 0 16 0 10 16 10 10 13 3 7 16 3 7 0 0 0 7 10 3 0 10 16 7
3 0 0 10 10 3 0 7 16 0 13 10 3 3 13 7 0 3 10 7 16 3 10 7 16 10
3 16 3 0 3 3 10 0 0 3 3 16 3 3 10 7 10 0 13 7 13 3 10 13 3 13
3 16 10 10 13 7 0 10 0 0 7 0 3 3 16 7 10 10 16 3 10 16 3 3 16 3
3 7 7 10 0 0 7 10 3 0 3 16 16 10 0 13 3 7 7 13 0 10 3 10 13 16
3 16 10 7 16 16 16 16 0 16 0 0 3 0 3 10 0 7 0 13 10 0 7 3 16 16
3 0 7 16 10 7 10 10 13 16 13 0 3 3 10 16 13 13 16 0 10 7 13 13 13 10
3 3 3 3 0 13 3 3 10 3 16 10 0 7 16 3 3 10 16 0 0 3 10 16 13 7
3 16 16 16 10 7 0 16 7 3 10 0 10 0 0 13 7 16 7 7 3 13 7 0 16 3
3 7 13 10 7 13 7 7 3 16 16 10 7 10 0 3 7 13 10 0 10 3 3 3 10 16
3 3 10 7 0 13 0 0 0 16 7 10 0 13 7 0 10 16 13 0 3 10 3 16 13 16
3 10 7 13 10 10 13 7 0 13 16 7 3 7 13 16 0 7 13 3 7 10 3 7 3 0
3 3 3 7 16 10 0 13 7 16 7 10 3 13 10 10 16 0 7 3 0 13 3 0 13 16
3 10 3 7 7 13 3 13 3 16 10 3 7 3 10 13 0 3 0 16 13 16 3 0 7 3
3 7 7 0 10 3 16 10 3 13 0 7 10 0 16 7 0 3 3 0 16 10 10 3 3 10
3 10 7 0 16 3 10 7 16 16 13 10 7 7 10 10 10 7 0 3 0 0 0 7 13 16
3 7 16 16 0 16 7 7 3 13 10 16 7 7 10 10 16 10 13 0 0 0 16 16 0 10
3 7 3 7 3 16 0 10 3 10 16 0 16 13 7 0 7 16 3 7 13 3 0 3 10 7
3 0 7 16 7 3 10 13 0 10 7 16 7 13 3 3 10 3 7 7 16 7 16 0 0 13
3 7 7 10 10 13 10 3 3 0 3 16 16 16 7 3 13 3 7 7 16 3 0 13 0 0
3 0 16 13 7 16 13 10 0 3 7 10 10 3 10 0 7 3 13 10 13 7 7 3 0 0
4 0 3 11 5 2 6 2 9 2 8 6 2 2 5 11 9 2 2 3 5 2 6 11 0 5
4 6 0 11 0 6 11 9 0 0 8 6 8 9 8 9 9 2 0 2 8 3 11 8 0 0
4 2 11 0 5 5 3 9 6 8 8 8 3 0 9 9 0 5 2 0 2 6 5 3 6 2
4 0 2 6 0 8 5 3 3 8 3 9 8 8 6 2 9 3 5 2 11 11 6 0 9 8
4 3 0 8 2 0 3 2 3 6 9 2 11 3 2 8 3 0 5 2 6 5 0 8 0 9
4 9 6 3 0 3 0 5 2 6 0 2 5 5 6 3 8 2 8 6 3 0 0 8 8 2
4 3 0 9 11 6 2 0 0 3 2 3 8 11 8 8 6 8 11 2 5 9 11 11 5 8
4 3 5 8 6 2 6 9 0 0 2 3 3 3 8 2 5 9 11 0 6 0 5 6 9 9
4 11 8 0 5 6 8 8 9 0 6 0 6 3 9 0 11 3 11 8 6 8 8 9 11 5
4 0 5 0 8 9 8 6 5 3 0 5 11 2 3 8 8 6 11 2 2 0 9 11 3 6
4 9 3 2 5 2 11 11 6 8 5 0 3 8 3 8 0 8 11 2 3 8 8 8 9 3
4 9 8 3 3 8 8 0 3 6 2 11 0 11 9 5 11 2 6 9 11 5 11 8 0 6
4 2 11 0 0 5 5 9 5 0 8 3 2 0 0 0 3 2 8 8 6 9 3 11 6 0
4 5 11 11 2 0 0 8 11 5 9 5 6 2 0 0 9 11 9 6 8 8 2 11 0 9
4 9 6 9 2 11 9 0 6 2 6 9 8 0 11 0 8 2 6 9 5 5 5 3 6 6
4 5 6 6 9 3 8 11 11 5 0 5 11 0 0 9 0 5 5 9 0 3 5 5 6 6
4 5 11 8 0 11 9 3 9 3 6 3 5 0 2 2 3 0 2 9 0 6 3 5 9 8
4 2 2 2 2 8 2 9 0 9 8 0 9 0 6 2 9 11 0 11 0 5 2 11 0 11
4 5 6 2 8 9 3 6 11 9 6 8 2 9 6 2 9 3 0 0 5 0 6 0 3 5
4 5 6 11 8 5 8 8 6 0 6 8 0 2 8 11 6 3 8 9 0 0 2 9 11 2
4 2 5 8 3 8 9 11 0 6 5 3 2 3 3 3 3 2 5 2 6 0 2 3 9 9
4 0 0 0 3 6 6 3 8 0 8 0 0 5 3 6 11 0 0 6 11 0 0 6 8 5
4 5 3 6 9 5 6 5 2 5 8 8 11 3 3 3 0 3 3 11 5 0 0 0 11 8
4 6 8 11 11 6 9 11 6 9 3 11 11 3 11 3 5 5 2 3 6 5 3 2 0 11
4 11 6 0 8 5 3 3 0 11 2 9 8 5 11 9 0 8 3 5 0 11 5 0 0 0
<end>