<number of tasks>
25
<number of stations>
9
<type of the robots>
4
<cost of the robots>
1 2.94
2 2.96
3 4.09
4 8.39
<task times>
1 255 176 127 39
2 367 108 83 31
3 459 186 178 66
4 302 159 137 82
5 180 159 117 55
6 187 210 81 31
7 102 112 93 27
8 156 115 188 44
9 211 183 88 51
10 177 135 110 44
11 377 260 159 85
12 166 115 105 51
13 296 108 78 54
14 166 247 112 38
15 217 304 166 46
16 289 433 110 88
17 143 115 76 42
18 187 159 232 71
19 190 149 90 61
20 214 206 142 54
21 217 129 78 49
22 316 359 122 43
23 163 176 110 48
24 197 159 98 31
25 143 129 95 46
<precedence relations>
1,3
2,3
3,4
4,5
4,8
5,6
6,7
6,10
7,11
7,12
8,9
8,11
9,10
9,13
11,13
12,15
13,14
14,16
14,19
14,20
15,17
15,22
16,18
17,18
17,23
18,25
19,22
20,21
20,25
21,22
21,24
23,25
<setup time between tasks by robots>
1 0 24 7 0 0 10 24 10 17 3 14 14 20 0 10 0 20 20 20 3 7 7 3 0 20
1 24 0 20 24 14 14 17 3 17 0 0 3 10 7 17 17 3 0 20 0 10 20 14 3 20
1 24 10 0 0 3 7 17 7 0 20 14 0 10 24 3 17 20 10 0 7 7 20 10 3 7
1 0 0 14 0 10 20 0 10 0 3 7 20 20 0 3 7 17 3 0 3 14 20 17 17 7
1 20 17 7 0 0 7 10 0 20 0 3 17 7 0 24 3 17 17 24 20 3 20 20 17 3
1 17 20 0 10 17 0 3 3 14 20 7 20 3 20 10 14 20 20 20 0 7 7 14 17 0
1 0 10 3 10 7 10 0 0 7 7 17 3 20 10 20 10 10 14 14 0 24 3 14 14 24
1 0 17 24 17 20 10 17 0 20 24 10 10 24 14 7 3 10 3 7 7 3 3 7 10 7
1 14 20 0 14 7 3 7 20 0 17 0 24 0 24 0 17 0 17 3 10 17 20 17 10 14
1 14 10 3 14 0 7 7 0 3 0 17 20 7 20 20 0 7 0 0 3 3 3 3 7 7
1 10 24 17 3 10 0 7 7 10 0 0 3 17 3 10 14 24 10 3 14 20 20 14 10 3
1 17 20 14 20 17 10 17 0 14 7 10 0 3 24 3 3 3 3 0 10 3 7 17 0 0
1 3 14 7 3 0 0 7 20 0 3 7 14 0 20 0 17 17 0 17 24 3 0 24 17 17
1 0 20 17 20 7 20 7 3 17 17 17 0 7 0 24 10 24 3 7 17 3 10 20 7 7
1 0 17 3 20 20 0 0 17 17 14 0 10 14 17 0 17 14 14 17 7 7 7 20 17 20
1 14 7 24 0 7 17 0 0 3 14 24 24 10 20 7 0 7 14 7 0 0 17 0 14 3
1 20 24 14 7 0 10 10 17 10 17 7 14 3 24 20 3 0 0 10 0 14 20 17 7 3
1 3 17 0 0 0 17 0 10 3 7 24 7 0 0 20 17 20 0 7 17 17 3 17 17 0
1 14 3 20 0 0 10 7 14 7 17 7 3 14 24 24 14 20 14 0 14 10 17 14 7 14
1 3 17 10 7 3 10 10 20 20 0 7 24 10 10 24 7 10 24 10 0 17 3 10 17 20
1 0 20 20 14 0 0 17 17 10 3 3 10 20 20 0 14 3 10 24 17 0 7 7 0 3
1 14 14 3 17 20 20 20 14 14 7 3 0 7 17 3 14 0 0 24 10 10 0 14 17 3
1 24 10 7 10 7 7 24 14 17 3 20 7 0 0 3 17 3 20 14 3 0 14 0 24 14
1 20 10 20 3 7 3 20 0 10 7 10 14 7 24 17 20 0 0 3 0 10 20 14 0 3
1 24 3 20 24 3 7 14 14 0 14 0 20 10 7 17 0 14 17 10 0 0 10 24 14 0
2 0 20 14 3 7 10 0 17 17 3 20 7 20 14 10 0 20 7 3 10 7 10 24 17 7
2 3 0 3 7 20 0 17 0 7 17 0 10 14 20 20 14 17 24 0 10 3 10 3 7 20
2 0 24 0 17 17 3 3 20 10 20 14 20 20 10 14 7 7 10 10 14 10 24 17 10 20
2 0 10 10 0 3 17 14 14 7 10 17 20 0 20 7 14 17 14 17 24 0 10 0 24 14
2 20 17 20 3 0 17 24 7 10 20 24 14 14 10 17 10 14 17 0 17 3 7 10 7 0
2 17 17 3 20 3 0 3 24 7 17 10 0 3 20 14 20 10 3 17 3 24 17 3 14 3
2 7 14 10 24 14 3 0 10 0 24 7 10 14 24 14 20 10 10 3 24 24 24 14 20 24
2 14 7 7 3 10 17 14 0 14 7 3 7 17 0 10 24 20 24 3 10 10 0 14 24 20
2 7 24 20 17 24 3 10 7 0 10 17 7 17 7 7 20 14 17 0 24 17 0 14 10 20
2 20 20 14 14 14 7 7 20 7 0 0 24 0 7 20 20 20 17 24 24 0 3 0 20 17
2 3 7 0 24 0 24 7 3 14 24 0 20 10 20 24 17 7 0 17 14 24 14 24 7 14
2 17 20 7 24 10 7 3 24 24 10 3 0 10 10 3 17 14 17 14 14 14 0 10 3 3
2 10 14 0 3 24 7 0 0 7 3 17 3 0 3 20 14 7 14 10 20 10 3 17 17 17
2 3 7 14 0 10 14 24 20 7 3 20 24 20 0 3 3 20 0 17 20 24 7 20 7 0
2 24 7 17 24 0 24 20 24 3 17 10 3 17 24 0 10 10 24 17 3 14 3 10 17 24
2 3 0 10 24 7 0 0 0 14 3 14 14 0 7 3 0 14 14 3 0 17 10 10 24 3
2 24 14 7 10 17 24 0 24 24 20 17 0 7 17 14 20 0 3 24 14 10 17 3 20 3
2 3 20 14 24 0 17 10 10 10 20 24 24 3 14 20 24 10 0 3 14 14 20 14 3 14
2 0 10 24 14 3 20 17 3 0 20 3 14 14 10 3 0 20 0 0 14 3 3 3 10 24
2 7 14 20 24 24 3 14 17 20 24 24 7 7 14 10 20 3 14 24 0 17 20 0 24 7
2 7 10 10 14 7 24 10 3 0 0 24 3 0 17 10 3 10 0 0 10 0 0 3 14 24
2 17 14 17 0 3 14 0 0 3 24 3 3 10 7 24 0 10 10 20 17 24 0 7 14 10
2 0 7 7 14 17 3 24 24 7 20 3 17 14 24 17 20 0 24 17 3 7 20 0 17 20
2 17 10 17 14 10 3 17 17 20 0 3 10 10 3 14 17 14 0 14 24 3 24 0 0 17
2 20 10 0 14 17 7 10 14 3 14 0 17 17 14 20 14 7 14 20 7 0 7 3 24 0
3 0 17 0 15 0 7 0 12 12 15 15 15 0 17 0 0 0 12 10 5 0 5 17 7 5
3 7 0 17 2 5 7 2 7 0 12 17 0 17 7 0 2 2 5 7 0 15 17 10 7 0
3 5 12 0 0 7 7 0 15 17 12 7 17 0 10 17 17 0 17 17 7 10 15 12 5 2
3 17 0 12 0 15 15 2 17 10 10 7 10 5 0 10 10 10 17 12 7 0 15 12 5 12
3 0 15 7 5 0 17 2 10 12 10 2 10 2 10 17 12 10 2 15 2 15 12 15 10 12
3 5 17 15 0 7 0 10 0 10 0 15 17 12 10 0 15 2 10 0 12 7 15 5 12 12
3 17 5 0 5 10 0 0 15 2 12 17 12 5 12 12 10 10 5 12 12 5 17 0 7 5
3 12 17 2 17 5 12 10 0 10 10 10 12 0 10 2 15 0 15 7 0 7 15 2 2 10
3 5 17 7 10 0 7 12 12 0 0 7 5 12 0 5 17 2 10 2 2 2 0 0 7 12
3 15 15 12 17 7 15 10 12 0 0 10 7 0 5 2 12 17 17 10 5 15 15 15 7 7
3 17 0 10 0 12 7 15 15 5 7 0 5 12 5 15 10 10 7 0 5 10 0 5 7 5
3 15 5 17 2 15 10 7 10 10 0 0 0 10 10 10 12 10 2 5 0 2 0 12 12 7
3 2 15 0 7 0 7 12 2 5 10 7 2 0 12 7 12 12 0 0 17 5 10 5 12 10
3 10 5 5 10 5 0 10 17 12 7 5 12 12 0 5 7 2 12 5 12 12 5 10 12 17
3 15 10 0 15 5 12 10 0 12 12 7 0 0 12 0 12 15 2 2 7 10 17 0 5 0
3 5 15 15 10 5 0 10 15 12 7 10 12 5 0 17 0 15 2 7 10 7 5 7 5 10
3 2 0 7 2 2 15 5 12 0 0 12 10 12 12 10 7 0 17 17 5 10 7 17 0 10
3 5 10 5 10 5 10 7 15 0 17 15 15 2 15 12 5 0 0 0 7 0 5 15 2 15
3 17 7 7 12 5 12 12 15 12 0 12 5 17 0 0 12 5 15 0 0 2 12 17 10 2
3 0 2 12 15 0 17 0 15 7 7 2 15 10 0 7 2 7 7 5 0 17 15 15 15 12
3 7 12 12 2 12 7 12 17 0 5 0 17 0 2 10 0 17 2 10 15 0 12 2 2 0
3 10 2 17 0 17 17 10 17 0 12 0 7 15 17 5 12 7 10 17 5 7 0 2 12 5
3 0 17 15 10 15 10 7 2 15 15 0 15 2 2 5 10 15 12 17 15 15 0 0 0 0
3 12 0 15 17 7 0 17 2 12 15 17 12 5 15 17 10 10 7 15 12 15 12 0 0 10
3 7 5 5 17 5 7 7 17 17 0 7 7 17 12 7 0 0 7 5 7 2 10 10 17 0
4 0 0 0 6 1 6 4 4 6 1 5 0 4 6 5 2 2 0 1 4 4 2 4 2 0
4 2 0 6 2 1 5 0 1 5 4 0 2 5 2 0 2 4 0 4 1 1 0 0 1 4
4 4 1 0 4 6 6 2 1 2 0 2 0 1 4 0 0 2 4 6 5 1 0 1 2 0
4 6 4 0 0 6 0 4 1 6 4 5 0 2 0 2 2 5 2 5 5 0 2 5 0 2
4 0 4 5 1 0 5 1 2 2 4 5 4 2 6 2 5 0 5 5 2 1 0 6 2 1
4 0 4 1 1 1 0 2 1 0 2 4 0 0 0 5 1 1 1 6 4 6 4 5 5 4
4 2 6 2 0 5 2 0 5 0 0 1 5 5 4 2 4 6 1 0 4 6 6 4 5 2
4 2 2 0 5 4 6 2 0 6 5 0 0 6 1 4 4 0 2 4 4 1 5 6 6 0
4 5 5 6 0 6 2 6 6 0 1 2 4 5 1 0 6 0 4 2 1 2 2 4 2 0
4 2 5 1 6 6 4 0 4 4 0 2 0 5 0 4 4 0 6 4 2 1 6 5 1 6
4 2 5 0 5 0 4 6 4 0 0 0 0 4 2 2 0 5 0 5 6 1 5 0 4 1
4 4 5 2 6 6 2 1 0 1 1 0 0 5 2 0 1 1 1 1 4 2 1 0 4 1
4 4 4 1 5 0 0 0 1 6 2 2 5 0 1 2 4 4 4 5 4 2 5 1 5 6
4 1 5 4 0 6 0 0 4 2 6 4 0 1 0 6 0 5 0 2 6 0 4 6 0 5
4 1 1 5 1 0 2 1 2 4 5 1 4 2 5 0 6 1 6 6 2 5 0 1 5 1
4 2 1 1 5 6 5 0 6 5 5 4 5 4 4 2 0 6 5 5 4 5 4 4 4 5
4 4 2 0 1 2 0 1 0 4 6 4 0 5 0 2 5 0 4 1 5 4 6 6 6 6
4 2 4 0 4 5 6 1 5 4 5 0 1 1 6 2 4 2 0 0 6 2 1 5 4 5
4 5 5 2 1 5 4 4 6 2 2 0 1 5 4 5 1 4 1 0 1 1 4 4 2 6
4 6 5 6 5 4 6 4 6 1 6 4 2 0 5 0 6 6 0 2 0 4 2 2 2 1
4 1 5 6 2 5 4 0 2 1 1 2 1 6 4 6 5 2 0 0 0 0 1 0 0 6
4 4 0 5 4 6 0 4 1 6 0 6 2 5 2 0 6 0 1 1 2 1 0 2 0 0
4 0 6 1 4 0 1 6 1 0 5 1 5 6 1 0 5 5 2 0 4 0 2 0 5 6
4 2 2 6 0 6 4 1 6 4 5 4 2 0 4 5 0 0 6 5 6 6 6 2 0 1
4 1 4 5 2 2 2 0 0 1 5 5 4 4 1 0 0 1 4 1 4 0 2 0 5 0
<end>