<number of tasks>
25
<number of stations>
3
<type of the robots>
3
<limit of the robots>
1 4.23
2 5.30
3 8.86
<task times>
1 130 126 82
2 113 106 85
3 177 176 110
4 85 100 43
5 94 102 50
6 262 85 46
7 111 83 55
8 371 251 97
9 352 109 110
10 191 106 77
11 146 100 52
12 85 72 52
13 264 126 75
14 161 92 45
15 179 113 101
16 151 128 147
17 118 160 90
18 120 143 123
19 156 145 72
20 128 104 62
21 201 109 65
22 205 81 94
23 120 102 58
24 146 198 59
25 97 85 69
<precedence relations>
1,3
2,3
3,4
4,5
4,8
5,6
6,7
6,10
7,11
7,12
8,9
8,11
9,10
9,13
11,13
12,15
13,14
14,16
14,19
14,20
15,17
15,22
16,18
17,18
17,23
18,25
19,22
20,21
20,25
21,22
21,24
23,25
<setup time between tasks by robots>
1 0 12 9 12 0 5 17 17 12 12 9 9 7 12 19 17 0 12 0 0 14 19 17 0 14
1 9 0 0 14 12 14 0 17 14 14 14 17 0 7 0 7 2 5 12 14 19 5 12 7 12
1 7 2 0 9 7 14 2 2 19 2 17 14 7 9 0 14 5 0 2 0 2 2 2 12 17
1 17 0 9 0 2 0 7 2 19 14 14 19 5 9 19 12 19 17 7 12 9 7 5 5 17
1 9 0 9 7 0 12 12 0 12 5 7 5 9 0 14 7 17 2 12 0 2 2 12 19 12
1 7 9 19 7 14 0 19 5 0 0 7 0 14 19 2 2 7 0 19 17 14 0 0 5 5
1 2 0 2 9 9 5 0 14 5 19 7 5 2 17 9 17 17 5 7 14 19 2 9 7 9
1 2 2 0 14 19 5 9 0 7 14 19 17 0 2 12 12 7 5 0 14 14 2 2 12 14
1 14 0 12 5 5 12 7 5 0 7 5 14 5 14 7 17 17 9 2 17 12 5 0 5 9
1 17 7 14 2 9 0 17 9 14 0 17 7 19 17 0 14 5 7 12 7 7 14 5 2 17
1 5 2 19 2 5 19 17 19 12 19 0 19 0 5 14 19 19 12 19 14 7 12 14 12 19
1 19 12 17 0 17 9 12 7 17 19 19 0 7 0 2 14 9 5 7 7 12 7 12 19 17
1 7 14 9 2 17 14 19 2 0 9 19 9 0 9 14 19 9 19 17 17 2 5 9 14 12
1 2 12 2 12 2 5 17 19 0 7 12 17 0 0 19 9 7 7 0 5 7 12 12 17 2
1 12 2 12 7 7 12 5 9 9 12 9 19 17 9 0 9 9 12 0 19 12 7 12 14 12
1 0 14 12 9 7 7 2 9 19 5 0 14 12 17 5 0 14 19 0 0 12 12 12 17 7
1 7 14 12 0 9 17 12 7 12 12 0 17 19 7 5 9 0 19 7 14 14 9 5 19 17
1 12 14 2 0 19 5 14 0 0 19 17 2 14 5 2 19 5 0 7 2 7 9 14 14 0
1 7 14 2 5 14 0 0 2 17 9 0 12 0 7 9 9 7 19 0 12 2 9 0 9 12
1 17 7 9 2 2 9 12 7 12 7 9 12 9 19 5 2 19 5 19 0 5 5 9 12 7
1 12 0 14 14 5 2 12 9 7 14 9 19 7 9 14 19 12 5 12 5 0 17 5 19 12
1 14 12 2 0 9 19 7 14 9 19 0 2 5 12 5 14 5 7 17 7 19 0 14 17 0
1 7 0 0 12 5 14 5 7 9 2 5 9 7 17 2 12 2 17 7 5 17 17 0 12 5
1 19 17 14 17 2 19 2 19 7 0 17 12 5 19 19 12 17 17 17 14 7 9 0 0 2
1 2 5 19 14 0 7 14 12 0 17 7 17 12 7 5 9 7 9 2 2 19 0 7 12 0
2 0 8 11 11 13 15 9 6 9 15 0 13 9 8 11 13 4 4 0 13 9 11 15 13 9
2 11 0 17 11 17 13 6 6 0 17 11 15 11 2 15 2 4 2 9 17 6 2 15 13 9
2 11 4 0 4 11 15 11 0 6 17 6 9 4 17 6 11 6 4 4 2 11 0 13 2 15
2 8 2 4 0 15 15 15 13 4 2 2 11 6 6 11 8 2 11 8 4 2 9 6 0 2
2 6 0 8 6 0 0 6 13 4 4 13 8 11 13 9 6 0 6 15 8 11 9 8 0 9
2 2 6 17 13 6 0 0 15 6 11 8 9 4 6 8 11 15 15 13 8 0 15 2 4 4
2 2 8 17 8 4 2 0 6 2 0 13 15 9 11 4 11 4 0 6 17 11 13 8 8 11
2 11 0 11 9 13 8 4 0 11 11 11 6 9 15 9 13 17 2 13 6 4 8 17 8 2
2 6 4 4 9 6 13 6 4 0 11 15 6 4 4 6 2 11 4 11 13 13 6 0 9 0
2 2 0 9 0 13 13 0 4 0 0 13 13 6 6 13 8 9 13 13 11 13 4 2 17 13
2 11 6 8 15 8 8 8 6 9 4 0 0 15 2 11 13 8 0 9 2 6 0 0 8 0
2 6 15 0 8 9 17 11 8 8 15 6 0 4 9 4 15 4 8 0 6 4 11 4 13 4
2 6 8 0 8 13 4 2 0 4 0 2 2 0 2 9 0 4 8 4 6 6 13 4 2 0
2 2 17 9 6 2 8 15 0 8 6 11 17 6 0 9 6 17 9 11 8 6 11 0 9 4
2 9 4 15 9 11 4 4 15 8 15 11 11 11 6 0 4 0 9 9 15 6 4 2 8 13
2 13 0 13 0 13 11 17 9 15 15 15 13 4 0 6 0 15 6 13 6 6 17 13 17 0
2 13 8 17 8 2 15 15 2 13 8 6 2 11 0 8 15 0 8 11 4 9 6 4 6 9
2 11 13 13 6 8 0 8 11 15 15 2 0 6 9 6 6 4 0 6 9 0 17 15 9 15
2 9 8 13 13 0 2 8 2 0 13 11 8 17 8 15 4 11 15 0 6 11 6 15 15 2
2 4 2 13 4 4 8 4 11 6 2 4 11 2 6 6 9 4 2 8 0 9 11 17 9 0
2 8 6 11 17 17 15 13 11 0 13 15 11 8 11 0 9 4 11 17 4 0 9 4 0 9
2 15 13 4 17 9 4 13 9 2 0 6 2 6 2 2 2 2 0 17 13 6 0 2 15 0
2 9 4 0 17 9 2 13 17 8 6 4 6 17 6 2 9 0 2 15 11 4 15 0 2 13
2 0 2 6 2 6 2 8 9 2 11 4 13 11 4 6 2 8 2 17 6 15 2 8 0 13
2 2 11 4 8 9 2 0 6 4 13 0 4 17 8 0 13 17 8 4 13 6 6 11 4 0
3 0 3 2 0 2 5 1 7 0 5 2 5 3 8 0 5 1 1 1 6 7 5 7 5 8
3 3 0 0 1 3 1 0 5 3 3 1 3 10 9 7 8 7 1 8 8 6 5 3 5 9
3 1 1 0 1 9 10 8 1 9 0 2 1 7 7 1 0 0 8 9 9 0 5 1 0 7
3 2 9 1 0 5 2 2 0 1 7 1 6 0 8 9 8 2 3 5 7 0 3 0 7 5
3 9 9 8 7 0 0 6 5 8 6 9 8 0 3 0 0 6 6 9 8 6 2 0 10 3
3 0 0 2 5 1 0 7 0 7 0 1 3 7 1 5 5 5 1 6 1 1 5 7 0 1
3 9 0 0 1 1 1 0 7 1 7 7 10 10 2 3 2 1 0 6 3 3 7 3 8 8
3 8 5 6 8 2 6 2 0 7 8 9 2 3 9 0 9 7 0 6 3 0 9 8 6 3
3 10 1 0 10 8 9 1 0 0 7 7 2 5 2 2 6 6 1 1 7 10 8 0 10 8
3 3 8 3 9 8 2 8 10 8 0 6 1 1 3 1 6 3 1 2 3 7 1 5 2 3
3 1 0 6 1 5 6 3 5 5 0 0 9 8 6 2 9 1 5 3 6 10 2 6 2 8
3 3 10 2 8 1 1 3 9 6 1 3 0 9 0 8 3 8 3 1 10 8 3 8 8 5
3 2 9 2 6 9 9 6 9 5 3 9 8 0 7 3 7 1 9 3 8 7 1 5 9 8
3 8 9 2 2 0 7 5 2 1 0 2 8 8 0 2 6 7 3 9 9 1 1 8 8 2
3 0 6 2 7 2 6 0 8 5 0 0 8 7 5 0 0 5 5 7 1 7 2 9 0 10
3 1 6 10 0 9 9 5 0 6 7 10 8 8 9 1 0 2 7 0 9 1 8 0 5 8
3 6 2 5 3 6 3 8 5 6 7 3 1 6 6 3 3 0 2 1 7 8 7 2 10 5
3 7 10 6 3 3 6 0 5 1 6 7 10 3 0 5 7 2 0 1 7 7 7 1 7 6
3 0 10 1 2 1 7 3 8 2 1 6 6 7 5 8 3 5 7 0 2 10 2 0 2 0
3 8 8 2 9 2 0 7 2 8 0 6 1 0 3 1 5 2 7 5 0 6 5 10 3 8
3 8 5 1 8 8 0 2 7 5 1 3 8 0 5 7 7 9 7 8 7 0 6 2 0 5
3 6 6 6 8 7 2 1 0 3 7 2 2 6 9 5 7 7 5 8 2 10 0 1 8 8
3 5 5 2 5 0 8 2 0 0 8 10 2 7 2 9 9 2 3 10 7 2 5 0 9 7
3 5 6 2 10 1 3 3 2 6 1 3 3 9 0 2 6 3 7 10 10 6 9 9 0 3
3 0 3 3 8 8 8 3 0 1 10 1 6 1 1 3 1 1 3 0 1 6 2 2 10 0
<end>