<number of tasks>
35
<number of stations>
12
<type of the robots>
4
<cost of the robots>
1 3.28
2 3.32
3 4.02
4 5.69
<task times>
1 131 232 144 63
2 64 78 92 53
3 131 124 100 60
4 171 121 85 60
5 113 166 174 56
6 88 109 65 44
7 180 226 114 61
8 64 136 100 37
9 165 229 77 74
10 256 226 100 77
11 171 202 179 56
12 76 93 80 77
13 201 90 122 65
14 177 127 95 79
15 229 142 286 118
16 137 166 177 56
17 177 103 157 76
18 152 121 169 76
19 210 136 189 142
20 143 199 107 70
21 262 193 97 72
22 268 145 127 162
23 174 265 149 125
24 104 81 107 46
25 107 160 124 46
26 210 142 100 76
27 201 193 87 90
28 98 112 75 118
29 198 190 189 102
30 168 93 154 63
31 189 181 147 81
32 70 100 137 33
33 101 72 85 44
34 122 232 127 67
35 101 136 85 111
<precedence relations>
1,2
1,5
1,7
1,10
1,12
2,3
3,4
4,11
5,6
6,7
6,8
7,14
7,18
8,9
9,13
10,14
11,28
11,33
12,18
13,28
13,33
14,15
15,16
16,21
17,20
18,19
19,20
20,21
21,22
21,25
21,30
21,32
22,23
23,24
24,27
25,26
26,27
27,28
27,33
27,34
28,29
30,31
31,32
32,33
33,35
<setup time between tasks by robots>
1 0 9 12 0 6 9 0 6 12 12 6 0 3 6 3 12 3 15 3 6 6 3 0 12 9 3 12 12 0 9 12 9 0 9 6
1 12 0 6 6 12 9 0 0 3 12 15 15 3 6 12 6 12 15 0 3 6 0 3 12 6 0 9 12 0 12 6 9 3 3 0
1 15 9 0 12 6 6 12 12 0 3 12 6 9 0 9 12 0 0 0 12 6 3 0 3 9 0 12 0 6 3 9 9 0 0 15
1 6 3 12 0 0 9 12 9 3 3 3 3 9 0 3 6 3 3 3 3 6 0 3 12 0 6 0 9 0 6 6 0 9 0 9
1 3 9 6 3 0 3 3 12 6 12 9 9 15 0 12 0 9 6 12 12 12 0 12 3 12 6 6 6 9 0 6 6 12 6 3
1 9 9 15 3 6 0 0 12 6 6 6 3 9 12 15 12 6 6 6 9 0 15 6 9 9 9 12 6 3 12 9 6 9 3 0
1 6 9 6 3 0 0 0 6 6 6 9 12 6 3 6 9 6 3 12 9 12 6 12 12 3 3 6 6 3 6 15 9 12 6 0
1 6 3 3 3 6 12 12 0 3 15 0 3 3 6 0 3 12 6 9 0 9 12 0 12 0 6 3 6 9 12 9 0 6 0 6
1 0 12 6 3 9 6 9 0 0 0 9 3 0 12 3 12 3 0 6 0 12 3 6 3 0 6 12 9 15 12 9 0 6 15 3
1 9 9 6 12 3 3 6 9 12 0 9 6 3 9 12 6 9 12 9 3 6 3 0 0 12 6 6 9 12 6 9 6 6 12 9
1 3 3 6 12 6 12 6 3 9 6 0 15 3 3 6 12 0 3 9 0 3 3 3 9 0 0 0 3 6 0 0 0 12 0 3
1 6 3 0 9 3 9 3 6 9 6 6 0 3 3 3 9 9 6 3 3 6 12 0 9 0 9 12 15 9 3 0 12 0 3 6
1 3 9 3 0 9 9 3 9 12 9 3 12 0 6 3 9 3 3 0 3 9 9 12 6 9 6 12 9 6 3 12 6 3 6 3
1 3 3 3 3 6 9 3 3 6 3 12 9 15 0 9 9 12 12 0 6 3 0 9 9 6 0 12 0 0 0 6 12 3 3 3
1 15 3 12 12 6 9 3 6 6 12 15 9 3 0 0 15 15 3 0 9 15 6 0 9 12 9 6 0 0 9 12 3 0 12 12
1 6 12 0 3 3 3 3 0 3 9 12 15 3 3 12 0 12 12 0 9 9 0 3 6 9 3 12 6 0 12 0 6 0 6 9
1 6 3 9 9 0 3 6 12 12 3 6 12 9 6 12 12 0 9 12 6 12 0 12 12 12 6 0 6 9 0 0 9 6 3 12
1 0 12 6 9 9 0 15 6 9 9 9 6 12 12 12 3 9 0 3 6 9 9 3 0 6 15 9 0 3 15 3 6 6 3 6
1 12 6 15 9 6 0 3 12 3 3 6 6 3 6 12 3 12 9 0 9 6 0 9 3 9 6 15 0 0 9 12 3 6 0 9
1 9 3 15 12 12 3 0 12 9 3 3 3 12 6 9 3 6 12 0 0 0 6 9 12 15 9 3 0 15 0 3 9 6 12 3
1 12 0 6 0 12 0 3 0 15 6 9 3 3 3 6 3 6 3 3 0 0 12 0 6 6 12 12 0 0 3 0 6 9 6 9
1 6 3 3 0 0 0 3 12 3 6 9 9 3 3 3 15 12 0 12 9 6 0 0 12 12 12 6 6 6 6 12 12 3 3 3
1 3 15 12 12 0 3 9 6 3 6 12 12 9 0 6 9 12 6 3 0 6 0 0 9 6 6 6 3 3 3 9 12 9 3 6
1 6 0 3 0 9 0 12 0 3 15 0 9 12 12 6 9 3 3 9 12 0 0 15 0 6 3 9 12 6 3 9 6 0 9 0
1 3 3 6 3 3 6 6 6 3 6 6 0 3 3 6 6 6 3 6 3 3 6 12 6 0 0 3 9 6 0 9 9 12 6 12
1 0 3 9 0 6 9 0 9 0 12 12 6 12 0 6 0 0 15 6 0 0 6 6 9 6 0 12 0 9 6 6 0 9 6 0
1 0 6 0 0 12 0 3 12 9 12 6 12 9 3 6 3 0 3 12 9 3 3 3 12 6 3 0 9 6 9 15 9 3 3 0
1 3 12 0 6 0 3 6 3 9 6 9 12 6 9 12 9 3 12 3 12 6 3 15 6 9 15 9 0 0 6 6 12 15 6 0
1 12 0 0 9 12 3 6 0 0 0 12 0 3 6 12 9 12 15 12 3 12 3 12 0 9 9 9 3 0 6 3 9 3 12 12
1 12 3 3 6 15 12 15 0 3 6 3 9 12 9 9 6 12 6 6 0 9 9 3 0 0 9 9 12 12 0 3 6 12 3 0
1 9 3 12 0 12 15 15 3 9 12 9 9 3 0 9 12 3 0 9 0 0 3 9 0 0 15 12 6 3 6 0 12 12 0 6
1 0 0 15 3 9 12 0 3 3 6 9 3 3 0 12 9 12 6 9 0 9 9 0 9 6 0 12 6 12 9 12 0 9 0 0
1 12 9 6 9 15 3 6 12 3 6 0 9 6 9 0 12 0 12 9 0 0 15 12 6 9 12 0 6 6 9 12 3 0 6 12
1 3 9 3 3 12 6 0 3 6 6 12 9 0 9 3 3 9 12 12 6 3 9 12 0 9 6 12 12 9 12 15 3 12 0 6
1 15 0 9 0 0 3 9 12 12 6 12 0 0 12 6 3 0 6 0 3 12 0 9 3 3 12 0 12 9 3 9 6 6 0 0
2 0 0 15 12 9 15 9 12 9 6 9 6 12 3 15 9 6 3 6 6 15 6 15 12 0 15 15 15 0 9 12 12 0 3 9
2 15 0 0 3 3 12 15 12 9 6 3 9 6 9 0 15 9 3 9 15 12 12 6 15 0 9 12 0 3 12 15 12 6 0 15
2 0 12 0 6 9 0 0 9 6 12 3 12 3 15 3 15 15 9 12 6 3 12 3 12 6 0 15 12 3 6 9 12 15 0 9
2 0 9 6 0 9 12 9 0 15 9 12 15 9 15 15 0 12 0 12 0 0 15 15 15 9 9 9 6 12 12 3 9 12 6 3
2 3 0 3 3 0 0 6 12 0 12 3 0 12 15 3 6 15 12 0 15 15 6 3 12 9 15 3 0 0 3 9 12 0 9 6
2 15 0 3 15 15 0 3 9 9 15 12 3 6 3 12 3 12 9 9 6 0 12 3 6 6 3 6 0 6 3 3 0 0 12 3
2 0 9 6 9 9 6 0 3 12 12 0 9 0 12 3 6 15 0 3 3 9 6 12 6 15 12 0 15 12 9 6 6 3 3 0
2 0 0 12 9 3 9 0 0 12 12 3 6 0 0 9 9 12 12 15 12 9 6 15 3 6 12 0 12 0 15 6 12 0 9 0
2 12 6 15 0 15 12 12 0 0 6 9 3 0 0 15 12 6 3 15 12 12 9 12 0 3 9 6 3 3 6 12 15 3 3 15
2 3 12 9 12 6 12 3 0 9 0 9 3 9 15 15 0 6 12 0 9 9 3 3 3 15 3 6 15 6 6 9 3 3 0 6
2 3 3 9 9 0 3 15 6 9 12 0 9 0 0 12 12 6 12 9 9 15 12 3 12 6 6 0 9 15 0 3 0 12 0 15
2 3 6 6 3 9 6 0 3 0 3 0 0 9 6 15 3 15 3 9 3 9 3 0 9 15 3 9 3 15 12 6 6 15 15 6
2 12 0 3 12 12 0 15 3 3 9 0 12 0 9 3 3 0 12 9 12 3 3 9 0 12 6 0 0 12 12 15 6 12 6 12
2 0 9 6 9 6 0 15 15 12 0 12 12 12 0 3 12 3 15 6 12 9 9 0 9 0 12 6 9 0 9 3 12 6 0 15
2 3 3 15 9 3 9 9 3 9 12 3 15 0 6 0 6 3 3 15 15 12 12 3 6 3 6 0 6 12 15 6 6 0 12 6
2 12 9 6 0 15 15 6 0 0 6 6 3 12 6 9 0 15 6 15 6 0 3 0 0 9 12 3 3 3 9 12 15 9 3 9
2 9 12 15 3 15 12 15 12 0 6 3 3 0 9 0 15 0 0 6 12 15 6 9 12 12 15 3 0 15 15 0 15 0 12 6
2 0 12 12 6 15 3 12 9 15 0 9 12 15 6 12 6 0 0 3 6 12 15 15 12 6 15 0 6 3 12 12 6 15 6 12
2 3 6 12 12 9 0 6 15 6 6 0 6 0 6 9 0 0 9 0 6 3 0 6 15 0 9 15 6 3 12 9 3 3 3 15
2 6 3 12 3 6 9 6 6 12 6 6 6 9 9 3 3 6 15 12 0 15 3 6 0 9 9 9 6 6 9 0 9 12 12 9
2 15 9 6 3 3 0 12 0 3 12 3 0 0 3 15 15 9 6 0 0 0 9 0 15 3 6 9 9 15 3 15 9 3 9 12
2 9 9 9 12 6 6 0 12 15 12 12 3 9 6 0 0 0 9 0 3 6 0 3 6 12 12 3 6 3 6 15 3 3 9 0
2 12 12 0 9 6 6 9 15 0 6 15 3 15 15 9 9 6 12 12 9 3 12 0 0 6 12 6 6 9 9 0 9 9 3 3
2 15 15 12 15 12 12 12 0 9 3 15 15 0 3 0 15 12 3 6 3 0 9 3 0 6 0 12 6 12 6 12 0 0 6 15
2 3 6 9 6 3 6 3 0 15 15 6 3 3 0 15 15 0 9 12 6 3 15 6 12 0 12 3 9 9 0 15 3 12 12 9
2 6 0 9 3 12 9 0 12 3 6 12 9 9 15 0 0 3 0 0 12 12 6 0 12 0 0 9 9 9 0 12 3 15 6 3
2 9 6 9 6 15 3 3 0 6 6 9 6 9 9 15 3 3 3 9 15 9 12 6 3 6 0 0 9 15 3 15 12 9 15 15
2 15 0 0 9 6 12 0 3 9 0 15 9 9 3 9 12 9 6 15 15 15 12 6 3 15 15 12 0 0 6 6 12 15 15 6
2 12 15 0 15 9 6 9 0 15 0 9 0 9 0 0 0 6 6 6 0 6 12 12 15 9 0 3 12 0 0 3 6 6 3 15
2 0 6 15 12 9 3 12 15 15 12 9 6 12 3 12 15 12 15 3 9 3 3 6 12 9 15 12 15 3 0 12 12 6 15 15
2 0 6 3 9 15 15 9 0 6 15 15 9 6 0 9 0 3 12 3 9 15 3 0 3 12 9 6 12 3 0 0 9 9 6 6
2 9 3 6 15 15 3 15 0 9 9 12 6 6 12 0 6 12 0 15 12 0 6 15 9 15 6 12 15 9 6 3 0 9 12 12
2 6 0 12 12 0 3 0 6 9 15 0 0 0 9 12 0 6 15 3 15 3 9 3 9 15 15 12 9 3 9 9 0 0 3 3
2 6 12 6 6 15 9 9 9 3 3 9 12 9 0 0 6 12 9 15 6 0 0 6 3 15 6 15 3 12 0 6 15 12 0 9
2 3 0 0 3 0 15 12 6 9 6 9 15 6 3 9 6 3 6 9 6 9 15 6 0 12 15 12 12 9 9 6 9 9 0 0
3 0 15 7 7 0 12 5 10 12 5 0 10 12 10 12 2 12 0 5 2 5 0 5 0 5 7 7 2 10 2 10 7 7 15 7
3 12 0 2 12 7 7 12 12 2 10 2 10 12 7 10 0 0 7 2 10 7 2 5 5 0 12 5 0 0 7 12 0 2 0 7
3 10 15 0 7 0 0 12 7 7 0 15 2 12 5 5 12 7 12 10 10 0 0 2 10 12 5 0 12 0 7 12 7 7 2 15
3 0 2 7 0 12 12 10 7 15 10 10 15 2 7 0 2 2 12 12 10 7 10 10 0 7 7 0 15 10 5 15 7 2 12 0
3 0 5 5 12 0 5 15 10 5 5 5 12 7 5 7 0 12 10 5 5 0 12 10 5 12 5 15 15 12 5 15 5 12 0 15
3 12 2 7 0 12 0 5 10 7 0 5 5 0 0 5 15 10 0 2 0 0 12 0 15 0 15 5 0 15 5 0 15 10 7 10
3 2 2 0 5 7 7 0 0 5 10 10 10 0 0 0 2 12 5 7 10 2 2 15 10 10 5 2 0 7 10 7 5 10 0 7
3 7 12 0 0 12 15 5 0 12 5 2 2 12 15 10 7 5 0 5 7 5 5 15 5 0 10 15 5 12 5 10 0 10 0 10
3 7 5 10 2 10 12 5 10 0 15 2 10 15 10 0 15 12 0 10 2 10 10 0 0 5 12 10 12 7 10 0 12 2 0 5
3 2 0 0 7 7 10 5 7 2 0 7 2 2 15 12 5 0 10 2 0 7 7 5 12 10 15 0 0 5 2 2 5 5 15 7
3 0 7 5 0 7 5 5 10 2 7 0 15 5 7 7 15 10 5 10 5 7 10 10 7 0 12 10 7 7 10 0 2 7 12 10
3 2 12 7 15 2 0 7 0 2 5 12 0 2 0 5 2 12 5 2 0 5 12 10 12 0 0 2 12 2 15 5 5 10 12 12
3 15 15 10 10 0 5 7 2 7 7 7 12 0 15 2 2 10 10 15 7 15 5 0 2 15 2 2 0 0 10 0 15 7 2 0
3 15 10 5 10 0 2 12 10 7 5 5 5 0 0 0 7 5 7 10 12 0 10 2 10 2 10 15 15 7 15 0 5 2 10 12
3 10 7 10 10 7 2 2 10 2 0 12 10 10 0 0 15 2 5 5 15 2 5 12 5 2 12 7 10 0 5 0 10 2 12 10
3 7 10 12 12 12 7 12 2 2 5 12 15 0 10 7 0 7 12 10 0 0 10 12 2 0 10 10 10 12 0 2 0 2 0 0
3 5 15 12 10 10 15 7 10 7 2 10 7 5 12 2 15 0 0 15 0 7 0 2 2 2 10 7 7 10 7 0 0 12 5 0
3 15 2 5 12 15 0 7 2 10 0 0 7 0 5 0 7 5 0 2 5 2 2 2 2 2 10 15 2 12 10 0 7 10 12 0
3 2 7 2 0 5 10 10 12 2 2 2 10 5 0 2 2 10 7 0 5 10 2 0 12 12 2 2 10 15 2 0 7 10 2 2
3 12 7 2 5 7 15 0 2 12 5 7 7 12 5 10 5 5 15 12 0 0 5 2 2 5 7 7 7 5 7 5 7 0 10 5
3 12 12 15 15 12 2 2 10 7 15 12 7 10 12 2 12 10 10 12 10 0 2 7 5 5 0 10 2 2 5 5 2 7 10 12
3 5 10 0 12 7 0 10 12 15 5 5 7 12 12 5 2 5 7 10 2 0 0 5 10 10 0 2 5 0 0 5 12 7 2 5
3 7 2 2 0 15 10 2 10 12 5 15 0 12 15 0 7 5 12 2 0 10 12 0 10 10 2 5 10 7 0 2 2 7 0 12
3 5 10 15 5 10 2 5 5 2 7 5 15 10 7 10 2 12 10 5 5 5 15 2 0 2 2 15 2 5 5 2 10 5 2 10
3 7 0 2 7 12 12 12 15 12 10 2 5 10 2 15 15 7 2 5 10 7 10 12 2 0 10 2 5 2 5 12 5 5 15 15
3 15 0 15 12 0 15 5 5 10 12 2 7 7 2 0 12 0 2 0 7 10 12 7 10 7 0 15 12 5 7 15 12 7 5 7
3 12 12 10 12 7 10 2 2 10 5 12 10 0 7 0 5 10 10 5 5 10 0 5 10 10 12 0 0 0 5 0 10 12 5 0
3 10 7 12 0 10 15 0 5 7 5 10 10 10 12 2 7 0 2 5 15 15 5 10 0 0 5 12 0 12 10 5 2 10 12 15
3 7 12 2 2 15 7 12 12 2 10 10 5 10 10 5 2 5 10 10 10 5 0 0 2 7 7 2 0 0 5 10 10 15 0 12
3 7 7 12 7 0 12 10 10 7 0 7 0 12 10 10 5 5 12 5 2 10 5 5 7 10 5 5 10 7 0 0 12 12 12 5
3 12 5 2 2 2 10 5 7 0 12 10 2 5 12 2 7 5 5 7 2 7 5 10 5 12 15 2 15 10 2 0 5 0 5 2
3 10 10 2 5 0 2 7 12 15 15 7 7 7 2 5 2 15 5 10 7 0 7 12 2 2 7 5 7 12 7 10 0 5 10 0
3 2 2 10 12 5 2 15 15 15 2 7 12 12 0 10 7 10 0 12 15 7 7 0 5 7 7 15 7 7 15 15 12 0 2 5
3 0 2 2 0 7 7 15 10 10 0 5 5 2 10 5 5 15 15 7 7 5 10 5 10 2 2 15 15 5 2 10 7 12 0 0
3 5 7 10 5 0 0 7 10 12 10 12 7 5 5 12 7 15 15 5 7 2 2 7 2 2 15 2 2 10 15 15 7 12 5 0
4 0 5 4 5 0 4 7 2 4 2 2 4 2 2 7 5 0 5 2 2 5 2 0 0 7 4 2 0 4 4 7 5 5 4 2
4 4 0 4 7 2 0 0 4 7 4 2 7 2 7 0 7 5 0 2 0 5 5 0 2 0 5 2 4 2 5 5 7 5 7 2
4 5 7 0 2 2 5 5 0 2 4 2 0 0 2 0 2 5 5 2 2 5 2 5 4 5 5 4 4 0 2 2 2 5 0 7
4 2 5 5 0 2 4 0 4 7 0 7 0 7 2 2 5 2 0 2 4 4 7 5 7 5 5 0 4 0 4 4 5 2 5 0
4 2 5 2 0 0 7 5 7 0 4 7 5 5 7 2 5 2 5 2 5 4 0 2 0 0 5 0 4 2 2 4 0 7 7 5
4 2 0 7 5 5 0 4 7 0 4 4 2 2 5 0 0 4 4 5 5 2 4 2 4 4 0 5 5 0 7 5 5 0 0 5
4 2 5 2 4 2 7 0 2 5 2 7 4 5 5 5 2 7 5 5 7 0 7 2 0 7 5 2 7 7 5 2 4 2 4 4
4 2 7 7 5 2 7 7 0 0 4 5 0 5 5 5 5 4 0 7 2 2 7 4 7 2 5 0 5 7 4 4 5 5 0 0
4 2 7 0 7 5 0 4 4 0 2 7 5 0 5 2 0 4 2 4 4 7 2 4 2 0 7 2 2 4 2 5 0 5 2 0
4 2 5 5 5 2 0 2 0 2 0 5 4 5 5 2 0 4 4 4 4 2 5 7 4 0 5 5 0 2 5 5 2 2 0 0
4 0 7 2 5 0 2 5 5 4 4 0 4 0 0 5 0 2 2 4 7 4 4 5 5 7 7 7 7 2 5 0 2 4 5 2
4 5 4 5 7 7 2 4 7 4 2 2 0 5 7 4 4 5 5 5 0 2 2 0 5 0 4 5 5 2 2 2 4 0 7 0
4 0 0 7 0 5 4 4 4 4 0 0 7 0 5 4 5 0 4 2 5 0 0 4 2 0 2 2 4 0 7 2 5 0 7 4
4 2 5 4 5 7 4 0 5 0 5 0 0 7 0 5 4 4 0 2 2 2 5 7 5 2 2 4 7 5 5 4 2 0 0 5
4 7 5 0 5 0 4 2 2 5 5 7 4 2 0 0 4 0 5 4 7 0 4 2 2 7 7 0 5 2 0 2 5 7 2 0
4 5 4 4 7 4 5 0 0 2 4 5 0 0 5 4 0 4 5 5 0 0 2 0 5 4 0 0 2 5 7 4 2 5 2 0
4 2 0 7 2 0 4 7 5 4 0 7 7 7 5 2 5 0 2 4 2 7 7 0 2 2 5 0 5 4 0 4 2 2 0 2
4 4 0 0 2 4 2 0 4 2 4 7 4 2 0 2 7 5 0 2 7 7 5 5 5 2 0 7 5 5 0 0 7 7 5 2
4 4 2 0 7 4 7 5 2 0 0 7 7 7 5 7 7 0 7 0 4 2 7 7 4 2 5 7 0 0 4 5 0 0 5 4
4 2 0 0 7 0 2 0 4 0 0 7 0 5 0 0 4 7 5 4 0 2 4 2 7 5 0 0 5 5 7 7 4 0 4 7
4 7 4 5 0 2 2 0 5 2 2 5 2 7 5 2 5 5 7 0 5 0 2 5 7 7 2 2 7 4 0 7 5 7 5 4
4 7 4 2 4 0 7 2 2 5 5 4 2 4 7 7 7 0 0 5 7 5 0 2 5 2 2 4 7 4 0 5 2 2 4 0
4 4 2 2 0 0 2 5 7 0 2 7 4 4 4 0 5 7 4 0 0 2 2 0 4 2 5 2 7 5 7 2 4 2 5 0
4 7 7 0 0 2 2 2 2 7 4 5 0 2 4 7 7 0 4 4 2 4 0 5 0 4 0 4 7 4 2 0 5 7 5 2
4 5 7 4 0 7 2 7 4 7 7 4 7 4 5 0 7 0 5 5 0 4 0 2 7 0 7 4 7 4 7 5 7 2 0 4
4 5 5 7 0 7 5 2 7 0 2 5 0 2 0 4 7 5 2 5 4 5 7 2 7 2 0 0 4 4 2 7 0 2 0 2
4 5 0 5 0 0 4 5 0 7 5 5 5 5 4 7 5 4 0 7 4 7 7 5 0 7 0 0 2 0 5 5 7 2 2 0
4 5 2 4 2 2 5 0 4 0 7 0 7 5 2 7 5 0 0 0 7 4 0 0 2 5 4 0 0 0 5 2 4 7 5 0
4 4 0 2 2 0 0 4 4 4 2 2 4 4 2 4 2 0 2 4 0 5 4 4 4 5 2 0 0 0 5 5 5 2 0 5
4 2 0 2 0 2 7 7 0 5 0 4 4 5 0 5 4 2 5 7 0 2 5 7 4 7 0 4 5 2 0 0 2 4 7 0
4 4 7 4 4 4 4 0 2 4 5 4 7 2 5 4 0 4 0 2 4 0 4 0 7 4 4 2 0 0 4 0 7 5 0 7
4 2 7 2 5 7 2 0 4 7 2 0 5 7 2 2 4 2 2 7 5 4 4 0 5 4 2 2 2 2 5 2 0 4 2 2
4 5 2 7 7 5 4 4 0 2 5 7 7 5 0 7 4 4 2 4 4 2 4 7 4 5 2 5 0 4 4 0 0 0 2 7
4 2 5 7 2 5 7 2 7 4 7 0 2 4 4 7 4 5 4 5 0 0 5 5 5 2 5 7 4 2 4 4 4 4 0 2
4 2 5 0 4 2 7 5 5 7 7 4 0 7 2 2 4 2 7 4 5 4 4 5 5 4 0 7 5 7 2 4 5 0 2 0
<end>