<number of tasks>
35
<number of stations>
5
<type of the robots>
4
<cost of the robots>
1 4.49
2 6.43
3 7.18
4 7.99
<task times>
1 316 104 123 70
2 205 70 255 70
3 125 39 50 46
4 143 95 74 56
5 138 45 128 44
6 152 79 184 104
7 207 140 191 89
8 131 113 125 64
9 65 56 50 64
10 118 86 52 45
11 140 62 118 74
12 94 113 68 136
13 94 56 127 80
14 172 72 130 85
15 82 70 70 46
16 62 44 102 59
17 145 76 57 66
18 207 76 88 189
19 229 58 86 68
20 85 86 53 36
21 114 129 170 84
22 80 67 79 59
23 156 135 103 79
24 94 129 150 61
25 229 86 92 68
26 80 121 89 43
27 98 127 68 85
28 234 56 96 149
29 129 48 82 46
30 96 58 82 66
31 94 50 71 103
32 89 61 124 56
33 71 48 138 71
34 207 58 70 66
35 82 78 100 105
<precedence relations>
1,2
1,5
1,7
1,10
1,12
2,3
3,4
4,11
5,6
6,7
6,8
7,14
7,18
8,9
9,13
10,14
11,28
11,33
12,18
13,28
13,33
14,15
15,16
16,21
17,20
18,19
19,20
20,21
21,22
21,25
21,30
21,32
22,23
23,24
24,27
25,26
26,27
27,28
27,33
27,34
28,29
30,31
31,32
32,33
33,35
<setup time between tasks by robots>
1 0 11 4 11 7 2 7 7 13 11 0 11 9 4 0 9 0 2 11 4 13 7 0 0 13 7 0 11 7 9 9 2 7 11 7
1 4 0 9 11 7 13 2 0 0 7 13 7 7 4 13 7 11 0 13 9 13 2 2 11 7 2 13 2 11 9 0 7 11 13 13
1 2 9 0 4 7 7 9 11 4 4 4 9 11 11 4 4 4 2 11 7 9 7 11 0 2 9 0 7 2 11 4 13 13 11 2
1 13 4 11 0 2 4 13 0 4 13 7 4 0 4 2 0 2 13 7 2 4 7 11 9 13 7 2 13 2 4 9 9 9 7 2
1 4 4 13 9 0 0 2 7 4 13 0 0 2 9 4 0 4 11 13 2 9 9 4 7 11 2 0 2 2 11 2 4 13 13 2
1 2 0 2 4 13 0 13 7 4 0 9 7 9 13 11 0 4 7 4 11 7 2 13 9 4 9 9 7 2 4 13 11 11 7 0
1 2 0 7 2 7 11 0 7 0 9 9 4 9 9 0 11 0 9 9 13 13 4 7 7 4 9 13 7 0 11 2 9 2 7 13
1 0 7 2 13 9 7 0 0 7 11 11 13 11 11 7 0 4 0 13 0 11 11 2 0 2 0 11 11 0 9 7 9 11 4 11
1 7 7 9 13 2 11 2 7 0 0 4 0 0 7 4 0 9 2 13 13 7 11 9 7 2 9 9 4 13 13 0 9 13 2 2
1 13 13 7 9 4 2 4 13 11 0 7 9 0 11 7 4 13 13 4 4 13 11 7 9 0 2 7 0 13 2 13 0 4 7 0
1 7 2 13 2 13 7 9 7 9 13 0 0 11 9 9 2 7 0 9 7 13 9 11 7 2 9 2 2 7 2 11 7 11 9 13
1 13 13 0 13 2 2 11 11 9 0 2 0 9 4 7 13 7 9 2 9 7 0 11 13 0 2 4 0 13 13 9 0 7 9 0
1 7 0 11 11 2 2 7 2 9 13 13 7 0 0 13 7 7 13 2 7 13 4 13 0 7 11 7 9 4 0 11 11 13 11 4
1 13 9 9 9 9 4 4 2 2 13 4 0 11 0 0 9 4 11 9 0 4 7 11 9 0 7 2 11 7 0 0 13 13 0 2
1 9 4 9 0 2 13 2 9 4 9 11 0 2 4 0 4 7 7 2 0 4 0 0 13 4 9 0 2 0 4 4 11 9 13 11
1 13 9 2 13 0 9 9 13 11 13 13 9 7 0 4 0 9 4 2 9 13 4 13 13 11 0 4 7 4 2 13 7 9 11 9
1 11 13 11 2 0 4 11 0 0 2 4 9 9 2 13 0 0 4 9 4 2 2 4 7 0 4 2 11 2 0 4 4 0 9 0
1 9 2 9 9 7 2 7 9 0 2 4 11 11 0 4 11 11 0 11 9 7 2 4 4 13 9 4 4 13 4 0 2 0 13 11
1 7 0 13 7 4 4 9 13 11 13 9 11 11 7 4 2 2 7 0 4 9 2 9 9 9 0 4 11 9 13 2 2 9 11 4
1 4 4 7 7 13 13 4 9 4 4 4 9 0 2 2 11 7 2 4 0 11 0 0 9 4 11 7 7 4 9 9 7 13 0 13
1 11 9 2 4 9 7 11 9 0 4 11 9 2 4 0 0 7 7 9 4 0 0 2 0 13 13 7 4 4 7 4 0 7 2 4
1 4 2 11 13 0 9 9 9 0 13 7 4 2 9 4 7 0 7 11 13 2 0 11 2 2 4 11 2 7 2 13 4 4 9 7
1 0 9 13 2 11 0 13 4 2 0 7 7 9 7 11 7 2 4 7 9 7 11 0 0 2 0 7 2 0 11 2 13 0 9 2
1 11 2 11 7 9 4 7 11 11 13 4 13 2 9 7 4 13 7 9 0 2 2 13 0 13 0 4 2 13 2 11 2 2 4 7
1 13 11 13 0 0 2 13 4 0 2 0 11 2 7 4 7 13 7 2 0 0 4 9 13 0 2 13 13 2 13 13 0 13 13 9
1 0 7 2 13 2 4 11 0 2 9 4 0 7 2 2 4 4 0 7 4 0 4 2 11 0 0 7 0 7 2 7 4 7 0 7
1 4 9 7 2 9 7 2 2 2 13 7 7 11 13 9 7 13 7 7 4 7 9 7 11 13 4 0 0 11 9 4 11 11 7 13
1 4 2 7 9 4 7 4 9 13 4 13 2 13 9 2 11 0 11 11 4 7 2 7 2 4 0 4 0 0 0 9 11 2 4 4
1 2 2 13 0 0 11 7 4 13 4 11 0 2 0 2 2 4 4 2 4 0 2 9 7 7 7 0 13 0 9 11 13 13 11 11
1 13 13 9 11 9 9 13 7 7 2 4 4 13 9 13 13 4 0 0 2 11 0 13 9 4 4 2 13 0 0 11 11 0 11 2
1 4 9 0 13 4 0 0 9 13 11 0 4 0 0 0 2 2 4 13 13 2 4 2 0 0 2 13 0 7 11 0 4 4 7 11
1 7 4 4 9 9 4 7 9 11 13 9 2 2 4 2 0 9 11 7 11 11 13 2 4 11 0 4 4 0 2 11 0 13 11 4
1 13 11 4 11 11 7 7 13 11 2 2 4 0 11 4 2 7 13 13 9 4 0 7 9 4 2 9 9 2 13 11 13 0 7 7
1 0 9 4 2 7 9 11 0 11 7 13 0 0 9 13 9 9 2 11 9 2 4 9 13 9 7 9 2 7 9 9 2 9 0 9
1 9 9 2 4 13 4 9 7 4 9 7 0 7 13 0 13 7 13 13 2 7 7 9 7 4 11 13 0 4 9 4 7 9 11 0
2 0 5 6 3 6 3 2 5 2 0 2 3 5 8 2 0 0 2 0 8 8 5 8 5 8 0 0 3 8 6 6 8 5 5 2
2 0 0 0 0 0 6 3 5 2 5 0 5 3 5 3 5 8 2 0 0 5 2 0 9 5 2 9 5 5 5 2 8 8 6 3
2 8 0 0 2 6 5 3 2 3 0 5 5 5 8 2 3 3 3 5 9 8 8 0 6 0 3 5 6 3 6 8 6 3 0 2
2 3 8 9 0 2 5 2 5 6 0 6 5 5 3 0 0 2 6 5 6 9 5 8 2 6 8 8 6 3 0 3 0 5 6 5
2 8 0 2 5 0 3 3 3 8 5 6 3 6 2 9 6 2 5 0 3 3 6 8 2 2 6 0 3 0 5 2 8 3 0 3
2 3 9 5 3 8 0 2 6 0 6 5 6 3 2 8 8 5 3 2 6 8 5 3 6 6 3 8 0 5 8 2 5 0 6 6
2 8 5 5 8 0 2 0 6 2 6 3 6 6 2 5 3 6 2 8 5 0 5 5 3 6 2 3 3 3 6 3 5 3 5 8
2 2 6 8 2 9 0 2 0 0 3 8 3 5 6 5 8 0 8 2 8 2 3 0 8 8 2 8 2 0 3 0 3 2 2 5
2 8 8 5 6 5 0 2 5 0 2 6 6 5 8 8 5 0 2 3 8 6 0 6 8 2 8 8 6 6 0 8 0 3 5 8
2 6 5 0 6 0 3 9 9 8 0 9 2 5 8 6 6 2 3 3 5 3 0 0 3 6 8 2 8 3 3 0 8 6 5 9
2 8 5 2 3 6 6 8 5 6 3 0 0 8 6 5 2 3 5 3 5 3 9 6 3 8 8 2 0 5 5 5 8 0 5 6
2 3 6 3 5 8 2 2 6 2 6 0 0 6 5 8 2 8 9 5 5 8 5 8 3 5 8 0 3 3 8 9 0 5 2 5
2 2 5 6 5 3 6 6 6 6 3 0 3 0 9 5 5 5 8 0 6 8 6 0 0 2 0 2 3 2 8 0 6 0 2 5
2 9 8 3 0 0 6 0 8 0 0 2 5 6 0 2 8 5 3 8 6 2 8 2 2 2 6 6 5 3 8 5 2 0 0 2
2 0 9 5 3 0 6 6 3 0 6 6 6 6 2 0 2 5 5 2 0 5 0 8 0 3 0 3 2 2 0 5 6 5 2 3
2 6 0 6 6 8 3 2 5 2 2 0 2 2 2 8 0 6 2 9 2 5 0 2 0 0 2 8 0 8 2 3 0 8 5 5
2 3 3 3 6 2 8 0 5 6 5 0 8 5 0 2 5 0 6 5 9 3 5 0 5 0 5 0 6 8 5 9 8 2 8 8
2 8 6 3 5 0 8 0 2 3 5 2 6 5 8 3 3 5 0 6 2 3 6 3 0 0 2 6 6 3 2 6 6 6 3 5
2 0 6 0 2 9 0 2 5 5 0 9 3 0 8 3 2 2 3 0 0 9 0 3 8 5 3 2 0 2 8 5 3 3 3 6
2 6 3 2 2 5 3 5 2 8 8 0 6 3 3 6 8 6 2 6 0 6 2 5 8 2 2 2 0 5 9 3 2 0 0 5
2 5 8 5 3 0 0 2 8 2 6 8 3 5 2 5 3 3 0 0 2 0 5 9 0 5 8 3 5 8 3 0 8 6 2 8
2 2 6 5 8 2 9 8 5 5 8 2 2 5 0 5 6 0 0 0 2 3 0 2 2 5 0 2 8 0 2 3 0 0 0 5
2 8 6 0 5 6 2 0 0 0 6 0 5 3 9 2 9 5 9 0 6 8 3 0 5 5 5 6 8 6 5 9 0 2 0 8
2 3 8 8 0 2 6 3 9 6 2 5 2 5 3 5 0 3 5 5 6 6 0 6 0 3 8 8 9 5 3 5 2 5 6 6
2 8 6 6 3 8 3 2 5 2 2 5 2 2 5 5 5 5 0 3 5 3 8 8 3 0 5 8 8 0 6 3 0 5 2 8
2 2 2 2 5 3 0 6 9 8 9 2 8 6 6 3 3 6 8 3 8 6 0 8 0 2 0 3 0 5 8 2 9 8 2 3
2 3 2 0 0 2 6 6 5 2 6 6 5 0 0 5 0 5 8 0 8 3 6 0 6 3 6 0 3 6 0 2 8 2 0 0
2 3 0 8 5 6 6 5 2 2 2 3 3 2 0 0 5 0 6 5 3 0 3 3 3 6 8 8 0 5 3 3 0 0 2 8
2 0 3 2 3 3 6 5 8 3 8 8 0 2 2 3 6 2 3 3 6 5 5 0 0 6 9 0 6 0 2 6 6 2 8 2
2 5 6 6 5 2 6 3 6 2 6 2 0 2 8 3 0 8 0 2 8 0 2 8 3 3 3 2 0 5 0 5 3 6 5 3
2 6 8 2 2 3 8 9 5 3 0 0 6 0 8 3 8 2 6 3 6 0 5 5 0 8 6 0 8 9 8 0 0 6 0 0
2 8 0 2 8 6 0 6 8 0 8 2 8 8 8 3 6 2 3 6 5 8 2 8 0 2 2 0 8 0 3 8 0 3 8 3
2 6 0 6 2 6 3 3 6 2 0 2 3 6 5 0 5 5 0 6 8 9 6 3 2 6 5 3 3 6 2 5 5 0 6 0
2 5 5 8 0 3 3 6 5 2 2 8 3 3 3 2 0 6 5 8 3 8 8 5 3 6 6 2 5 5 0 5 5 6 0 5
2 3 5 8 5 8 8 2 5 5 8 6 5 3 0 2 2 6 2 0 6 2 8 5 6 6 0 8 8 6 8 0 2 0 5 0
3 0 11 7 8 8 6 3 6 6 6 1 6 10 6 4 8 6 10 1 1 1 8 3 7 11 8 1 6 1 11 11 11 8 11 4
3 10 0 8 8 8 6 11 10 11 11 11 0 7 3 3 11 1 8 11 7 4 7 11 0 11 0 3 11 0 3 3 1 11 7 11
3 4 10 0 3 6 0 1 8 11 10 8 7 4 8 0 4 8 10 6 7 10 11 11 8 7 10 4 11 7 7 11 11 3 4 0
3 4 0 7 0 0 10 8 3 4 3 8 0 8 11 6 4 4 10 3 11 6 1 1 3 0 7 6 3 6 1 1 4 6 3 10
3 3 4 4 10 0 6 7 7 3 7 10 0 1 6 4 10 10 10 8 1 6 7 8 6 0 3 6 10 6 7 10 10 11 10 6
3 6 7 8 6 4 0 0 6 0 4 7 1 3 6 10 11 10 8 4 6 7 4 4 1 7 0 8 10 7 6 4 3 1 6 1
3 4 11 7 11 3 10 0 0 1 10 1 4 7 6 7 11 4 3 11 3 4 3 10 0 4 3 6 4 4 11 0 10 0 0 1
3 11 3 11 6 3 10 6 0 0 7 8 8 1 10 10 4 4 6 11 1 8 3 10 1 11 6 1 7 11 0 1 4 0 10 11
3 8 4 8 1 3 6 3 6 0 0 0 11 7 0 4 0 1 6 10 10 1 0 11 3 11 6 10 7 0 4 1 7 7 7 1
3 10 6 6 7 10 4 4 1 1 0 8 11 0 4 7 4 0 6 4 7 0 7 1 10 8 8 8 10 4 6 6 7 7 3 1
3 8 6 4 11 1 6 6 1 7 8 0 1 11 7 0 1 6 10 11 0 1 10 6 0 8 10 6 7 4 8 3 8 11 11 0
3 7 3 4 10 7 4 8 10 10 3 10 0 3 0 10 4 6 0 6 8 4 7 10 11 1 7 6 6 3 7 4 0 7 0 6
3 4 7 10 0 8 3 6 7 1 4 6 10 0 1 8 10 6 0 8 6 7 3 1 7 6 0 0 8 3 7 10 6 10 10 4
3 7 10 6 1 10 3 1 11 3 8 11 1 1 0 1 8 3 11 3 3 6 3 4 8 3 10 0 7 4 3 8 6 7 3 6
3 1 7 4 7 3 3 1 7 1 8 10 4 0 4 0 6 10 8 11 3 3 0 7 4 7 1 0 3 7 1 3 4 0 4 7
3 11 7 6 3 0 4 0 8 1 10 4 8 0 3 1 0 1 11 0 3 1 10 11 10 11 10 10 6 1 0 11 0 4 8 1
3 6 8 11 6 3 7 4 0 8 7 8 0 0 4 1 11 0 3 3 11 4 4 0 7 3 1 8 4 7 11 3 3 3 4 4
3 10 1 4 4 1 4 3 6 10 1 6 1 0 1 11 6 8 0 6 7 8 6 4 4 6 10 11 8 3 8 10 10 4 11 1
3 3 3 0 7 11 1 6 3 6 10 3 4 6 3 3 0 4 4 0 11 3 1 11 11 11 6 3 11 1 7 8 3 7 11 3
3 0 1 1 1 11 0 1 8 11 10 11 4 7 0 6 3 1 6 11 0 3 3 0 3 11 4 3 3 7 7 0 10 0 8 1
3 1 3 8 8 8 4 1 7 7 3 7 0 1 3 10 6 7 1 8 4 0 4 3 3 1 8 6 3 6 0 3 8 4 3 3
3 6 6 3 7 8 10 8 6 0 3 6 7 6 1 10 3 6 3 10 0 1 0 7 3 10 1 7 8 7 7 1 10 6 7 0
3 10 0 7 11 4 4 0 1 4 10 1 8 3 3 4 10 10 11 4 4 4 7 0 4 3 0 4 4 0 11 1 10 0 3 0
3 11 11 8 4 4 3 6 6 6 3 11 6 3 10 1 4 7 11 4 4 0 8 3 0 8 7 11 7 10 6 0 10 4 0 4
3 0 0 3 6 10 1 4 10 11 3 3 7 7 8 6 8 6 11 11 3 8 10 0 11 0 11 11 6 1 8 6 7 11 1 4
3 0 3 3 0 3 3 8 8 7 10 1 4 7 6 0 10 11 4 1 1 7 0 11 6 10 0 8 1 0 3 4 11 4 10 10
3 3 6 0 4 1 11 4 8 4 7 7 8 0 7 0 6 10 1 7 0 3 7 7 1 3 11 0 11 6 11 8 3 11 3 1
3 11 10 11 7 6 3 1 4 1 10 4 4 3 8 8 0 0 7 11 7 6 6 1 7 7 0 3 0 1 1 4 1 11 4 0
3 10 8 0 0 11 10 0 10 7 10 4 11 10 10 8 8 7 10 3 4 8 4 0 10 8 8 11 4 0 7 3 7 8 6 6
3 10 4 4 10 8 7 4 1 6 6 8 11 3 3 0 1 7 6 7 0 10 3 1 6 4 3 3 10 1 0 7 6 6 7 11
3 7 3 4 11 8 0 3 8 10 10 0 7 11 7 0 1 8 8 7 0 1 6 8 1 3 8 8 8 4 1 0 3 3 0 3
3 1 0 6 7 8 10 11 0 7 1 0 8 11 4 7 3 6 11 4 6 8 7 8 11 8 3 8 8 11 7 7 0 3 3 10
3 0 1 3 11 8 3 3 3 4 8 4 6 3 10 4 11 6 3 10 11 0 1 3 4 11 4 7 8 4 6 8 10 0 0 1
3 3 4 8 11 8 11 11 10 8 8 4 3 4 4 7 11 1 11 3 1 7 0 0 3 0 4 8 0 11 10 7 1 4 0 8
3 4 10 11 6 0 10 4 11 7 11 1 7 8 10 10 1 4 7 10 6 6 4 4 10 8 10 4 1 8 8 10 0 8 0 0
4 0 8 8 1 5 0 4 6 4 3 9 6 1 3 3 6 3 5 6 0 6 9 0 6 8 8 6 4 4 1 3 4 3 1 1
4 5 0 8 5 8 1 6 9 3 3 0 1 0 4 0 5 1 5 8 6 0 3 8 5 1 0 0 1 4 4 8 1 6 8 1
4 0 0 0 1 5 1 0 4 6 8 1 4 4 6 3 8 6 1 1 3 0 1 6 0 8 5 4 4 1 6 4 0 1 5 8
4 4 4 4 0 5 3 5 6 8 1 3 3 4 1 3 4 6 8 3 3 3 8 3 3 3 1 0 4 3 6 4 4 4 8 4
4 5 0 6 5 0 0 4 0 0 3 3 1 3 6 3 8 6 1 4 1 1 3 1 4 6 6 8 5 1 0 8 8 4 0 0
4 1 3 0 1 5 0 3 1 0 1 9 6 0 4 6 3 9 0 0 4 6 5 8 8 8 1 8 5 3 3 4 8 5 6 1
4 4 0 8 3 4 4 0 5 3 6 8 5 3 1 0 0 5 5 6 4 4 0 8 6 6 6 8 6 9 4 5 3 1 1 0
4 9 9 6 6 0 5 8 0 8 8 3 3 3 8 5 1 8 8 0 5 6 5 6 1 4 3 0 8 5 8 5 0 4 8 3
4 3 3 8 8 4 3 3 3 0 0 4 5 3 0 8 6 4 4 8 8 6 6 1 3 4 5 8 6 4 6 1 5 1 9 4
4 3 9 0 6 3 0 8 3 8 0 6 1 6 4 3 5 8 5 3 5 0 1 8 4 8 0 8 6 0 1 5 3 6 6 3
4 0 1 6 0 0 6 5 0 5 0 0 5 1 5 6 6 0 4 5 1 4 6 5 3 5 8 8 1 1 5 4 4 6 0 6
4 8 9 0 0 3 1 3 8 9 4 4 0 6 6 4 8 6 3 4 8 0 0 5 1 5 4 3 0 3 1 1 1 0 0 0
4 8 5 1 3 8 8 0 3 0 6 3 5 0 6 8 8 0 3 1 4 8 5 4 4 0 8 6 0 5 5 5 6 6 3 4
4 0 6 0 0 8 6 0 4 3 0 6 3 4 0 0 1 9 0 0 6 8 4 0 3 3 5 4 5 4 5 6 8 1 1 6
4 3 6 3 8 0 6 0 8 6 1 1 4 6 4 0 0 1 3 0 3 4 8 0 5 8 1 4 4 4 3 6 8 8 3 4
4 5 6 8 6 6 9 6 0 5 4 8 6 3 5 0 0 6 0 0 6 4 5 8 1 4 5 0 6 8 8 6 6 4 8 4
4 9 0 4 6 5 0 0 8 9 8 5 6 0 4 1 4 0 1 0 6 0 1 3 6 6 0 0 1 8 4 0 8 0 9 8
4 1 8 5 6 0 5 6 6 4 4 1 8 8 8 1 1 9 0 3 5 1 6 6 3 0 6 0 1 1 8 5 8 5 8 4
4 5 0 3 1 8 1 4 1 1 3 9 4 6 4 8 3 6 8 0 1 4 5 5 5 8 4 8 5 0 9 5 6 5 6 1
4 8 0 8 3 8 5 6 5 0 1 0 0 9 1 4 0 3 3 9 0 4 1 4 5 9 5 4 1 0 5 0 0 5 3 0
4 1 3 8 1 6 3 8 1 6 6 0 8 9 5 3 8 4 4 3 5 0 0 4 4 1 0 5 0 0 4 6 8 6 8 6
4 0 5 5 6 8 1 5 3 6 1 4 4 6 9 1 3 4 5 4 6 1 0 3 8 3 8 6 4 6 4 3 6 8 8 8
4 5 5 1 8 4 1 5 8 0 1 0 0 5 3 0 0 5 1 0 8 9 4 0 4 4 5 1 4 1 5 4 6 6 6 1
4 5 4 8 0 8 8 8 5 4 4 1 8 6 5 6 5 8 8 0 4 3 5 0 0 0 8 5 8 1 5 4 8 5 0 6
4 0 8 0 0 3 5 4 6 8 1 9 6 4 4 5 4 3 8 6 5 1 1 0 8 0 1 8 4 9 4 4 3 6 8 6
4 4 5 5 3 1 4 1 4 4 5 3 5 1 5 1 0 0 0 3 8 0 4 1 9 5 0 5 5 8 8 5 4 4 5 4
4 9 6 6 0 0 3 4 3 6 3 0 6 5 3 6 9 4 6 0 6 8 4 8 6 0 3 0 3 1 0 5 4 5 4 0
4 8 8 6 6 0 0 6 1 8 6 6 4 5 1 5 6 8 1 1 0 1 9 5 3 5 6 8 0 3 3 3 6 3 3 4
4 5 8 3 0 8 6 0 9 6 1 4 5 6 5 1 0 6 6 5 5 5 8 5 9 4 8 1 6 0 5 5 3 3 8 5
4 0 5 1 8 1 5 5 8 1 3 4 6 3 8 5 0 4 8 8 8 9 1 8 0 4 6 1 1 3 0 0 6 1 6 4
4 0 0 8 6 1 3 6 6 3 3 3 1 3 4 6 4 8 6 3 6 8 8 1 4 4 8 1 1 4 8 0 0 0 8 4
4 4 4 8 1 6 0 3 4 0 1 3 6 3 3 0 6 0 6 5 0 1 6 8 3 3 4 3 4 1 9 4 0 0 0 4
4 1 8 5 3 8 0 3 3 3 4 6 4 8 3 1 4 1 9 0 0 5 5 3 4 3 6 8 6 6 0 5 0 0 0 3
4 5 8 5 6 4 6 8 4 1 3 8 5 1 1 0 9 1 4 4 0 4 3 3 5 3 5 5 8 4 0 4 8 8 0 1
4 4 6 6 1 0 5 9 9 8 0 8 6 3 3 9 5 0 6 6 5 6 6 6 1 0 1 6 9 1 4 3 6 8 1 0
<end>