<number of tasks>
53
<number of stations>
5
<type of the robots>
4
<limit of the robots>
1 2.55
2 4.54
3 9.97
4 9.98
<task times>
1 204 123 76 49
2 247 106 34 42
3 251 81 78 63
4 342 70 46 48
5 377 198 63 103
6 271 81 74 112
7 232 147 82 90
8 322 84 99 75
9 507 106 104 91
10 452 59 43 97
11 255 125 56 57
12 255 81 45 51
13 220 108 120 101
14 181 68 48 37
15 365 128 51 60
16 220 90 68 57
17 224 68 99 118
18 251 81 37 35
19 236 44 35 40
20 585 174 54 79
21 334 73 63 54
22 189 75 41 45
23 259 90 84 147
24 342 57 40 50
25 409 73 55 71
26 499 205 74 66
27 236 53 54 44
28 448 99 55 60
29 397 81 96 36
30 361 66 74 57
31 251 66 46 67
32 530 75 94 56
33 189 90 28 34
34 558 92 155 59
35 299 75 88 118
36 200 84 65 52
37 354 103 63 63
38 601 70 70 87
39 515 73 64 68
40 208 64 87 108
41 259 101 58 53
42 322 207 117 67
43 240 79 123 99
44 212 79 63 72
45 570 106 66 48
46 334 73 68 40
47 507 79 98 54
48 287 64 72 51
49 200 62 57 64
50 181 55 49 80
51 169 53 51 49
52 546 169 44 52
53 302 101 130 71
<precedence relations>
1,2
1,3
1,4
1,5
1,6
1,7
2,36
3,36
4,9
5,9
6,9
7,9
8,9
9,10
10,11
11,12
12,13
12,14
12,15
13,16
13,17
13,18
14,22
15,16
15,17
16,29
16,30
16,31
17,19
18,42
19,20
19,21
19,22
20,23
21,24
22,25
23,36
24,36
25,26
26,27
27,28
28,29
28,30
28,31
28,32
28,33
28,34
29,35
30,35
31,35
32,35
33,35
34,35
35,36
36,37
37,38
37,39
37,40
38,41
39,41
40,41
41,42
42,43
42,44
42,45
42,46
42,47
43,48
44,49
45,51
45,52
46,50
47,51
47,52
48,51
48,52
49,51
49,52
50,51
50,52
51,53
52,53
<setup time between tasks by robots>
1 0 20 20 39 12 39 27 20 35 4 16 0 27 12 16 16 16 16 31 8 4 4 12 16 39 35 39 39 27 31 12 20 12 12 27 35 39 27 27 20 31 4 31 12 27 8 39 31 4 27 24 4 12
1 4 0 4 35 27 0 39 16 24 31 12 35 16 8 12 35 20 8 24 0 0 35 16 16 0 16 20 35 4 24 27 24 0 12 39 35 12 39 12 24 20 27 39 39 27 16 31 0 24 16 16 39 31
1 4 27 0 20 35 27 8 20 31 24 24 35 24 20 8 35 20 27 20 24 20 0 24 12 27 35 0 24 16 31 20 16 4 8 20 8 8 8 16 12 24 35 24 16 20 20 24 20 27 20 24 31 35
1 8 0 39 0 39 35 39 16 8 31 39 0 27 4 20 35 20 16 39 35 35 8 27 4 31 20 4 16 20 35 27 0 0 12 16 39 27 39 31 31 31 20 35 39 27 35 8 24 31 35 31 8 27
1 31 35 27 0 0 35 8 27 12 0 39 16 4 16 20 31 27 20 12 4 27 39 12 12 39 24 0 27 4 31 8 0 12 4 8 0 16 16 16 12 31 31 8 35 4 35 27 27 24 20 39 0 8
1 24 24 24 24 35 0 8 20 24 16 0 31 0 31 27 35 8 20 24 16 4 24 8 27 4 8 0 4 20 20 20 20 27 35 31 20 27 31 4 31 39 24 8 24 39 27 8 24 12 31 16 12 31
1 20 0 31 12 0 20 0 35 0 20 39 4 20 20 4 0 27 31 31 39 0 39 8 20 31 0 39 4 35 16 31 20 35 24 35 8 0 4 31 0 31 31 8 35 31 20 20 12 24 12 20 35 27
1 31 35 12 24 16 12 0 0 12 35 16 8 8 0 0 27 4 12 24 27 12 20 0 24 27 24 24 27 24 8 20 39 8 31 20 31 8 4 27 20 39 20 27 0 35 31 39 16 24 24 16 27 8
1 8 35 27 4 31 0 27 24 0 24 27 31 4 20 20 16 27 39 4 4 24 20 0 24 31 8 27 8 8 4 16 20 24 27 4 35 16 39 24 35 20 16 39 31 12 35 16 8 31 12 31 20 27
1 16 8 20 8 8 4 4 16 24 0 8 16 35 4 4 20 39 27 27 35 20 31 16 20 24 20 20 24 0 4 16 27 35 8 0 0 27 35 20 8 12 20 12 35 12 31 0 39 16 4 27 4 24
1 4 35 4 0 31 20 8 31 12 35 0 12 27 27 35 4 31 4 35 0 39 4 35 4 20 12 16 24 16 16 0 35 4 35 31 16 31 12 4 4 8 27 4 24 24 39 12 8 39 12 8 12 16
1 27 0 20 0 39 27 20 24 12 12 8 0 0 39 16 27 4 12 0 31 12 24 31 24 20 16 39 39 12 35 20 12 8 16 24 4 16 8 27 31 39 20 35 20 16 20 16 12 4 24 39 27 4
1 27 8 12 35 8 24 8 31 35 35 16 35 0 35 24 16 27 27 31 4 31 8 27 20 39 27 4 12 8 16 12 16 16 16 16 20 12 31 4 12 0 12 24 0 35 27 20 39 16 0 39 4 0
1 27 27 8 8 27 16 20 24 8 4 4 0 24 0 24 31 0 8 12 27 35 16 35 39 20 16 16 24 8 4 35 0 20 0 8 4 8 35 20 16 35 8 31 16 39 8 0 20 31 20 16 16 24
1 12 24 4 16 12 16 31 39 16 27 8 27 0 24 0 39 4 0 31 4 20 24 27 35 0 4 31 4 39 20 16 8 8 31 12 35 39 0 24 8 16 39 20 4 31 35 20 24 12 0 35 16 0
1 31 27 39 20 12 0 35 4 27 12 31 24 24 20 8 0 20 24 35 4 27 4 0 39 12 8 31 39 35 27 4 0 16 31 20 12 24 8 31 8 39 12 39 39 35 35 35 0 39 8 12 12 4
1 24 4 20 31 20 27 24 20 20 39 0 35 35 35 0 20 0 12 4 0 8 24 12 8 24 31 16 8 20 24 27 8 4 0 20 4 0 8 27 35 31 12 20 12 24 20 27 4 20 35 4 35 16
1 31 35 0 0 12 4 39 24 31 12 16 4 8 27 24 0 12 0 31 27 35 16 31 16 20 16 0 0 8 27 27 12 16 39 0 20 35 24 24 20 24 31 35 16 39 4 0 16 24 35 24 31 39
1 12 31 20 39 12 24 4 8 8 35 4 27 4 12 4 8 16 0 0 8 35 4 8 35 27 12 24 35 16 31 35 0 27 31 35 4 16 39 27 27 35 35 24 8 0 4 35 4 39 27 31 12 16
1 24 12 4 8 0 0 12 8 0 4 16 16 39 8 4 0 4 16 39 0 31 12 31 8 4 8 16 8 4 39 35 0 39 31 27 16 0 31 4 16 35 16 20 39 20 12 24 39 4 16 35 35 12
1 31 8 8 0 8 4 39 0 31 24 35 20 35 12 20 20 31 31 16 0 0 16 0 16 20 12 31 24 0 24 27 20 24 20 12 8 12 35 12 12 39 35 39 31 31 39 39 20 20 35 8 0 0
1 20 39 16 0 16 31 0 4 35 35 4 4 31 24 27 39 31 27 8 35 31 0 20 24 16 31 31 16 0 8 35 12 24 31 24 12 4 39 12 39 4 16 24 12 12 4 4 35 16 16 35 35 24
1 16 4 16 4 0 31 8 27 4 4 4 35 12 8 16 16 20 31 4 27 39 20 0 31 12 4 12 35 0 4 31 39 4 4 31 4 4 27 12 8 39 16 12 27 8 0 27 20 31 4 27 24 12
1 8 0 24 4 20 4 8 12 16 24 20 12 24 20 4 12 4 20 39 39 16 35 20 0 4 0 27 35 4 8 31 4 27 16 24 24 12 0 27 8 35 24 24 24 35 12 0 35 31 27 31 27 16
1 31 27 39 24 12 20 4 12 16 24 0 8 0 20 24 39 35 8 27 12 39 12 27 0 0 0 39 27 8 12 16 0 16 8 8 39 24 0 20 24 35 31 31 16 16 8 8 16 4 0 35 16 31
1 27 20 0 35 16 8 35 0 4 0 0 24 4 24 39 0 20 4 16 0 8 16 0 20 39 0 35 27 31 12 24 35 16 31 35 4 8 31 12 0 20 24 24 27 0 16 31 0 8 20 0 0 8
1 4 0 12 27 20 0 27 27 4 16 0 20 20 12 16 8 27 27 31 16 16 20 8 12 4 0 0 24 27 4 27 16 31 35 4 35 4 4 24 31 24 8 0 0 27 39 20 27 4 4 24 27 20
1 31 0 35 12 24 0 24 12 20 0 39 35 20 35 24 12 27 24 12 0 27 27 4 8 35 4 31 0 35 16 35 31 8 0 24 8 4 12 20 35 0 20 24 16 12 4 27 4 4 35 8 20 39
1 8 27 12 35 27 20 16 27 12 20 24 12 35 8 31 27 12 0 27 27 39 16 24 35 0 24 24 24 0 27 8 8 20 12 24 8 24 27 31 0 12 27 24 31 35 8 16 24 0 12 12 12 31
1 0 27 12 24 8 12 24 20 27 20 35 31 0 8 8 12 27 27 35 8 16 16 39 20 24 0 24 4 27 0 0 35 4 16 0 4 16 20 31 31 4 0 12 8 20 35 27 27 20 12 4 27 20
1 31 31 8 24 31 24 0 24 27 39 27 24 0 24 27 24 39 16 35 31 31 20 39 12 27 31 20 39 31 12 0 12 24 12 4 20 16 31 31 20 4 0 24 39 39 12 24 12 0 0 0 27 4
1 12 12 24 12 16 0 4 35 20 8 4 35 12 16 27 31 27 8 12 4 12 27 31 39 8 4 35 16 16 8 27 0 4 0 12 31 4 4 20 27 4 12 0 0 20 12 24 4 27 8 12 31 27
1 27 20 8 39 24 12 20 20 8 35 24 39 12 16 4 24 27 20 20 8 4 12 20 4 16 0 8 27 35 16 20 35 0 39 24 20 31 4 0 35 20 39 39 20 16 4 0 12 4 4 27 12 0
1 0 31 35 0 12 35 0 20 0 35 20 8 4 12 24 16 4 27 27 20 24 8 27 27 8 12 35 31 4 31 24 4 31 0 24 20 31 27 12 20 20 39 0 31 20 24 31 16 8 31 4 0 0
1 4 8 24 16 35 20 35 4 24 27 20 39 20 0 31 16 20 0 4 20 8 27 0 31 16 20 8 4 27 31 24 12 4 16 0 4 16 12 35 31 24 35 4 8 12 16 8 27 31 16 39 24 4
1 27 20 35 8 27 12 0 16 0 8 4 4 27 27 27 35 20 4 12 16 20 4 31 12 4 31 12 20 12 27 20 27 16 20 39 0 35 24 0 20 12 31 31 12 20 27 27 16 27 0 0 31 39
1 35 39 24 31 12 24 0 24 31 8 20 8 8 20 31 4 35 20 4 31 35 39 35 12 39 16 4 31 31 31 4 16 24 31 12 35 0 16 12 31 39 20 35 8 31 8 8 24 24 20 8 16 20
1 16 31 31 20 31 8 35 16 0 35 16 31 39 8 24 12 0 39 35 0 27 27 4 12 12 8 24 4 8 24 16 20 35 27 16 0 35 0 24 39 16 4 12 27 39 0 20 4 35 12 16 31 0
1 24 8 31 0 27 35 16 12 4 12 4 16 0 27 4 39 27 4 27 4 39 8 0 24 0 27 20 12 12 24 4 20 35 35 0 8 4 12 0 24 0 4 0 8 12 24 4 20 12 12 27 16 31
1 12 16 8 35 8 4 16 20 35 39 35 20 27 4 12 4 27 27 4 31 35 16 0 24 8 8 39 20 0 12 20 16 27 12 12 8 0 39 20 0 31 24 27 35 8 8 0 8 39 31 0 8 27
1 27 20 24 31 31 35 27 16 4 20 31 16 24 31 12 24 20 12 24 39 31 12 16 39 8 20 27 39 12 24 31 4 8 12 12 20 24 16 35 24 0 12 16 39 39 4 35 31 31 0 35 0 24
1 39 35 27 20 24 39 4 12 31 31 27 35 4 4 27 39 31 27 24 27 24 24 8 24 16 12 12 39 20 20 31 8 12 0 20 27 16 27 8 4 35 0 24 20 12 27 27 27 8 20 20 24 35
1 24 0 8 27 4 39 39 20 20 24 24 0 35 27 31 8 0 4 12 27 24 39 24 27 27 27 20 39 12 24 8 4 27 8 31 8 0 16 16 4 8 35 0 39 4 16 12 12 12 4 24 8 4
1 8 16 24 4 4 39 0 35 0 27 24 20 20 27 35 20 16 20 39 35 20 16 0 20 20 16 4 4 16 12 24 8 35 0 12 0 39 8 24 27 12 4 31 0 39 35 16 20 39 31 8 16 4
1 16 8 12 35 27 12 24 39 35 4 20 35 39 4 20 16 4 20 20 8 16 12 4 4 16 8 31 4 24 24 16 12 35 24 4 12 16 24 16 35 4 4 0 4 0 27 39 4 35 31 8 39 16
1 24 31 16 16 20 4 12 20 31 31 24 16 27 16 16 24 16 20 24 20 4 8 16 20 35 27 4 0 12 35 24 12 27 0 27 20 27 16 4 8 35 31 39 12 27 0 4 27 8 20 20 35 35
1 39 35 8 39 31 27 16 39 24 20 20 20 0 31 4 8 20 0 27 4 16 4 20 35 8 12 4 39 24 12 8 35 8 31 24 20 31 12 31 8 31 0 20 27 8 24 0 0 20 4 12 35 12
1 39 0 8 31 27 4 4 20 35 8 4 27 27 39 4 20 24 24 24 4 35 39 24 24 27 35 4 35 27 12 31 31 35 4 16 24 24 27 39 20 4 39 12 35 27 27 27 0 8 12 39 8 31
1 16 31 12 39 24 39 0 24 12 20 39 16 8 27 4 20 8 8 8 31 35 35 24 8 16 27 35 20 12 20 35 4 35 39 0 12 8 20 24 39 24 8 12 31 4 27 35 35 0 16 35 35 16
1 24 24 39 4 39 39 24 0 16 12 12 4 4 12 4 27 12 20 4 39 20 0 24 35 16 31 12 31 0 12 8 4 8 8 20 31 4 16 27 20 24 12 12 27 16 31 24 20 4 0 4 0 24
1 8 8 16 16 0 4 27 16 24 0 27 31 35 39 27 12 0 39 39 39 16 8 0 31 27 31 24 4 27 0 24 4 8 39 12 24 27 12 24 27 12 0 31 0 35 0 27 0 35 31 0 35 35
1 39 27 0 27 4 24 12 16 4 39 27 27 16 31 8 27 0 31 16 39 20 4 16 27 27 20 8 31 16 0 27 24 31 4 8 16 0 4 24 4 35 39 8 39 16 35 27 39 16 8 0 0 8
1 8 35 8 27 4 16 0 35 24 4 8 31 16 27 31 24 16 24 12 12 20 24 16 12 27 27 39 24 35 4 24 12 31 4 0 24 0 12 12 35 8 35 35 16 35 24 0 0 12 35 31 35 0
2 0 2 4 0 2 2 7 2 9 9 9 9 2 9 7 4 2 4 4 9 7 2 4 7 7 2 0 4 7 2 0 2 4 0 0 7 4 0 2 7 9 4 4 0 4 0 4 7 2 9 7 2 4
2 9 0 4 0 4 9 0 7 0 0 7 7 2 2 2 0 2 2 9 2 7 7 7 4 4 9 4 4 2 9 0 2 0 7 4 7 7 0 0 9 9 0 2 2 9 2 9 9 9 9 0 9 9
2 2 2 0 7 9 0 0 4 4 4 2 7 4 2 2 2 0 4 9 7 0 0 9 9 4 9 0 0 0 4 7 4 9 4 0 4 9 2 9 7 9 0 7 9 0 7 7 7 2 2 9 4 4
2 9 2 4 0 2 9 4 4 2 2 9 4 7 0 0 0 2 0 2 2 7 7 9 9 4 7 9 4 9 9 2 2 4 4 2 4 9 0 4 0 4 2 2 7 4 2 0 0 7 4 4 2 4
2 2 7 2 9 0 7 0 4 0 7 4 2 2 7 4 7 7 2 9 2 9 7 2 7 4 2 7 4 0 2 4 0 0 4 9 0 4 2 4 9 0 7 9 2 9 2 4 2 9 4 4 0 0
2 9 4 4 2 4 0 2 4 4 0 2 7 7 9 0 2 0 9 4 2 7 2 4 4 2 2 2 4 0 4 4 9 0 9 4 0 2 2 2 9 9 7 4 2 7 0 7 2 7 2 9 4 7
2 0 2 0 4 0 0 0 2 2 2 7 0 7 0 9 0 9 9 4 4 9 0 2 9 7 2 9 9 9 0 7 9 4 0 4 2 2 2 0 7 4 2 7 0 7 2 9 0 2 7 9 9 7
2 0 4 7 9 7 7 7 0 0 7 7 4 7 7 4 9 4 7 9 7 7 9 2 7 9 4 7 4 0 4 0 4 9 4 7 2 7 4 9 0 9 7 9 7 4 2 2 9 9 4 7 4 9
2 0 7 9 4 0 7 2 4 0 9 7 4 7 7 7 7 2 9 0 2 9 2 7 4 9 9 0 7 0 9 2 9 9 9 4 7 0 7 2 0 0 9 2 4 9 7 7 0 2 2 2 0 2
2 2 4 0 0 0 9 7 0 9 0 9 7 9 0 2 7 4 0 2 9 2 0 7 7 7 7 4 0 4 4 0 0 4 9 7 9 9 9 2 7 9 7 4 2 0 2 0 4 4 9 4 0 7
2 0 9 7 4 0 4 9 9 4 9 0 9 9 7 4 9 9 2 9 0 4 0 9 0 2 0 0 2 7 0 0 7 7 4 2 4 7 9 0 0 0 0 9 4 0 2 2 7 4 7 4 2 4
2 7 9 2 0 9 0 7 7 2 4 2 0 9 2 9 0 9 7 2 7 9 7 4 7 4 0 0 4 0 0 0 2 0 4 4 4 9 0 0 4 4 4 4 9 4 4 9 9 9 4 0 7 7
2 2 7 2 7 0 4 4 9 0 4 9 0 0 9 4 0 9 2 2 9 9 2 2 2 7 0 9 7 7 9 7 7 4 7 0 9 2 9 2 7 4 2 0 0 0 2 0 2 4 0 0 2 4
2 0 4 7 2 7 7 9 2 9 0 9 0 9 0 7 7 7 7 9 4 0 0 4 9 7 4 7 7 0 7 2 7 4 9 9 9 4 9 0 7 7 4 7 9 7 4 7 0 9 2 4 4 9
2 0 4 0 0 9 4 7 0 9 2 9 9 0 4 0 4 7 7 0 4 9 4 7 4 0 2 4 4 4 7 2 4 7 2 0 2 0 7 7 7 9 9 2 2 4 7 7 7 4 2 4 2 2
2 9 0 9 2 4 2 9 9 9 9 2 7 4 4 7 0 7 2 0 4 4 4 4 2 9 2 7 9 2 2 4 7 9 0 7 7 7 7 9 4 4 7 2 0 7 9 9 2 0 2 4 4 4
2 4 7 7 2 9 0 9 9 9 2 7 7 9 0 0 2 0 7 9 2 9 2 0 2 4 7 2 2 0 7 7 9 2 2 7 0 9 9 0 0 4 2 0 2 2 4 2 0 7 7 4 2 9
2 7 2 9 2 4 9 2 9 4 9 9 0 4 7 7 9 7 0 9 9 4 7 9 7 0 7 2 0 4 0 2 7 7 4 2 0 7 9 4 7 4 0 2 9 9 9 9 0 0 9 2 2 2
2 2 2 7 2 4 2 7 4 9 0 4 7 4 9 4 4 9 9 0 2 2 4 9 0 0 7 4 9 2 7 2 0 4 9 2 7 0 2 7 7 9 2 2 4 2 9 7 4 4 4 9 7 4
2 9 2 2 9 4 9 0 9 2 2 9 4 2 2 2 7 4 9 0 0 0 9 4 2 0 0 0 9 0 0 9 4 4 2 2 0 2 4 2 0 0 4 4 9 0 9 2 7 2 9 4 7 9
2 7 7 7 0 0 7 2 9 0 0 2 4 2 4 9 0 0 4 4 7 0 4 7 2 9 4 4 9 2 4 0 9 2 4 9 2 9 2 0 0 4 7 4 7 9 2 0 9 9 4 9 9 9
2 2 7 2 0 2 4 9 0 2 0 4 2 7 2 7 4 7 9 2 0 0 0 7 7 7 7 7 2 4 4 7 4 9 2 2 0 9 0 2 0 7 4 0 9 0 9 0 9 9 4 4 4 0
2 9 9 7 9 4 9 9 2 4 2 0 7 0 4 2 0 9 0 2 2 0 4 0 0 9 2 2 4 2 9 4 4 0 0 2 0 0 4 9 7 7 0 0 9 0 2 7 0 4 7 4 0 2
2 7 0 0 4 7 9 7 0 7 4 4 2 9 4 2 9 0 2 0 7 4 4 7 0 4 2 2 0 9 2 0 4 2 4 4 2 9 0 4 4 4 0 7 7 9 0 7 2 4 2 0 9 0
2 9 4 2 0 7 7 4 4 4 7 0 2 4 7 0 9 7 4 9 9 9 9 2 9 0 2 2 9 7 7 0 0 7 2 9 9 2 9 4 4 4 9 0 7 2 4 4 2 7 2 2 2 2
2 0 0 7 2 7 2 0 7 7 0 9 7 9 9 7 7 7 2 4 0 0 2 7 0 9 0 2 7 4 9 4 2 7 7 0 2 4 4 4 7 4 0 4 2 4 7 9 2 7 7 4 7 7
2 2 7 7 2 7 9 4 7 4 4 9 4 4 2 9 4 7 7 0 2 2 9 7 2 7 4 0 4 7 9 0 0 2 0 4 4 4 9 9 2 9 0 9 2 4 9 0 2 4 4 0 2 7
2 2 4 0 0 9 4 9 4 7 2 2 7 2 0 0 2 9 0 2 2 0 2 4 2 4 2 4 0 0 9 2 4 2 2 4 7 2 9 9 4 7 7 4 7 0 9 4 4 0 9 0 9 4
2 0 7 9 7 7 9 9 0 7 4 7 7 0 2 2 0 4 0 0 0 9 9 0 4 2 2 7 2 0 9 4 4 7 0 0 0 4 4 9 2 0 2 4 4 9 2 2 2 7 4 0 0 9
2 2 9 4 7 0 7 0 2 7 2 9 4 4 0 9 2 7 9 7 2 9 0 7 4 2 2 2 7 7 0 0 9 9 4 0 9 7 0 2 4 9 7 2 2 4 7 0 7 2 0 0 0 7
2 0 2 2 0 4 7 4 7 2 9 4 4 9 9 0 7 9 9 7 4 2 9 0 9 2 0 4 7 0 4 0 0 4 2 7 2 7 9 9 0 0 7 2 2 4 4 4 9 9 9 7 9 2
2 9 9 9 9 7 0 0 2 4 2 2 4 2 0 9 9 2 2 9 9 4 2 4 4 2 4 9 4 9 2 0 0 0 7 7 2 7 0 0 9 2 0 7 7 7 9 2 9 0 2 7 9 7
2 9 9 0 0 4 4 2 2 0 9 9 4 0 0 9 7 0 9 9 9 4 4 2 0 4 2 2 2 7 9 0 7 0 9 4 9 2 4 4 2 0 0 4 9 7 2 2 4 4 2 7 7 2
2 0 7 4 4 7 0 7 4 7 4 2 9 4 0 0 4 9 2 7 7 0 2 2 7 2 9 9 7 0 7 0 0 2 0 0 7 4 7 0 4 0 9 7 2 4 2 9 9 7 7 2 7 2
2 0 0 0 4 7 9 4 2 4 9 4 0 2 9 7 2 2 2 2 0 9 7 9 9 7 7 4 7 4 0 4 2 9 0 0 2 7 4 0 7 0 7 0 4 2 2 9 9 9 0 4 7 2
2 4 4 4 2 7 2 9 2 4 9 7 4 2 9 4 0 2 9 2 9 2 4 2 0 0 0 9 7 0 0 9 2 2 9 2 0 7 4 2 4 9 9 2 0 2 0 7 2 0 2 4 0 4
2 2 0 2 7 2 2 7 7 7 4 0 0 0 4 4 7 2 7 0 4 7 2 4 4 7 4 0 4 7 2 7 2 9 2 7 7 0 9 4 9 9 2 0 2 7 9 2 7 7 7 0 7 9
2 4 9 9 2 7 0 0 7 2 0 4 0 7 7 2 2 7 2 4 7 2 2 4 7 7 2 4 9 9 7 2 0 7 9 7 7 9 0 9 4 0 7 0 9 7 9 0 7 9 4 0 0 2
2 2 0 2 9 4 4 9 4 4 0 7 0 2 9 2 2 2 7 4 2 7 9 7 7 9 9 9 2 9 4 0 0 9 2 4 7 0 7 0 2 9 4 7 2 4 0 0 2 4 7 9 7 7
2 2 9 2 9 9 4 7 7 4 7 9 2 0 4 0 0 0 2 4 4 0 2 7 4 4 9 4 7 7 7 4 7 0 2 0 2 0 7 4 0 4 7 7 0 7 0 2 9 4 9 9 0 2
2 7 0 4 7 9 4 9 9 2 7 4 2 9 2 9 2 7 2 0 9 0 7 0 2 2 4 4 2 4 0 0 4 7 0 2 2 7 4 0 7 0 9 4 2 7 7 7 4 9 9 4 9 7
2 2 7 7 2 7 2 2 9 9 2 0 7 9 0 2 9 0 2 0 9 2 2 9 7 7 4 4 7 7 9 7 4 0 2 4 2 4 0 7 7 4 0 0 2 0 2 0 2 2 4 2 4 9
2 0 4 9 4 0 4 0 0 7 7 2 4 4 4 9 4 0 9 7 2 0 7 7 2 4 2 0 2 7 0 2 9 9 9 0 9 2 2 7 0 4 9 0 4 9 4 0 2 7 2 9 9 2
2 4 2 7 9 7 4 9 7 7 4 0 7 4 2 2 0 0 4 9 9 9 9 0 7 9 7 7 9 9 0 9 2 7 2 9 7 7 4 4 9 0 9 0 0 2 7 7 7 7 7 0 2 7
2 4 4 0 0 9 4 4 9 4 0 4 0 2 4 9 0 7 7 2 2 4 0 4 2 9 9 9 7 4 2 7 2 7 4 2 2 7 7 7 2 2 4 4 0 0 9 0 0 9 9 0 4 0
2 9 7 0 4 4 7 7 4 2 9 0 2 2 0 2 4 2 2 9 9 2 2 7 7 0 9 2 7 9 7 2 0 2 4 0 0 0 2 7 0 7 2 9 7 7 0 4 4 0 0 4 4 9
2 4 9 7 0 7 0 0 9 7 2 4 7 4 9 2 9 7 2 0 9 7 7 9 2 4 4 4 7 4 7 9 7 4 7 9 0 9 4 9 2 9 0 2 9 9 0 0 9 0 7 0 4 0
2 4 7 2 2 9 9 9 0 4 9 9 0 9 0 4 2 4 2 2 4 0 2 9 7 7 7 7 7 4 9 9 0 0 7 0 7 9 4 9 2 9 0 9 9 0 7 4 0 9 4 7 7 0
2 2 4 7 9 0 0 4 4 7 4 4 0 4 7 7 9 9 7 0 7 4 7 4 0 7 9 9 9 0 0 7 2 0 0 0 2 7 2 9 2 2 7 7 9 4 9 9 9 0 0 7 7 2
2 4 9 0 0 4 2 2 4 2 2 0 2 7 0 2 9 9 2 2 2 0 9 4 7 9 2 2 0 2 0 0 0 2 9 0 7 0 0 0 7 2 4 7 2 7 4 2 2 4 0 9 7 2
2 4 9 9 4 7 9 9 7 9 0 2 2 9 7 4 9 4 0 2 7 9 2 2 9 4 7 4 4 2 4 0 0 2 9 2 0 0 7 4 4 9 0 0 2 0 0 7 2 7 9 0 2 9
2 4 0 2 7 9 2 9 7 0 9 9 4 9 7 9 7 0 7 2 4 2 9 2 2 4 0 2 9 7 9 7 0 9 7 2 7 9 2 2 4 9 2 0 9 7 0 4 2 7 4 9 0 0
2 7 0 2 4 2 7 7 7 0 0 7 4 7 7 7 4 0 9 7 7 0 4 9 0 2 7 9 9 7 4 9 2 4 9 0 9 7 4 0 7 2 4 9 9 7 4 0 4 2 9 0 0 0
3 0 0 0 4 6 4 2 3 1 3 0 4 3 4 6 0 1 4 2 4 1 5 2 2 1 4 5 0 3 4 1 1 1 0 5 6 2 4 3 1 2 0 2 3 1 5 4 3 5 4 1 6 6
3 1 0 2 2 2 4 6 0 2 0 0 1 4 1 5 1 6 5 4 5 5 0 5 6 4 3 1 6 6 2 5 0 3 6 2 1 0 4 4 5 4 2 1 5 2 6 6 2 5 2 0 4 5
3 2 5 0 2 3 6 2 1 6 4 3 4 4 4 4 2 3 1 0 5 3 2 6 1 4 4 6 3 2 3 3 0 4 0 3 0 4 6 6 5 1 3 4 1 3 5 4 5 3 2 6 5 6
3 0 3 5 0 4 6 1 6 3 3 1 6 4 5 4 5 4 2 2 1 5 3 2 2 1 1 3 2 3 1 6 2 5 6 5 4 1 6 0 5 0 4 5 5 0 6 3 5 1 2 1 4 6
3 3 1 3 1 0 5 0 5 6 1 2 5 2 1 1 6 5 3 0 4 1 2 5 2 5 3 2 0 5 3 3 2 5 0 0 6 3 2 1 4 6 0 5 6 3 4 3 0 4 6 1 0 6
3 4 0 5 6 1 0 2 6 0 5 3 0 2 3 0 0 1 1 2 6 2 2 1 6 2 5 5 6 3 2 1 1 0 2 3 0 3 4 1 6 2 1 5 5 4 0 0 0 6 5 4 5 6
3 0 6 5 6 5 3 0 5 5 2 3 5 3 0 5 4 3 5 1 0 3 5 2 6 2 5 2 5 3 1 3 1 0 4 6 4 4 2 1 6 1 3 5 6 4 2 4 3 4 2 4 2 1
3 6 6 5 3 6 0 2 0 4 5 2 4 2 3 0 6 2 5 5 4 2 5 3 0 0 4 5 4 1 5 2 0 6 3 6 4 4 0 1 2 1 0 6 0 6 6 2 4 5 3 2 5 5
3 0 0 4 1 0 1 4 1 0 0 2 1 0 3 2 3 0 4 4 6 3 1 6 5 3 4 0 4 3 3 2 4 5 4 1 0 3 6 2 3 0 2 0 2 1 2 2 2 2 4 6 3 6
3 5 1 6 6 6 1 6 6 5 0 4 3 0 3 1 6 5 2 2 2 0 1 2 1 3 5 6 4 0 0 5 6 4 5 1 2 3 0 0 1 4 4 1 3 1 1 0 4 5 6 4 6 2
3 1 5 3 2 4 6 2 3 4 6 0 5 5 5 0 0 3 5 3 4 3 2 5 6 6 0 2 3 2 5 4 2 3 0 3 0 2 5 6 5 6 2 1 1 3 2 6 2 1 2 5 2 2
3 4 6 0 0 6 4 4 5 1 4 4 0 0 6 1 6 1 3 2 6 3 3 0 6 3 3 2 3 2 5 5 0 1 5 3 0 0 6 4 2 3 6 6 4 6 1 4 1 5 0 0 0 5
3 4 2 3 4 5 6 3 6 0 2 3 5 0 2 2 4 5 0 1 2 5 2 5 2 4 0 0 2 5 4 6 1 1 6 4 6 6 4 2 5 0 5 4 0 5 4 0 2 0 4 0 4 0
3 5 4 4 6 6 1 2 4 6 6 2 5 2 0 2 0 5 4 1 6 0 6 4 0 3 6 6 5 6 6 4 0 2 2 1 5 3 3 0 3 1 3 0 0 4 2 3 5 4 4 1 5 6
3 5 4 4 5 4 0 0 3 6 2 3 6 5 5 0 2 3 3 4 1 2 2 5 4 0 4 2 5 1 3 0 6 1 5 1 6 2 4 6 1 3 1 6 1 0 5 0 2 2 3 3 0 2
3 5 4 1 3 3 5 1 5 2 4 0 4 2 6 4 0 5 0 6 5 5 0 4 3 1 5 2 4 4 3 3 5 4 1 1 1 5 3 4 2 5 2 3 4 0 4 2 3 4 6 0 1 6
3 6 0 3 5 2 0 3 3 3 2 0 4 1 5 3 3 0 1 4 2 5 6 0 3 6 3 0 2 1 4 6 0 2 0 0 2 3 5 5 4 2 4 6 1 1 2 5 0 1 4 3 5 4
3 0 1 3 6 4 4 4 1 3 5 4 5 1 1 1 1 3 0 5 5 3 0 1 6 4 0 1 1 3 6 2 2 1 1 3 6 5 1 3 1 3 1 6 5 5 4 6 6 5 6 0 2 5
3 0 2 1 4 3 4 6 2 1 2 6 2 2 3 4 4 1 5 0 2 0 0 6 0 4 6 5 6 6 3 0 4 5 6 1 5 1 5 0 1 6 1 3 3 4 6 0 0 5 0 6 2 2
3 2 3 2 5 4 6 5 0 6 0 2 1 6 5 4 0 0 0 1 0 0 4 4 2 2 3 0 4 3 0 1 6 0 4 2 1 6 4 6 1 3 5 4 2 1 3 3 0 6 6 0 6 0
3 6 0 1 5 1 0 5 3 3 6 5 4 3 4 2 6 1 6 4 2 0 6 4 5 0 1 4 6 6 1 3 6 3 4 0 2 5 3 2 5 6 3 2 5 1 4 0 0 3 2 5 6 0
3 3 1 4 5 6 5 2 1 0 0 5 5 5 5 6 0 1 3 0 1 0 0 2 6 0 5 5 1 1 3 2 0 2 1 1 1 2 3 2 1 0 1 3 1 3 6 5 3 6 3 3 5 4
3 0 6 2 5 6 1 1 4 0 2 0 5 4 4 1 2 5 0 5 3 0 6 0 0 6 3 5 6 1 0 4 2 2 3 0 6 4 3 5 1 2 3 6 1 1 3 0 0 5 5 1 0 5
3 4 1 0 4 0 6 1 3 4 3 3 1 0 1 5 5 2 0 4 5 0 2 5 0 4 3 4 5 5 5 5 6 4 5 3 6 3 4 3 5 2 3 6 5 0 6 0 5 1 1 5 2 5
3 5 5 4 0 5 4 5 0 1 4 1 2 4 3 4 3 0 3 1 5 1 1 2 4 0 1 6 2 6 5 5 4 6 6 4 2 4 2 1 1 0 2 0 4 1 4 1 1 5 0 2 4 4
3 2 0 2 6 1 5 6 1 5 5 2 1 1 6 5 4 0 6 5 1 4 1 6 5 2 0 1 5 1 1 1 4 4 2 1 4 1 3 5 4 2 2 2 5 2 1 3 6 2 4 1 4 4
3 5 5 2 1 0 2 5 3 2 1 5 3 5 2 6 3 5 6 1 1 6 3 1 4 2 0 0 0 2 6 5 3 4 3 3 1 4 3 2 6 2 6 6 0 3 4 2 1 1 1 0 3 6
3 6 1 0 3 2 0 6 2 1 4 1 3 6 2 2 4 2 0 4 4 0 2 0 4 2 1 0 0 1 5 4 0 3 5 2 5 5 4 6 6 0 6 2 5 5 0 4 0 6 5 1 3 5
3 6 2 0 6 0 4 1 6 5 4 2 1 3 5 1 6 2 1 0 0 0 3 1 1 0 0 6 4 0 6 1 1 4 5 1 3 4 5 0 0 3 3 0 6 0 3 6 5 0 1 2 0 1
3 2 1 5 6 5 0 4 1 6 0 5 0 6 5 4 5 5 2 0 5 1 6 3 0 1 3 1 6 2 0 2 5 3 0 4 0 6 0 1 2 6 0 0 5 5 1 2 4 5 0 4 0 1
3 1 5 3 4 1 3 3 1 5 2 4 5 6 4 0 3 6 6 4 1 0 1 5 0 4 5 4 4 0 3 0 0 0 1 5 5 0 5 0 2 1 2 0 3 2 3 1 5 5 2 1 6 6
3 1 5 4 2 5 2 3 1 6 4 3 5 3 5 5 2 4 5 4 5 1 3 6 5 5 2 0 4 0 2 6 0 6 4 4 0 3 0 5 1 3 5 3 2 6 6 4 0 6 3 6 6 2
3 4 0 6 2 1 0 4 2 0 4 0 6 3 0 0 2 5 2 0 3 0 2 1 0 0 1 4 3 3 3 0 1 0 3 0 3 4 0 5 4 6 6 3 3 6 0 3 4 6 3 5 1 6
3 2 4 6 4 2 3 4 5 3 2 6 0 2 1 3 3 1 6 3 0 3 3 3 4 5 6 3 0 6 1 6 5 6 0 6 0 5 1 0 6 1 6 5 0 1 1 0 3 4 4 4 1 6
3 4 4 0 5 2 2 4 1 4 2 0 1 6 3 3 3 1 3 4 0 2 1 5 2 1 6 4 0 6 3 2 2 6 6 0 5 4 2 4 1 5 5 4 5 5 6 6 6 0 3 4 5 6
3 5 0 0 1 4 4 5 6 3 3 3 5 5 0 5 1 3 5 0 0 0 0 3 1 3 1 6 2 0 1 6 0 0 6 6 0 4 4 1 3 3 5 0 3 0 4 0 1 6 2 1 2 0
3 4 5 5 3 3 4 2 2 4 5 1 2 4 2 6 4 4 3 0 2 1 0 0 2 5 4 5 1 3 4 0 6 2 0 5 6 0 3 0 4 6 5 3 6 3 0 4 4 2 3 5 5 0
3 4 6 1 0 4 4 0 3 4 4 6 4 4 3 2 6 2 0 1 2 2 6 5 0 1 5 2 6 3 6 6 5 2 5 2 2 0 0 6 6 5 4 1 0 3 0 3 0 1 1 6 5 4
3 4 2 6 4 0 0 0 3 2 0 5 3 4 4 6 2 0 3 5 2 6 3 1 4 2 3 4 2 3 0 2 2 4 6 5 6 1 5 0 2 5 1 5 0 5 2 3 4 3 6 6 3 6
3 2 6 1 5 3 2 0 4 1 4 6 3 1 4 2 5 5 0 1 1 5 4 6 1 0 5 0 4 4 1 4 2 0 6 2 6 1 1 0 0 4 5 4 0 5 4 2 6 4 2 2 0 3
3 3 2 5 2 2 4 0 4 4 3 4 5 5 6 2 4 4 5 6 6 6 1 0 1 0 6 3 5 0 6 1 3 2 4 6 6 4 2 2 3 0 1 1 3 1 3 2 3 1 2 3 0 2
3 1 0 3 2 0 2 5 4 6 5 0 6 3 4 1 5 1 1 3 4 3 0 6 0 2 1 4 0 6 2 5 2 3 1 4 6 2 4 3 0 6 0 5 1 1 2 6 3 2 5 1 6 5
3 5 3 5 2 1 4 1 1 1 6 0 1 1 3 5 0 1 5 2 6 2 3 2 2 1 0 0 6 2 3 1 3 1 1 1 6 1 6 3 1 1 5 0 0 0 4 4 2 4 3 0 3 1
3 1 4 0 0 2 6 1 3 3 6 3 3 3 5 2 1 0 6 1 4 0 2 1 2 6 4 4 0 5 4 2 2 4 2 6 5 0 0 1 6 5 3 1 0 5 2 6 4 6 6 5 6 5
3 0 5 5 3 6 3 0 0 5 4 5 3 4 3 1 2 1 2 0 2 0 1 2 0 2 2 2 3 5 0 4 0 3 0 3 1 5 6 4 1 5 0 1 2 0 0 1 3 4 6 2 5 2
3 3 3 2 5 4 4 0 4 5 0 1 5 3 1 0 4 5 2 0 1 3 6 6 6 2 2 6 2 1 0 0 3 4 5 2 3 3 3 3 4 0 4 6 2 5 0 4 3 2 5 0 0 2
3 2 3 6 6 2 1 6 2 5 5 5 0 1 0 0 2 3 6 4 6 3 3 6 2 1 6 0 0 1 4 3 0 6 0 3 6 2 1 4 6 2 2 4 0 0 2 0 4 3 0 1 2 6
3 5 4 4 5 0 3 4 3 5 2 5 4 4 2 6 0 0 5 0 6 1 2 0 2 6 6 4 4 1 3 4 5 4 1 3 6 5 4 4 3 4 1 3 6 5 6 6 0 1 3 5 3 4
3 1 6 5 1 6 2 4 1 3 2 3 0 0 1 4 6 4 3 4 4 3 5 3 6 0 1 4 5 0 6 6 2 3 5 3 3 3 1 3 4 0 6 2 6 3 3 2 1 0 0 2 1 5
3 6 4 2 2 4 5 1 6 1 6 6 5 2 4 2 6 3 3 3 5 5 5 5 0 2 1 3 2 5 5 0 4 6 3 5 0 1 1 1 1 0 1 6 5 4 2 3 2 2 0 3 4 4
3 3 2 0 5 5 2 0 3 2 2 3 0 5 2 2 3 1 0 1 1 3 2 0 3 3 3 6 2 1 5 4 0 0 2 4 0 1 0 6 6 6 4 6 2 3 2 3 1 0 6 0 1 0
3 4 6 0 3 2 0 1 1 6 3 6 5 1 5 1 3 0 2 5 1 1 6 2 1 1 6 3 0 6 5 2 4 1 4 1 0 3 4 2 6 5 6 6 4 4 2 1 4 5 2 4 0 5
3 6 6 3 1 3 1 1 3 1 5 1 3 1 6 1 5 0 6 0 5 6 1 0 2 5 3 1 2 3 6 3 5 1 6 0 0 5 3 6 6 4 5 1 2 1 4 0 4 2 3 6 5 0
4 0 5 3 6 0 1 8 1 7 3 6 1 7 3 4 1 4 4 0 0 1 5 3 2 0 0 5 3 0 7 8 7 5 0 1 3 0 5 2 4 6 6 1 8 8 5 6 7 5 2 1 2 8
4 4 0 2 5 6 6 8 4 6 6 6 0 3 1 8 0 4 5 4 2 0 2 2 7 8 3 2 4 4 6 1 4 0 1 0 4 7 7 4 7 7 4 8 8 0 6 6 0 7 6 2 3 5
4 7 6 0 8 3 7 8 1 7 3 8 4 1 5 6 0 2 3 5 0 4 1 3 1 7 4 3 1 4 7 2 1 6 2 3 1 3 0 5 5 1 1 7 3 6 4 6 7 2 7 0 0 4
4 5 4 0 0 7 4 5 6 5 6 0 4 7 4 0 0 7 2 5 5 0 1 6 1 7 5 6 3 7 2 6 3 7 1 1 1 4 7 2 3 1 7 3 0 4 7 3 6 6 6 2 4 3
4 8 4 7 4 0 7 6 2 7 0 5 0 2 8 2 6 5 0 4 8 5 5 7 5 5 4 6 2 7 8 0 6 7 6 8 6 6 6 2 4 4 7 2 1 3 2 5 4 4 1 7 0 4
4 8 8 7 3 2 0 2 4 5 3 4 1 1 5 6 4 0 2 4 7 4 7 3 2 6 8 4 6 2 7 0 1 6 0 6 1 0 5 4 4 4 1 0 4 0 6 6 5 2 4 1 8 5
4 8 5 1 4 1 7 0 1 6 2 8 4 1 0 0 1 7 7 6 4 5 6 2 4 4 4 6 3 7 6 3 0 0 0 3 1 4 4 5 3 7 1 3 1 0 3 3 5 5 7 3 5 6
4 2 0 6 8 5 1 0 0 1 7 4 7 5 7 0 3 7 4 4 6 0 1 0 3 3 8 1 2 3 3 6 1 6 3 3 6 3 0 8 2 1 0 4 4 0 3 8 4 3 0 0 3 0
4 8 6 6 0 3 2 0 1 0 2 1 2 2 5 0 6 4 7 3 0 6 5 6 7 4 7 7 7 6 3 6 4 5 4 8 6 6 1 2 1 6 0 6 7 4 4 1 2 6 6 3 0 5
4 3 6 5 0 8 1 7 5 6 0 7 6 0 2 0 4 4 5 5 4 3 3 5 7 3 5 1 2 2 4 4 6 0 4 2 2 4 5 3 7 1 2 5 6 7 6 7 0 3 7 0 6 8
4 2 7 0 7 3 3 8 6 1 6 0 6 6 1 5 8 1 3 6 7 2 5 0 5 8 0 2 8 6 0 6 8 3 7 3 5 5 1 2 6 4 0 3 4 4 0 1 5 1 5 5 7 3
4 2 7 8 2 3 0 3 7 1 4 3 0 7 4 1 6 0 0 0 3 5 7 6 4 6 4 1 0 7 4 7 3 1 8 1 1 3 4 7 0 7 2 8 5 2 2 5 1 6 7 1 3 0
4 7 1 6 0 3 2 2 0 1 8 3 1 0 5 5 1 0 0 2 6 2 0 4 5 4 3 3 6 5 5 2 1 2 5 2 3 0 1 8 5 2 3 1 6 5 4 6 2 5 0 0 2 7
4 0 6 0 8 7 2 2 7 1 5 2 5 7 0 8 8 8 6 7 7 3 3 0 5 8 4 2 0 7 5 6 3 5 0 5 2 5 0 0 6 5 1 1 4 5 4 4 6 6 6 2 7 8
4 4 3 7 1 0 3 4 0 2 0 7 5 1 7 0 6 4 4 4 4 1 1 1 2 6 2 2 3 7 4 1 7 0 7 5 6 7 2 1 3 0 1 0 5 6 1 5 4 5 7 7 0 5
4 3 2 5 2 0 7 7 3 6 7 1 4 7 1 5 0 7 6 5 2 6 0 3 6 1 5 1 5 7 6 2 2 4 4 6 2 2 1 0 7 3 7 1 8 0 2 7 0 8 2 0 0 4
4 2 2 6 7 2 6 8 0 0 6 7 6 5 3 5 5 0 2 7 1 0 2 1 4 4 6 4 6 5 0 6 5 3 6 6 1 2 6 6 3 0 7 1 3 2 0 4 3 2 4 2 0 6
4 0 8 6 0 1 0 6 1 2 4 1 6 5 3 0 2 5 0 7 0 0 4 7 8 4 4 2 1 0 2 5 7 7 0 7 6 3 7 6 2 4 1 2 6 0 2 2 7 0 6 3 6 2
4 4 7 6 1 1 3 8 3 7 2 7 3 7 3 4 7 5 6 0 0 1 7 2 1 0 5 5 8 6 5 6 6 5 6 0 3 5 0 2 6 3 3 3 1 4 4 3 6 1 5 6 2 1
4 2 7 6 2 1 2 6 5 7 3 3 0 1 0 8 0 4 0 3 0 2 0 3 2 7 5 3 6 0 5 6 2 1 5 0 1 5 5 3 8 4 6 1 1 0 3 3 1 1 1 3 4 1
4 7 4 5 1 5 8 7 7 4 7 1 0 7 3 7 7 0 0 3 6 0 6 4 6 0 3 5 2 2 7 8 5 0 6 2 1 8 1 6 7 1 6 6 4 5 1 0 6 6 6 2 4 2
4 7 0 0 5 5 7 1 5 5 7 5 0 3 1 7 8 2 1 5 5 5 0 7 1 2 3 6 4 2 1 4 8 1 2 3 4 2 8 0 8 7 8 7 1 1 8 6 1 5 8 3 5 7
4 2 7 7 1 0 2 7 3 8 3 6 2 5 5 1 7 6 0 3 6 1 2 0 1 1 5 8 3 8 5 4 6 5 0 4 3 2 8 6 3 0 3 4 5 5 6 1 7 1 3 0 2 0
4 6 7 2 6 3 0 1 6 6 0 6 1 2 3 0 2 8 1 4 1 0 2 2 0 2 0 2 6 5 0 0 7 0 3 5 7 4 7 1 7 2 0 5 2 6 5 5 3 7 1 5 2 1
4 5 6 2 7 1 7 4 6 1 4 6 2 6 2 8 0 1 2 0 2 1 2 4 0 0 1 3 2 3 4 7 5 4 1 4 5 5 7 8 7 5 6 4 2 7 7 0 5 4 2 8 5 1
4 2 7 6 5 5 2 3 8 1 7 2 7 2 8 8 0 3 4 5 5 3 8 8 0 0 0 3 4 8 5 0 8 8 7 7 4 2 3 4 0 1 8 4 2 4 4 4 2 5 6 2 6 3
4 2 2 0 7 5 6 7 2 0 3 0 3 5 8 1 0 3 2 5 0 7 4 2 2 3 1 0 7 4 8 5 1 0 0 8 5 1 0 3 2 3 1 4 6 2 1 4 2 7 2 5 1 8
4 0 4 6 7 4 7 5 7 4 6 2 0 2 1 4 4 1 6 8 5 1 6 0 6 5 0 1 0 2 1 4 7 3 0 1 5 7 7 0 4 1 1 6 8 7 2 3 7 1 6 1 5 7
4 7 4 3 5 7 7 2 0 6 4 1 6 1 3 8 6 2 6 5 5 5 6 5 3 7 2 2 4 0 4 1 0 2 5 5 5 3 3 8 1 1 2 0 0 4 7 0 1 2 1 1 5 1
4 4 3 0 1 0 5 2 1 0 5 2 0 6 1 6 2 6 5 1 7 2 8 1 3 2 4 5 3 4 0 7 3 7 2 5 0 3 2 2 1 2 3 5 7 5 2 8 5 5 5 2 6 0
4 5 3 3 1 8 0 0 5 1 6 4 3 3 4 0 7 0 8 4 5 0 6 7 7 8 2 0 6 4 3 0 8 7 1 8 4 7 2 3 0 2 2 0 5 0 3 5 4 6 0 5 2 5
4 0 5 1 7 6 5 5 7 7 2 2 7 4 6 0 3 4 0 2 2 3 2 5 1 3 4 2 2 1 1 2 0 1 3 3 3 6 3 1 0 0 3 6 1 4 7 8 0 4 6 1 1 3
4 0 6 4 2 6 3 6 2 5 7 4 2 7 5 0 5 5 4 4 3 8 7 3 6 6 0 1 7 3 6 6 2 0 1 3 8 8 6 5 7 2 7 0 8 3 2 2 7 6 4 6 6 7
4 1 8 7 5 2 8 8 6 5 5 8 6 7 6 7 1 0 3 5 7 7 3 2 5 0 4 7 1 4 8 5 0 4 0 0 6 8 7 4 7 3 6 6 8 7 1 5 6 3 1 4 0 2
4 1 2 1 4 3 4 2 3 8 5 4 4 0 8 3 2 3 3 3 3 4 5 7 1 6 6 8 3 2 1 3 7 7 5 0 2 5 6 0 1 6 3 0 2 1 0 3 6 4 5 8 7 5
4 4 7 3 1 8 1 8 0 1 4 8 5 0 4 3 5 3 3 5 7 5 6 2 4 5 6 4 4 8 3 4 0 3 2 2 0 5 4 5 4 1 3 5 5 7 4 1 0 5 2 6 4 4
4 0 2 3 2 0 7 8 0 6 0 2 3 1 4 5 7 5 1 0 1 1 2 4 4 4 6 4 7 7 2 7 8 3 6 7 1 0 4 2 8 8 0 6 2 5 2 2 2 3 4 2 3 3
4 2 7 0 0 2 2 8 0 7 7 3 3 0 5 1 3 3 0 3 2 2 1 4 1 2 6 4 8 4 5 6 0 2 1 2 8 4 0 5 4 2 2 1 0 3 2 2 5 4 1 3 7 6
4 5 7 1 5 4 0 1 2 5 8 5 4 5 0 1 5 2 5 1 6 4 1 3 1 2 7 1 1 0 5 3 0 4 0 7 7 1 1 0 1 6 3 4 7 7 7 0 1 6 4 1 2 6
4 7 5 3 3 6 1 0 3 1 6 2 6 1 3 5 3 5 8 7 2 6 7 7 8 0 0 0 6 4 3 3 8 2 3 2 8 3 6 4 0 2 6 6 2 3 5 3 3 0 8 5 0 7
4 3 2 8 0 5 3 5 4 5 1 8 3 5 4 4 2 0 0 6 0 0 1 0 2 7 5 7 6 0 1 4 7 2 7 6 3 0 2 1 6 0 7 4 5 5 8 3 0 6 7 0 3 0
4 6 5 0 4 7 3 8 2 6 4 8 1 7 5 4 6 7 2 7 5 3 0 0 6 6 8 2 2 4 0 6 5 1 6 6 6 0 0 7 2 2 0 3 4 4 7 7 2 1 1 3 6 7
4 3 4 3 7 2 8 5 4 2 0 3 5 6 6 5 4 7 7 7 0 6 5 8 7 1 6 2 6 0 5 7 7 5 6 7 5 7 8 6 0 3 0 0 2 7 2 2 2 4 4 2 2 0
4 4 0 2 7 5 7 5 2 1 4 5 4 4 0 7 6 1 1 3 3 3 6 7 0 4 6 1 1 4 1 4 1 4 0 2 5 6 3 8 2 7 0 2 0 6 4 2 7 0 0 6 4 7
4 3 6 4 3 1 4 5 5 6 7 2 7 1 7 1 7 4 1 2 2 5 7 7 6 5 0 0 7 7 1 6 3 5 5 5 0 5 2 4 0 6 8 0 3 0 6 8 0 6 6 2 5 8
4 2 7 3 2 3 5 6 1 6 3 0 0 3 5 3 4 0 2 4 3 4 1 5 1 5 1 4 0 1 1 0 4 5 0 7 4 4 3 1 0 7 0 0 3 6 0 5 7 5 1 6 4 6
4 8 8 6 0 3 0 6 7 3 6 3 4 8 3 5 3 7 3 5 7 0 8 0 0 7 4 0 1 2 0 4 4 2 6 0 7 0 5 0 5 2 5 4 7 3 0 0 5 4 2 7 2 0
4 3 1 0 0 0 1 6 2 8 2 0 2 1 5 6 2 6 0 0 0 7 1 0 2 3 1 4 1 5 5 3 0 1 2 0 5 3 7 6 5 2 3 5 6 4 4 4 0 7 1 1 3 5
4 2 7 5 5 2 2 1 2 3 6 3 6 4 6 3 2 8 2 0 1 3 4 1 2 5 0 0 7 6 4 2 5 7 2 0 3 2 0 2 3 7 3 6 5 3 6 2 8 0 3 2 5 1
4 4 6 6 5 6 3 3 0 1 8 1 1 1 3 6 1 0 5 3 3 5 6 8 7 5 5 2 1 3 5 6 1 7 3 6 5 2 7 6 6 0 3 3 6 0 6 1 0 5 0 5 0 3
4 5 8 5 1 0 7 8 2 3 1 5 1 0 2 4 6 0 8 6 2 2 5 8 0 1 6 6 2 0 4 2 3 5 0 3 3 0 0 2 3 2 0 2 5 4 8 2 0 8 3 0 0 0
4 7 5 1 4 2 0 1 3 2 0 1 7 1 8 2 8 6 1 0 4 5 4 5 6 3 7 8 6 4 7 7 2 3 8 0 5 6 2 4 3 2 7 6 8 8 4 5 5 2 6 1 0 4
4 6 1 2 6 4 5 2 2 5 2 3 3 2 1 7 1 5 4 1 7 6 0 0 6 8 7 7 4 2 2 2 5 5 0 6 1 7 1 8 0 1 2 3 7 6 5 3 0 6 1 7 2 0
<end>