<number of tasks>
70
<number of stations>
10
<type of the robots>
4
<cost of the robots>
1 3.04
2 3.32
3 7.30
4 7.72
<task times>
1 125 238 74 51
2 155 121 78 83
3 112 136 45 88
4 95 232 41 92
5 250 232 64 115
6 89 121 58 80
7 204 190 45 109
8 102 184 38 36
9 99 193 58 38
10 105 280 81 113
11 224 274 69 67
12 125 145 59 52
13 92 84 27 38
14 95 157 71 32
15 92 193 41 31
16 115 154 59 119
17 115 105 59 75
18 155 178 90 51
19 86 265 42 56
20 164 193 47 36
21 89 151 33 65
22 86 118 60 70
23 155 322 45 75
24 171 377 106 107
25 95 151 38 66
26 125 145 44 97
27 187 316 73 119
28 99 108 30 63
29 105 193 30 79
30 122 105 49 38
31 76 87 74 49
32 207 298 95 48
33 171 87 32 39
34 141 160 136 47
35 99 208 48 80
36 66 223 41 65
37 122 145 56 84
38 86 169 47 71
39 112 214 37 62
40 79 118 38 26
41 201 202 59 49
42 86 105 36 43
43 128 112 40 91
44 105 365 53 75
45 184 202 59 62
46 207 108 60 58
47 155 105 77 65
48 132 187 64 61
49 168 178 114 65
50 135 259 101 51
51 95 268 44 44
52 118 193 38 63
53 115 199 123 49
54 210 166 66 43
55 197 175 79 89
56 112 202 82 32
57 151 118 38 82
58 141 105 40 40
59 250 244 56 51
60 250 356 85 71
61 164 365 52 49
62 82 130 27 41
63 112 157 33 60
64 112 127 53 71
65 224 121 59 38
66 187 142 52 35
67 151 172 114 43
68 82 93 73 51
69 86 127 64 44
70 72 181 56 30
<precedence relations>
1,2
1,41
1,69
1,70
2,3
3,4
3,68
4,6
4,7
5,6
5,24
5,30
6,8
7,8
8,12
9,10
10,11
11,12
12,13
12,14
13,23
14,23
15,16
16,17
16,18
17,19
18,19
19,20
19,22
19,57
20,21
21,23
22,23
23,25
23,31
23,33
24,25
25,26
25,27
25,28
25,29
26,35
27,35
28,35
29,35
30,31
31,32
32,35
33,34
34,35
35,36
35,44
35,48
35,51
35,53
35,56
35,60
35,61
35,62
36,37
37,38
38,39
39,40
40,42
41,42
42,43
43,50
44,45
45,46
46,47
47,50
48,49
49,50
51,52
52,54
53,54
54,55
57,58
58,59
59,60
61,65
62,63
63,64
64,65
64,66
64,67
<setup time between tasks by robots>
1 0 0 3 7 0 7 7 7 10 13 7 3 0 10 13 3 3 3 7 10 13 3 3 13 0 3 0 3 3 3 7 13 13 13 13 7 10 7 0 3 10 0 13 0 13 13 7 10 3 7 3 0 3 10 3 3 0 0 0 0 13 3 13 10 13 10 0 13 7 7
1 0 0 13 7 10 13 13 7 10 7 3 13 3 0 0 13 13 10 7 13 3 0 7 7 7 3 13 0 0 3 13 3 10 10 13 0 13 13 7 13 0 13 13 3 0 7 7 10 10 3 3 7 7 3 7 7 10 3 0 3 10 3 3 7 13 7 3 10 10 7
1 10 0 0 7 10 0 7 7 13 3 7 13 7 3 0 3 0 7 7 10 10 3 10 0 3 0 0 0 10 7 0 0 13 10 10 10 13 7 7 13 13 3 13 0 3 7 10 13 0 0 0 10 13 0 10 0 0 10 10 10 13 10 3 7 3 0 0 7 0 10
1 10 13 3 0 0 13 13 13 3 13 7 7 10 10 3 0 13 3 10 10 7 10 10 7 0 7 3 3 3 10 3 13 7 10 3 10 3 3 3 7 3 7 3 10 13 0 0 7 13 10 10 7 3 7 3 0 10 3 7 13 10 13 10 10 3 3 7 0 7 10
1 3 0 0 3 0 0 3 13 3 0 0 0 10 3 10 10 0 3 13 7 0 0 13 7 13 13 0 10 13 10 3 10 10 0 13 13 0 10 13 7 13 13 0 7 3 3 0 3 7 0 0 3 0 13 10 10 0 3 13 10 10 13 3 3 7 10 13 13 0 13
1 7 7 0 7 0 0 10 10 0 10 10 0 0 0 13 13 7 3 7 7 3 13 0 3 3 0 3 3 7 0 13 10 7 3 0 10 10 3 13 7 10 10 7 3 10 10 0 10 7 0 3 3 13 10 13 3 3 7 3 3 13 0 3 10 10 0 3 7 3 7
1 13 13 7 10 3 3 0 10 0 10 10 7 3 3 7 7 3 3 3 7 7 3 13 7 13 13 3 10 0 0 0 0 13 10 3 7 13 10 13 3 0 13 10 0 13 10 13 10 10 10 3 0 13 3 7 13 0 10 0 7 0 0 10 0 3 3 0 7 13 7
1 0 3 3 10 7 10 3 0 3 7 13 13 0 10 0 10 7 13 7 7 3 7 10 13 3 13 10 0 13 10 3 10 13 13 3 7 13 0 13 13 10 7 13 3 0 7 13 13 3 3 13 0 10 7 7 10 7 3 10 0 10 3 13 3 3 13 7 3 7 13
1 13 13 7 7 10 0 13 0 0 13 7 3 0 7 10 13 10 10 3 13 0 3 3 10 7 7 7 7 3 3 7 3 13 13 0 13 10 3 3 10 13 3 13 0 0 13 0 10 3 3 10 7 10 3 13 3 3 7 3 7 0 7 13 3 13 0 10 3 7 3
1 10 3 3 7 3 0 13 0 7 0 0 10 0 13 3 7 3 3 7 7 7 13 0 10 13 7 3 13 10 13 0 7 13 3 13 13 7 7 3 0 3 0 0 10 10 3 3 0 0 13 0 0 10 7 3 3 7 3 13 7 0 7 13 3 0 3 10 10 10 10
1 13 10 3 10 10 10 3 3 13 3 0 0 3 7 7 0 13 0 10 0 7 13 10 7 10 0 7 3 10 0 10 7 0 10 7 10 10 10 3 7 7 7 10 7 7 7 7 13 3 7 13 3 13 7 10 10 7 13 0 13 13 0 7 0 10 13 10 0 0 7
1 0 7 10 10 0 10 0 10 3 13 10 0 0 3 0 10 13 7 7 3 10 13 0 7 3 3 13 3 3 13 10 10 13 7 3 0 10 10 7 0 0 0 0 0 0 13 10 13 13 13 10 13 7 13 7 7 10 7 3 10 3 13 13 13 0 0 10 7 3 7
1 3 7 7 0 7 13 7 3 7 10 13 0 0 7 10 7 0 7 10 10 10 3 3 7 10 3 10 7 3 3 0 3 7 0 7 13 0 0 0 3 0 3 7 7 10 3 0 0 3 10 7 10 7 13 0 10 0 13 3 10 3 13 7 3 13 3 13 7 3 3
1 10 3 3 7 10 0 7 3 10 13 13 0 7 0 13 3 3 7 0 7 10 10 13 13 13 13 13 13 7 13 0 7 10 0 7 0 13 3 13 10 10 10 7 10 13 0 7 0 0 0 7 3 7 10 3 7 3 7 3 10 0 7 3 10 0 0 13 0 7 7
1 3 7 13 13 3 7 0 13 0 3 0 13 10 3 0 7 13 10 3 0 0 3 10 3 0 7 7 3 10 13 13 0 3 10 3 7 3 3 13 13 13 3 3 10 13 0 13 3 7 3 3 3 7 13 0 7 13 3 7 3 0 7 0 3 0 0 10 3 3 3
1 13 10 3 0 7 0 3 10 10 0 3 3 0 0 10 0 3 3 7 13 13 0 13 7 7 10 3 0 10 7 10 13 13 10 7 10 10 10 3 13 0 10 0 3 10 3 13 7 0 10 13 10 7 13 0 13 13 3 10 0 7 10 0 13 10 10 3 13 3 13
1 3 3 0 7 7 0 13 0 10 3 10 7 0 7 3 0 0 3 10 0 13 0 7 10 13 10 13 13 7 7 3 0 10 10 13 3 3 7 13 0 3 0 0 7 7 10 10 13 3 3 3 3 0 13 13 13 0 3 10 0 7 0 10 13 0 10 7 3 7 13
1 0 7 3 7 13 0 3 13 10 0 13 7 7 10 10 0 13 0 7 7 7 13 7 13 0 0 7 10 7 10 10 3 10 7 3 13 0 0 7 0 3 10 10 7 13 13 13 13 3 7 10 13 3 0 10 7 3 10 13 7 10 10 3 7 13 13 13 10 7 0
1 13 10 0 7 7 10 3 0 7 0 3 13 0 13 3 13 10 7 0 0 0 0 13 10 0 0 3 13 13 0 0 7 7 13 7 10 3 10 7 3 13 10 0 10 3 13 13 13 13 0 0 3 13 3 0 3 3 7 10 3 3 13 10 3 0 0 0 10 13 3
1 7 13 3 7 13 7 3 7 7 13 10 7 13 3 13 7 7 0 10 0 3 13 7 10 3 7 10 0 10 7 10 10 0 13 10 0 3 3 13 3 10 0 0 3 0 13 0 10 7 0 7 7 0 3 7 13 7 7 3 13 7 0 7 10 0 13 3 3 13 7
1 10 13 7 10 7 3 7 3 3 0 7 0 0 7 0 0 13 7 3 13 0 10 3 3 10 7 10 0 13 13 13 0 3 0 13 3 10 0 13 13 10 7 3 3 3 13 7 7 0 13 10 7 0 0 10 0 10 0 0 3 10 3 3 10 13 0 0 0 10 3
1 10 10 13 3 10 10 13 3 3 7 7 10 13 13 0 10 0 13 7 0 3 0 3 7 13 13 0 10 0 3 10 3 10 7 7 13 10 7 3 13 13 7 7 0 3 13 10 0 13 0 7 3 10 7 3 7 0 13 3 7 13 10 13 13 0 0 10 10 3 10
1 10 0 13 0 3 13 7 10 7 0 0 13 10 10 0 0 3 10 3 0 3 13 0 7 3 3 10 7 3 13 13 3 7 7 0 3 0 13 3 0 7 10 7 10 0 7 0 10 0 0 13 0 7 3 3 3 3 13 7 13 3 0 13 13 0 7 0 13 0 0
1 3 13 10 10 13 7 10 0 13 3 13 10 10 0 13 10 7 10 7 3 13 7 7 0 10 7 0 10 7 0 10 3 7 3 7 7 0 13 0 10 7 0 13 7 7 7 0 13 13 7 0 3 7 10 10 7 3 0 0 0 13 0 3 7 7 0 10 7 0 0
1 3 0 10 3 3 7 7 13 3 7 0 10 10 7 0 13 13 3 3 7 10 3 10 0 0 3 3 0 10 10 10 13 7 3 3 13 10 10 7 10 0 10 3 7 3 3 13 10 13 0 3 10 13 10 7 0 10 10 3 0 7 10 13 13 10 3 13 0 7 7
1 0 7 10 13 3 3 10 7 10 7 13 3 3 13 0 13 3 10 10 3 0 7 0 3 13 0 10 10 3 10 3 7 10 13 0 10 3 10 3 0 10 3 13 10 3 3 7 7 0 10 13 13 10 7 0 13 0 10 7 0 0 7 3 10 13 10 10 3 13 10
1 0 0 10 0 0 7 7 0 3 10 13 7 13 7 0 10 13 7 7 7 13 10 10 13 10 13 0 3 7 10 3 13 3 10 7 3 0 10 13 13 0 0 10 10 13 10 3 0 10 0 0 13 0 13 3 10 0 10 3 3 0 7 3 0 7 10 13 0 7 3
1 10 13 13 0 7 7 13 0 7 10 0 13 13 10 3 0 10 7 10 0 7 7 7 3 10 0 7 0 3 10 10 7 0 13 3 3 7 0 0 7 0 13 13 10 7 13 0 7 13 3 3 7 13 10 10 10 10 13 3 10 0 0 10 7 10 10 7 13 10 3
1 3 0 7 0 0 0 10 10 13 10 0 7 7 7 13 13 10 10 3 13 3 3 0 0 7 0 3 13 0 7 0 13 13 10 13 3 3 3 10 3 3 13 7 7 0 13 13 3 7 13 0 7 13 3 10 10 10 3 3 3 3 3 0 13 10 10 0 0 10 13
1 7 0 7 0 0 10 10 0 0 13 10 3 13 13 13 10 13 7 7 7 13 13 10 7 7 3 13 10 10 0 0 10 0 10 10 0 3 3 13 3 7 13 0 0 13 0 0 10 3 0 10 10 10 13 7 13 10 3 7 7 3 13 0 0 7 0 0 3 3 7
1 3 7 7 13 0 0 7 0 13 7 7 0 7 7 13 13 10 7 13 3 10 13 3 10 3 3 7 3 13 13 0 0 3 10 13 13 7 10 0 7 10 0 7 10 7 13 0 3 10 7 13 3 10 0 13 10 3 0 3 3 10 10 10 13 0 13 3 13 10 0
1 3 0 3 3 7 10 7 0 13 3 13 7 0 13 0 13 13 3 0 10 0 13 10 10 0 10 0 0 13 10 3 0 10 7 10 13 0 3 0 0 7 7 13 3 3 3 3 13 0 7 10 3 13 7 13 3 10 7 3 10 10 10 7 7 7 10 0 0 0 3
1 13 10 10 7 0 3 10 10 13 3 3 7 13 0 10 0 3 7 10 7 13 0 3 3 13 7 3 7 7 7 0 0 0 3 13 3 0 3 7 0 7 3 3 10 13 7 0 3 13 10 7 13 7 10 7 3 3 13 13 10 7 7 13 13 7 7 10 10 3 10
1 10 0 0 10 10 0 7 3 13 10 7 7 7 7 3 0 13 3 13 10 13 0 10 7 10 7 7 7 10 10 10 10 0 0 10 3 0 0 3 0 0 13 10 10 7 7 13 7 7 10 13 7 10 13 3 13 3 3 0 0 13 13 7 13 13 3 3 7 3 7
1 7 7 10 0 3 13 10 13 0 3 13 7 7 3 3 10 3 10 0 10 0 7 3 0 10 13 3 3 3 10 0 13 0 7 0 0 13 13 13 13 0 10 7 13 7 3 13 13 7 0 13 3 0 3 0 3 0 3 13 10 7 7 0 3 13 3 13 3 10 10
1 0 0 10 7 3 3 10 7 0 0 3 10 0 13 7 7 7 3 0 13 3 7 3 10 7 7 3 7 10 7 7 7 10 13 7 0 10 10 0 3 13 10 7 0 3 13 3 10 10 7 7 10 10 0 0 10 10 13 7 13 0 7 0 7 0 10 0 10 7 13
1 7 0 7 7 10 10 13 7 7 0 3 3 10 10 10 7 3 3 13 10 7 13 0 13 13 7 10 10 0 13 3 7 13 0 3 13 0 3 10 10 0 0 0 0 3 0 0 10 13 13 7 10 0 3 13 0 13 13 3 0 13 13 13 7 10 0 3 10 7 10
1 10 10 13 3 3 10 3 13 13 13 3 7 10 13 13 3 10 3 0 7 7 13 10 13 7 0 7 3 10 3 7 3 13 13 7 10 7 0 3 13 13 10 3 13 13 10 13 7 10 13 10 0 13 10 0 0 3 7 13 10 13 7 7 3 7 10 13 7 0 3
1 0 13 13 10 3 13 0 0 7 0 13 0 13 7 0 10 10 10 7 3 10 0 10 7 10 10 13 3 10 3 0 7 10 3 10 3 10 3 0 0 0 13 10 3 13 13 13 3 3 10 7 13 7 3 7 7 13 13 10 0 0 3 3 10 13 7 0 10 7 7
1 3 3 13 13 13 13 13 10 3 10 7 3 7 13 13 0 7 3 10 3 10 7 13 3 10 13 0 7 3 10 0 0 10 7 13 3 10 7 10 0 3 10 10 3 7 13 13 3 10 7 7 10 7 13 0 3 7 10 7 10 10 10 0 7 13 10 0 7 3 0
1 10 10 3 0 7 7 3 7 7 3 0 10 3 0 3 10 10 0 3 0 0 13 13 10 3 10 10 7 7 3 0 10 3 0 13 0 0 0 7 3 0 0 10 0 3 0 3 10 7 7 10 13 0 10 7 10 13 10 13 10 10 0 3 0 7 0 7 7 13 7
1 10 10 3 0 0 7 7 3 13 13 0 7 13 0 3 10 13 13 3 0 10 10 0 10 10 7 7 3 3 0 13 13 0 7 0 10 13 7 7 3 3 0 13 13 3 7 13 3 3 10 3 3 7 7 10 0 7 0 10 0 7 7 3 13 3 10 0 0 3 0
1 7 10 3 7 10 0 3 7 13 10 0 10 7 3 7 3 13 10 13 13 7 0 13 10 0 0 3 7 13 7 3 0 10 10 10 10 13 7 10 10 13 13 0 13 7 3 0 10 0 7 13 13 3 0 3 3 0 0 13 13 13 0 3 7 3 13 7 10 7 0
1 7 3 13 13 10 13 10 7 10 10 10 0 13 7 3 10 13 7 0 7 13 10 10 13 13 10 0 0 3 7 0 10 0 3 13 10 13 10 3 10 7 10 10 0 13 7 7 3 0 3 10 10 10 0 7 3 0 7 3 0 3 3 10 3 0 3 7 3 13 3
1 10 13 13 3 3 10 7 10 7 13 7 3 10 3 13 0 7 7 7 13 7 0 0 3 0 7 7 10 13 13 10 13 13 13 13 10 10 0 0 13 13 10 13 3 0 10 13 3 10 13 13 10 10 13 0 13 10 0 0 0 7 0 13 0 13 3 0 7 7 0
1 13 7 10 13 10 3 3 0 3 7 3 0 3 7 3 3 0 3 0 13 13 10 0 3 0 3 13 13 13 13 0 10 13 13 7 0 10 10 13 13 0 7 7 3 0 0 13 3 7 13 13 0 7 13 0 0 3 13 3 3 13 7 7 7 3 7 3 10 7 7
1 3 7 0 3 3 13 0 10 13 0 0 0 13 0 0 7 0 10 7 10 3 3 13 0 13 3 3 3 7 10 13 10 3 13 10 13 3 7 0 7 10 13 10 0 10 10 0 3 3 10 7 10 3 3 13 0 10 7 10 0 13 0 10 13 3 3 0 7 10 7
1 3 0 7 0 7 7 7 10 10 3 10 7 0 0 13 0 0 13 3 13 0 3 7 10 7 7 13 7 13 0 13 13 7 13 13 10 7 13 13 7 13 0 0 0 7 13 10 0 10 7 0 10 0 3 13 0 7 0 7 3 3 10 7 10 7 3 3 7 0 3
1 3 0 13 13 10 0 13 0 0 7 0 3 7 0 3 7 3 7 3 0 7 10 10 7 3 10 10 13 13 10 13 10 13 3 10 3 3 0 3 13 3 3 3 10 7 0 0 10 0 0 13 7 10 10 7 10 0 3 10 10 0 0 7 0 7 10 10 7 3 13
1 7 10 10 3 10 0 7 7 7 0 7 3 13 0 7 0 3 10 10 13 7 7 13 0 3 13 7 0 7 3 7 3 13 7 13 0 0 10 13 7 3 10 7 3 10 7 7 3 13 0 7 13 0 13 7 10 3 0 0 3 7 3 7 13 0 13 7 0 0 10
1 0 0 13 13 0 3 7 0 13 7 13 0 3 13 3 3 7 10 3 10 13 3 0 7 0 13 0 7 10 13 0 10 13 3 0 0 13 10 3 7 3 10 10 0 13 13 13 0 0 0 0 10 3 10 3 13 7 3 10 3 3 10 7 3 0 0 10 10 10 13
1 0 10 7 7 7 13 10 7 13 7 0 7 13 10 13 7 3 3 7 10 10 3 13 3 13 10 10 3 7 13 10 3 7 10 13 7 13 10 3 7 7 3 7 10 3 13 0 10 7 13 0 0 3 13 0 13 7 10 13 10 13 3 0 3 3 3 7 3 13 0
1 7 10 7 13 10 0 0 7 7 10 3 13 10 7 0 3 13 10 3 3 13 3 13 3 7 13 3 3 0 10 10 0 0 7 0 10 13 0 0 7 10 3 0 3 0 10 10 7 0 0 10 7 0 3 0 3 13 3 0 10 3 3 7 10 7 3 3 10 13 7
1 0 10 7 7 7 7 10 10 10 3 7 0 7 3 3 3 10 0 10 0 13 13 3 7 13 10 0 3 0 13 13 0 3 3 0 7 0 13 0 0 7 10 0 0 13 7 3 13 3 10 0 13 13 0 7 7 13 7 10 3 3 3 10 0 7 7 10 0 3 7
1 7 7 13 13 3 3 0 7 10 7 7 0 13 13 0 3 0 13 13 13 0 3 0 7 13 13 13 13 7 13 7 13 3 3 7 13 13 13 7 0 0 13 7 3 0 10 0 3 3 7 3 10 3 13 0 3 3 7 13 0 0 0 7 7 3 7 7 10 0 0
1 10 10 7 3 10 13 10 0 13 13 13 13 7 10 3 7 13 13 3 7 13 0 3 3 0 10 13 7 10 7 13 13 3 0 3 7 0 3 13 3 10 7 0 0 7 3 3 3 0 13 13 7 10 0 10 0 7 7 13 13 10 7 10 7 0 10 13 3 13 0
1 0 0 7 7 3 3 7 3 3 13 3 10 13 7 13 0 3 10 3 10 13 0 13 10 3 10 10 0 13 13 7 13 3 0 0 13 7 0 0 0 10 7 13 7 13 3 0 13 0 3 10 13 3 0 10 7 0 7 0 13 10 0 3 7 3 13 10 10 10 7
1 13 10 10 7 7 0 13 13 3 0 13 7 10 7 3 3 10 0 10 13 7 10 3 13 13 13 3 10 7 13 10 3 0 0 13 13 3 3 3 3 13 10 7 3 10 13 10 10 10 13 3 13 0 10 3 0 3 0 7 7 13 0 3 0 10 10 3 10 10 13
1 10 13 13 7 7 10 3 0 13 7 10 10 7 7 0 3 7 3 13 10 13 0 3 3 7 10 10 7 10 3 0 3 7 10 7 0 0 0 13 3 0 13 7 7 13 7 7 13 3 10 7 3 0 0 10 3 7 7 0 0 10 0 3 10 3 13 13 10 3 3
1 3 3 0 13 3 0 0 0 3 0 7 0 13 10 10 10 10 7 10 7 0 13 13 0 13 13 10 0 7 3 13 0 7 13 7 3 10 7 10 10 13 10 3 13 7 13 7 13 3 0 13 13 7 7 0 0 10 7 3 0 13 7 13 7 10 10 0 13 0 7
1 3 3 0 0 3 7 0 13 10 10 13 10 0 3 3 7 0 10 0 10 13 3 0 3 7 7 0 3 0 0 0 3 13 0 0 13 10 0 3 3 10 13 10 3 13 10 10 7 10 7 0 7 13 10 3 10 0 7 13 13 0 13 13 7 13 10 0 3 3 7
1 10 0 0 7 0 10 0 13 10 7 13 7 3 7 7 3 13 7 13 13 13 7 13 10 13 3 10 10 0 7 10 0 10 7 10 10 3 7 13 3 0 0 0 10 13 10 3 0 7 3 7 10 10 13 13 3 10 0 13 3 10 0 7 10 7 10 7 0 0 3
1 13 13 0 7 13 13 3 10 10 0 10 7 0 7 3 7 10 10 3 10 13 7 13 0 10 7 3 3 0 0 0 3 10 10 0 0 3 0 10 13 13 7 10 13 3 3 10 0 0 13 10 0 7 3 10 13 10 0 3 13 10 13 0 0 3 7 7 7 7 10
1 3 10 13 0 10 7 10 7 13 10 3 3 10 10 3 3 13 10 13 13 13 3 7 0 3 7 10 13 0 7 13 10 7 10 0 0 7 3 13 7 3 7 3 10 10 3 3 13 3 0 3 0 0 7 3 13 13 3 7 13 3 13 3 0 0 10 0 3 3 7
1 0 13 10 3 10 0 3 10 10 0 7 3 10 7 10 7 10 7 0 0 13 0 10 0 3 7 7 13 10 3 3 0 3 7 7 0 13 3 13 10 0 3 13 3 3 7 13 10 7 0 3 10 7 13 10 0 0 10 7 13 7 13 3 10 0 0 10 13 0 7
1 7 10 3 13 7 13 13 0 10 13 7 10 13 3 10 10 0 10 3 10 3 13 13 3 7 13 3 0 13 13 13 7 3 0 3 7 0 10 13 10 0 10 10 7 7 3 3 10 0 10 13 0 13 7 10 0 13 0 0 7 7 3 7 7 3 0 3 7 7 10
1 0 13 0 0 13 3 3 10 0 10 3 10 7 0 0 13 7 0 3 7 0 13 13 0 13 13 0 0 10 13 0 3 0 0 13 3 10 7 3 7 0 7 10 0 3 10 7 13 0 3 10 3 10 10 7 10 7 13 7 7 7 13 7 7 3 3 0 7 3 10
1 0 7 0 3 10 3 7 13 3 13 10 0 7 0 3 10 3 13 13 0 7 0 0 7 3 0 0 0 3 10 13 10 13 0 7 3 10 10 10 10 7 7 13 13 3 0 3 7 0 0 10 0 0 10 13 13 10 7 7 3 10 3 3 7 10 7 0 0 13 10
1 3 3 3 3 13 13 13 7 10 13 13 0 7 10 13 3 7 13 13 3 10 0 10 3 13 7 13 7 3 3 3 13 3 7 13 13 7 0 13 13 10 0 0 7 0 3 3 0 10 10 13 0 13 7 0 13 0 10 0 13 13 7 3 0 0 0 3 13 0 13
1 7 10 3 3 13 13 3 7 0 13 13 13 7 3 3 0 3 10 7 3 10 10 7 13 0 7 7 3 10 7 10 7 0 0 13 13 13 10 0 10 10 3 10 0 3 10 0 0 3 10 10 10 7 0 3 0 0 10 10 10 10 7 7 7 7 0 13 0 7 0
2 0 15 9 12 3 12 0 18 15 18 15 18 3 0 12 12 6 6 3 15 18 18 6 3 6 3 9 9 15 0 0 0 6 6 3 0 18 15 3 12 15 3 6 15 18 6 3 15 0 12 18 18 15 15 18 12 12 3 0 9 15 3 15 9 15 15 12 15 3 6
2 15 0 9 0 18 18 9 3 6 6 6 15 0 0 0 18 9 9 18 15 6 9 15 9 12 0 3 6 12 12 0 3 3 3 9 12 6 6 18 0 9 0 3 6 3 0 0 15 18 15 3 9 15 0 6 9 18 9 15 9 3 12 0 9 0 18 6 3 0 15
2 18 0 0 0 9 6 6 6 15 18 18 9 6 3 9 15 3 18 6 18 15 15 15 3 18 18 6 3 6 3 15 15 15 15 0 15 0 15 6 18 15 3 9 6 15 6 12 6 3 3 3 6 9 3 12 6 12 18 12 12 9 3 12 15 12 12 9 0 12 0
2 18 9 0 0 12 9 3 0 3 9 3 3 9 3 9 6 6 15 12 18 3 9 18 18 9 3 6 15 12 3 15 9 12 0 9 15 9 18 12 12 18 3 3 0 3 0 6 3 9 12 0 0 18 9 0 0 12 15 0 9 12 12 18 3 15 6 0 12 9 3
2 9 12 0 18 0 6 6 18 18 9 6 9 12 3 9 15 9 3 12 6 9 9 6 15 12 6 18 12 12 0 0 18 12 18 9 6 9 12 15 3 9 3 6 9 15 18 0 15 0 15 15 15 18 6 0 18 18 12 9 3 18 12 3 3 12 6 6 12 15 3
2 6 6 0 12 3 0 18 9 15 3 9 9 3 18 9 9 18 18 9 9 18 15 15 3 9 3 15 15 6 9 3 15 12 18 6 12 18 9 0 15 18 12 12 15 6 9 6 3 15 3 0 15 3 18 9 0 3 3 6 9 18 18 6 12 18 3 9 0 3 15
2 15 0 0 6 18 15 0 6 9 0 18 18 18 6 12 18 6 6 18 12 0 6 0 18 9 15 6 0 3 12 6 0 0 12 15 6 15 3 9 3 15 6 6 6 12 9 18 12 0 18 0 0 9 6 12 18 12 0 6 6 15 0 9 12 9 15 9 12 12 6
2 3 18 18 3 18 15 12 0 6 3 0 9 0 9 6 0 6 9 9 12 6 6 6 12 12 6 6 18 18 9 18 0 15 3 18 0 12 18 3 6 15 12 9 15 9 9 0 0 15 12 9 3 3 12 15 0 12 12 3 6 6 6 6 15 0 18 3 18 0 0
2 3 6 3 9 18 15 15 12 0 18 18 18 15 15 12 3 18 3 18 15 15 12 18 15 12 18 9 3 12 9 6 15 18 3 3 18 3 12 3 3 18 9 3 18 0 6 12 15 9 15 18 12 18 12 6 18 3 3 15 15 6 18 6 3 3 18 0 12 6 6
2 3 0 18 0 9 9 6 12 12 0 6 15 18 18 12 3 6 3 9 15 0 6 15 0 9 6 6 15 3 9 15 3 3 9 15 9 12 18 9 6 6 9 18 3 3 9 0 18 12 12 15 15 12 9 3 12 15 18 9 0 9 6 15 15 6 18 3 3 0 6
2 6 18 18 9 12 9 6 15 15 6 0 0 6 18 0 3 0 0 6 15 0 0 15 0 15 12 15 3 12 15 12 18 12 6 6 3 3 0 9 0 6 0 6 18 3 3 6 9 18 9 6 0 15 3 0 6 12 18 0 18 6 9 0 18 12 6 6 6 9 12
2 12 12 0 18 0 15 3 9 6 18 18 0 3 3 18 15 6 3 12 18 18 15 12 3 9 12 15 0 15 15 0 9 6 9 12 15 3 6 15 12 15 18 6 3 6 12 9 18 15 9 18 0 9 9 15 9 6 3 3 9 3 3 18 3 0 6 3 9 3 3
2 12 0 15 3 9 15 3 3 0 9 0 0 0 15 12 12 6 12 18 3 15 9 18 18 0 0 15 0 15 3 15 18 3 18 6 18 6 3 0 12 12 15 0 3 3 15 15 0 12 0 9 15 3 3 12 6 9 9 12 18 12 9 12 6 0 3 3 12 9 18
2 18 3 3 0 0 12 15 3 3 15 6 0 3 0 9 3 3 12 18 3 6 15 0 0 18 6 9 18 15 9 6 15 9 0 6 0 6 6 9 12 9 9 12 18 9 18 18 12 0 9 18 6 12 15 0 0 9 6 18 12 6 3 9 12 6 3 9 12 9 15
2 0 18 6 15 15 18 18 0 3 9 6 12 15 0 0 15 6 12 18 18 15 12 12 0 0 15 3 15 12 18 18 12 9 6 15 18 6 12 0 12 0 18 15 0 6 3 15 6 9 9 6 18 12 6 9 12 9 9 3 0 12 6 9 9 12 12 12 6 15 12
2 12 9 6 15 0 18 6 9 12 3 9 6 18 18 18 0 3 9 9 3 0 15 0 18 6 0 0 6 3 15 18 3 15 12 9 6 18 0 0 0 3 15 12 12 0 12 12 15 3 3 15 9 0 18 12 6 3 12 15 3 12 12 9 9 9 18 0 6 9 3
2 3 6 18 18 0 12 9 18 18 15 9 0 18 15 0 18 0 9 15 0 0 3 18 0 3 9 6 18 9 9 18 9 6 3 3 9 12 18 12 6 12 12 9 6 12 0 9 15 3 6 0 9 9 12 15 3 15 12 9 3 3 12 6 6 15 9 12 3 9 0
2 6 6 9 15 18 18 0 0 15 9 0 9 18 3 6 9 0 0 3 15 15 18 0 3 6 3 9 9 9 0 3 15 9 12 3 15 15 3 12 6 3 3 6 6 18 3 18 3 3 9 12 15 15 18 9 15 15 15 9 0 12 9 15 18 3 3 12 6 3 9
2 15 15 6 12 18 18 3 15 12 12 6 0 0 18 9 12 9 18 0 0 12 12 6 9 12 0 6 6 15 18 9 18 6 12 9 6 3 15 6 0 3 15 15 9 12 18 18 15 18 15 6 18 6 9 12 6 9 15 15 3 15 15 18 12 9 18 12 6 15 0
2 18 18 15 6 0 9 9 9 9 12 12 9 9 0 3 0 15 9 12 0 9 9 3 12 0 3 12 0 12 3 6 9 0 9 0 15 9 18 15 15 6 15 6 6 3 6 9 6 9 0 9 12 12 12 3 6 18 12 0 6 3 15 18 9 6 12 9 3 3 9
2 12 15 6 9 18 3 9 3 6 9 6 3 6 12 9 9 0 15 12 12 0 6 9 6 3 6 6 9 18 0 12 18 9 0 12 15 9 3 18 18 9 15 3 15 6 12 12 15 6 15 3 15 0 9 3 3 3 12 6 18 15 12 9 18 6 15 18 15 0 15
2 12 15 0 18 0 0 6 6 12 0 18 15 18 18 0 15 3 12 18 3 12 0 18 15 6 15 0 12 6 9 12 6 18 6 15 3 0 15 9 12 9 6 9 12 18 18 3 15 6 12 6 6 18 0 0 3 0 12 9 18 12 6 9 18 6 12 6 6 0 6
2 15 12 12 12 18 18 0 6 18 15 18 18 18 9 18 15 9 6 12 3 18 12 0 18 0 18 15 12 6 9 9 12 0 6 18 9 3 18 9 9 0 12 0 15 15 12 12 18 15 15 3 3 12 15 15 6 6 9 9 0 15 3 18 6 12 18 15 9 12 6
2 9 0 3 9 9 6 0 12 3 3 12 0 3 6 9 12 9 3 9 6 6 0 0 0 12 0 9 18 3 12 12 12 12 12 12 18 6 12 9 9 18 0 6 6 3 15 18 0 9 0 18 12 12 0 12 6 12 9 18 3 6 6 9 18 12 12 15 0 6 6
2 0 9 3 12 9 3 15 12 3 15 3 15 18 15 9 6 0 9 18 15 9 6 12 0 0 18 15 6 18 9 18 9 12 3 9 12 9 0 12 0 0 0 0 12 18 3 9 12 18 3 3 3 6 15 6 0 6 12 9 12 6 15 15 12 18 12 6 15 15 18
2 18 3 6 6 15 12 12 15 0 9 12 9 12 3 15 3 12 3 0 6 15 15 3 6 0 0 9 9 0 18 6 15 9 18 3 9 15 9 15 18 9 15 3 12 9 18 18 12 12 18 12 18 18 9 3 0 0 18 15 9 9 3 0 15 0 9 6 15 9 3
2 9 12 3 18 3 12 3 18 3 18 0 6 12 6 18 6 3 15 12 15 6 9 18 0 9 18 0 3 0 3 9 18 6 18 15 15 9 18 15 18 15 9 0 6 9 12 18 3 9 3 6 9 6 18 9 0 18 15 18 3 9 6 3 3 9 0 18 3 9 0
2 15 12 3 0 6 9 12 3 3 0 0 9 12 3 15 9 15 9 15 3 18 15 9 6 0 9 0 0 6 12 12 6 0 6 12 15 15 15 9 6 15 12 0 0 0 15 6 12 12 3 3 12 18 9 9 6 15 12 3 12 9 0 18 12 6 0 6 12 12 0
2 0 12 15 3 15 9 9 9 15 15 9 0 18 0 12 3 0 18 3 15 18 15 6 9 0 12 3 12 0 3 9 18 6 12 6 0 15 0 0 0 18 9 12 6 12 3 18 9 6 9 6 15 15 12 6 3 0 3 15 6 15 15 0 3 3 0 15 12 0 18
2 9 15 15 3 3 12 18 0 9 18 0 3 6 15 18 18 3 18 18 12 9 6 9 12 6 3 3 12 12 0 6 9 9 0 0 0 6 0 15 0 9 12 9 12 18 9 0 12 0 0 9 18 15 12 18 0 15 15 6 15 3 18 9 12 6 18 6 6 9 9
2 15 9 12 6 12 15 15 3 6 12 12 15 18 15 0 12 0 0 3 12 3 18 18 12 9 15 6 9 6 9 0 18 9 6 18 6 18 6 6 3 15 12 0 18 9 9 6 6 9 15 3 15 6 6 3 0 9 18 15 3 9 6 15 15 15 15 6 3 0 15
2 18 0 9 9 18 12 12 15 9 18 12 6 6 6 12 18 15 9 0 15 3 6 18 3 9 18 0 12 15 9 3 0 9 3 15 15 9 15 0 6 6 3 18 9 9 18 18 9 6 0 9 6 12 15 6 3 12 3 3 6 18 15 3 0 12 15 3 15 3 12
2 0 9 6 9 18 12 3 12 6 12 9 0 18 0 9 12 15 3 6 6 0 3 18 12 18 9 0 6 3 6 18 3 0 6 0 3 9 6 15 0 12 3 0 9 0 3 3 12 0 18 0 6 9 15 15 12 6 9 0 9 9 12 18 18 12 0 9 0 3 12
2 6 9 6 18 6 15 6 12 15 12 12 18 3 15 0 3 15 15 18 12 3 18 12 15 9 9 18 15 18 15 6 3 0 0 3 6 15 0 12 6 6 15 3 12 15 18 18 12 0 3 15 12 0 15 15 6 15 9 12 12 18 3 12 3 15 18 0 18 0 12
2 12 18 0 18 12 15 9 6 12 12 0 6 15 0 0 12 3 3 15 3 9 15 0 18 12 3 18 0 9 3 9 3 15 15 0 0 0 3 6 12 12 6 9 6 3 9 6 6 3 9 3 9 9 12 12 3 0 6 9 6 6 15 6 15 6 0 3 0 3 18
2 3 3 3 12 18 9 12 6 0 0 15 6 9 0 9 15 18 9 6 3 3 0 0 0 6 18 0 18 12 9 15 15 15 6 3 0 3 6 0 3 6 6 9 3 3 18 6 15 12 12 15 12 12 18 6 3 6 15 0 9 9 18 12 3 12 0 15 12 12 12
2 18 6 15 15 18 15 9 18 6 9 15 0 3 0 15 3 3 15 12 9 18 15 15 12 15 6 15 12 18 18 3 9 15 6 3 6 0 6 3 0 9 9 3 9 3 18 18 3 6 15 12 18 15 3 9 18 18 18 12 0 6 9 3 18 6 0 6 0 15 18
2 6 15 18 18 0 3 15 6 18 3 9 9 6 18 18 6 12 6 12 18 15 9 18 6 12 15 15 9 3 3 9 9 15 15 3 18 6 0 18 9 12 0 0 3 3 0 0 6 0 6 12 6 12 0 0 6 6 18 15 0 12 9 3 3 12 6 9 15 18 12
2 12 15 9 6 12 18 9 18 6 0 0 9 3 12 0 6 12 9 12 3 15 6 9 12 3 9 12 18 18 6 18 12 18 15 0 0 15 9 0 15 12 12 18 0 0 6 18 3 0 12 18 3 9 12 0 15 0 9 12 9 12 6 6 0 0 9 9 0 15 6
2 6 15 18 0 12 15 3 6 6 0 6 15 12 12 18 15 9 9 9 18 9 3 9 6 0 15 0 9 0 18 12 18 15 9 6 18 18 6 12 0 9 6 0 3 6 12 18 0 0 6 3 3 9 18 15 18 6 9 15 3 0 9 15 3 15 9 3 9 9 12
2 18 6 15 6 9 0 12 6 15 18 6 3 15 0 18 0 18 15 18 12 15 3 18 0 15 6 3 9 3 6 6 18 18 0 9 6 6 0 15 3 0 18 12 0 6 12 0 15 12 18 12 3 6 18 12 6 0 18 6 12 6 3 9 12 6 3 15 0 0 6
2 12 0 0 9 0 6 12 15 15 0 12 6 12 3 6 18 12 9 0 12 9 6 9 9 18 3 0 18 3 12 3 18 9 3 3 6 6 3 15 6 6 0 9 0 15 12 15 6 6 0 18 3 9 15 3 0 0 0 0 6 18 15 12 0 6 3 18 3 9 18
2 15 15 3 15 9 9 18 0 6 15 12 6 15 6 12 12 3 12 6 0 9 18 15 12 6 6 12 0 15 9 9 3 18 9 0 12 3 9 0 0 9 6 0 9 18 9 3 12 0 3 12 9 12 9 6 3 9 18 15 3 0 6 3 3 0 9 6 18 15 15
2 0 6 3 3 9 9 0 0 15 3 0 15 9 18 18 12 0 15 18 6 18 18 12 0 12 12 15 12 3 18 18 9 9 9 12 9 9 12 0 18 15 18 15 0 18 6 15 0 15 0 0 3 9 15 12 3 18 15 12 12 6 15 6 3 0 15 0 0 0 18
2 0 0 12 0 0 3 0 18 9 15 18 15 3 18 18 0 9 0 6 3 12 15 9 12 12 12 18 0 0 9 6 9 0 6 12 12 6 6 0 15 0 12 12 6 0 9 18 0 9 6 6 9 9 15 9 0 0 6 18 9 15 15 9 12 9 9 6 9 6 6
2 6 6 15 18 0 12 18 15 0 9 15 3 15 3 18 0 3 9 12 6 0 0 3 3 3 9 0 0 0 12 9 3 18 12 3 12 0 9 18 12 18 18 0 6 6 0 0 12 15 9 12 12 12 12 9 3 15 15 15 6 3 9 6 18 3 3 18 15 9 6
2 6 6 6 18 12 6 18 9 9 18 15 9 9 18 9 9 9 12 3 3 9 9 0 6 15 9 18 0 0 15 0 6 0 15 9 12 6 0 15 9 3 12 9 9 15 0 0 18 0 0 0 9 18 0 0 18 9 18 3 18 12 6 18 18 12 0 18 6 9 6
2 0 6 9 12 9 9 12 18 15 3 12 9 6 18 12 0 9 15 15 0 12 18 0 9 3 9 0 15 6 0 6 9 18 3 3 9 15 12 12 15 3 18 3 3 12 18 3 0 9 3 6 3 0 12 0 18 3 6 12 3 9 18 3 0 9 12 9 12 0 3
2 15 9 15 12 3 18 18 15 0 3 15 6 12 15 6 3 15 3 15 18 0 6 3 3 3 0 18 6 0 0 9 9 9 18 3 0 0 12 18 9 6 12 12 9 15 0 15 9 0 0 6 12 9 15 12 6 6 6 12 6 15 0 6 12 6 3 18 12 0 9
2 9 15 9 15 15 0 6 9 18 15 3 12 9 18 12 12 3 0 12 6 6 12 3 12 0 12 9 15 3 9 9 18 3 12 15 18 3 6 18 12 18 9 6 0 15 12 6 9 15 0 0 0 6 15 15 12 0 3 18 6 9 15 15 15 15 12 0 9 0 0
2 18 18 9 9 15 0 3 0 18 6 12 18 0 0 0 12 0 18 6 12 0 3 6 9 12 0 12 3 6 15 0 3 3 6 12 3 18 15 12 15 0 9 0 6 9 18 15 15 18 9 0 6 15 9 18 9 0 18 3 3 12 12 0 6 6 3 0 6 3 0
2 3 18 3 3 3 6 18 15 12 9 12 12 0 6 9 15 15 3 3 3 12 0 9 12 3 9 3 0 15 9 18 15 3 3 0 0 12 12 18 18 18 3 3 9 9 6 18 18 6 9 12 0 15 6 15 3 9 9 12 15 12 12 0 9 18 6 0 12 12 6
2 9 15 15 15 12 6 9 15 0 6 12 15 3 6 9 6 18 12 6 9 18 9 9 0 18 3 6 9 0 9 18 15 6 9 15 9 9 18 15 6 3 3 3 6 3 18 6 3 9 15 0 9 0 15 3 15 3 6 15 6 15 18 12 3 9 3 9 3 0 12
2 9 18 0 3 15 3 9 0 6 18 15 12 9 15 3 12 0 9 18 12 6 9 3 6 15 9 6 3 15 6 0 6 0 18 3 6 12 15 9 15 0 12 12 15 3 9 12 15 12 0 0 15 6 0 3 0 18 6 6 3 6 15 3 3 3 3 15 6 0 3
2 6 6 18 9 9 6 9 12 9 15 9 6 18 15 9 6 18 9 15 12 18 3 15 3 0 3 12 18 9 0 6 18 0 6 0 18 0 15 12 12 12 18 3 3 6 9 15 12 3 3 15 12 9 9 0 3 6 12 3 6 6 18 18 9 6 12 12 15 15 12
2 18 9 0 6 12 15 18 9 0 15 9 12 9 18 3 15 0 9 0 12 3 12 18 15 18 3 15 0 0 15 9 18 18 18 9 6 18 9 12 18 12 3 12 12 12 3 6 12 3 3 18 3 0 12 0 0 6 6 9 9 15 0 0 18 18 12 18 3 3 12
2 9 15 0 15 15 15 3 15 12 3 3 18 6 9 12 18 0 18 3 9 3 9 9 9 18 3 18 18 18 18 6 9 18 0 6 12 6 0 3 6 9 3 0 9 3 0 15 3 12 15 3 3 15 12 18 3 0 3 6 0 6 18 15 15 12 0 9 6 6 9
2 0 12 6 3 9 0 9 9 15 15 12 12 6 15 15 15 3 6 0 9 15 6 9 15 6 9 12 6 3 12 3 6 15 6 3 18 15 6 3 9 12 12 12 15 15 18 0 3 9 18 6 3 0 12 18 12 3 0 15 6 18 12 9 12 0 15 12 15 12 18
2 9 3 18 3 12 9 15 6 15 9 3 18 0 12 12 15 18 12 3 0 9 9 18 9 15 3 18 3 6 3 6 15 18 9 15 12 18 0 18 15 9 3 0 18 12 6 15 18 9 12 6 3 3 3 3 9 0 3 0 3 9 3 0 3 18 6 3 6 6 18
2 12 6 12 6 12 9 0 0 12 0 0 18 0 9 15 0 15 6 0 0 3 0 15 15 9 3 15 3 0 18 9 12 12 3 15 12 18 6 0 12 6 3 9 18 0 3 15 9 12 18 12 15 12 3 9 3 0 0 3 0 3 15 9 0 0 18 15 3 6 9
2 18 3 12 12 0 0 6 9 18 12 0 18 15 12 0 6 12 3 15 6 3 12 18 12 0 15 0 0 3 6 12 6 18 9 15 6 3 18 0 0 18 0 3 15 12 6 9 0 9 12 9 3 0 9 9 12 3 15 15 12 0 3 12 0 12 9 18 6 0 12
2 9 9 15 15 9 15 0 3 18 0 18 18 3 15 6 3 3 15 3 3 9 9 3 15 15 0 0 18 15 0 0 3 15 12 3 12 9 3 12 12 0 9 15 6 9 6 18 9 18 9 12 0 15 6 3 0 6 15 9 6 15 0 18 3 3 12 15 9 18 9
2 3 6 6 0 3 15 9 3 12 9 9 9 15 12 9 18 0 12 12 15 18 9 12 6 18 6 6 3 15 18 9 3 3 6 15 18 15 6 18 12 3 18 15 6 18 6 6 9 0 15 12 0 0 3 3 9 12 18 15 9 15 0 0 3 6 15 3 9 0 0
2 9 15 9 3 12 18 12 12 6 15 9 12 9 9 0 12 15 9 6 0 9 6 3 18 0 12 15 12 9 9 15 0 15 3 12 9 9 18 18 6 18 15 0 3 9 6 9 15 0 6 6 15 9 12 0 9 3 6 0 0 3 9 3 0 3 18 18 0 18 0
2 6 0 6 6 18 6 0 9 3 18 18 15 6 9 18 15 12 0 0 9 6 15 9 15 12 12 0 15 15 6 0 18 9 3 15 18 18 9 18 15 6 6 18 18 15 15 18 6 0 6 12 18 9 18 3 12 9 0 6 12 18 9 18 18 0 9 3 0 12 15
2 18 12 18 18 6 9 9 0 3 15 18 9 18 18 18 3 15 6 15 9 15 12 18 3 9 9 15 9 3 3 15 9 0 0 15 3 6 18 3 0 0 6 6 6 0 3 6 3 3 9 15 12 18 12 15 0 18 9 12 3 18 6 0 0 0 0 12 6 18 9
2 9 12 12 18 0 12 3 9 12 0 12 6 6 6 12 15 12 18 12 6 0 9 9 6 9 15 12 3 9 3 0 3 9 6 15 15 12 18 0 12 9 6 15 9 9 6 0 18 18 9 18 9 6 6 18 0 15 12 3 9 6 9 0 18 6 15 0 0 12 12
2 15 15 9 15 9 3 12 3 6 6 3 9 9 0 3 6 15 0 9 0 3 0 0 9 9 15 12 9 15 3 15 12 18 0 6 6 3 3 3 6 6 18 9 12 12 0 3 3 18 3 0 9 0 6 18 18 0 3 12 3 12 12 0 18 9 18 6 0 6 15
2 18 3 0 3 0 6 15 9 0 18 15 3 18 9 9 12 12 9 6 18 15 3 0 3 18 18 0 18 0 0 15 18 0 9 15 18 0 18 0 18 3 15 0 9 12 15 12 0 18 6 9 15 0 0 18 9 15 6 15 18 15 12 9 0 12 0 3 9 0 3
2 12 15 18 6 6 15 0 6 6 6 3 0 12 0 9 12 6 0 6 9 0 9 15 15 15 12 0 9 9 3 9 15 9 12 15 12 9 18 9 15 18 15 3 0 12 3 9 15 3 0 18 18 6 18 9 12 12 6 6 0 15 3 15 0 12 12 9 3 0 0
3 0 3 1 5 1 0 0 1 3 3 3 0 3 3 1 4 3 3 4 3 5 4 5 4 4 0 0 0 0 0 0 3 3 3 3 4 3 5 4 1 3 5 5 4 1 0 5 3 4 4 1 5 4 3 4 1 3 1 5 4 3 4 0 4 5 0 0 1 4 3
3 1 0 1 1 4 1 4 5 0 1 4 0 1 0 5 5 1 1 0 3 4 3 1 0 0 4 5 3 4 4 4 1 1 1 1 4 1 0 0 5 0 0 0 5 5 0 5 3 4 1 5 4 5 0 1 1 4 0 0 3 3 0 3 4 5 5 5 0 1 1
3 0 0 0 0 5 4 5 4 5 0 4 0 4 1 3 0 0 0 3 4 0 4 4 0 0 3 3 0 5 3 4 0 4 0 3 0 3 5 3 0 0 3 1 3 1 5 0 0 0 1 1 4 3 3 0 3 3 0 1 0 3 0 1 1 0 3 3 3 0 4
3 5 1 3 0 3 0 4 3 5 3 3 0 1 0 3 0 5 0 3 4 5 4 4 3 1 1 4 1 5 0 0 5 5 1 3 5 5 3 1 5 0 1 5 3 0 0 4 1 5 0 1 0 5 3 0 1 4 1 0 4 4 4 5 3 1 0 4 0 5 4
3 0 0 0 1 0 3 3 4 5 0 1 4 1 0 4 3 1 4 1 1 1 3 1 4 4 0 3 1 3 1 0 0 0 5 5 5 0 5 3 4 3 0 0 3 3 1 5 0 1 1 1 5 3 0 0 0 0 3 5 4 0 3 1 4 1 4 5 3 1 5
3 0 4 1 0 1 0 0 4 3 4 0 4 0 1 0 0 4 1 4 5 1 3 1 3 3 0 3 1 1 5 0 0 3 3 3 4 5 3 5 5 1 3 3 3 4 4 0 3 3 1 5 0 1 3 5 4 3 4 5 0 3 4 0 0 1 4 3 4 3 3
3 5 0 3 3 1 1 0 1 1 1 1 0 5 3 1 5 4 3 5 1 0 0 3 1 3 1 0 3 1 0 4 5 5 1 0 0 4 4 1 4 3 1 0 1 5 0 5 0 1 3 0 0 4 1 1 1 4 4 1 4 4 4 1 5 3 0 4 3 3 0
3 5 1 3 3 3 5 3 0 5 0 3 5 4 5 4 3 3 3 1 0 4 5 5 4 3 5 3 4 5 5 5 5 4 4 1 4 0 5 4 0 0 5 3 0 0 4 1 5 0 5 1 3 4 3 3 4 5 3 3 3 1 4 1 3 4 0 5 5 0 0
3 3 3 3 0 4 3 5 3 0 5 1 4 5 4 3 0 3 3 3 0 1 4 0 0 5 1 1 0 5 4 0 3 1 5 3 4 3 3 1 0 0 1 4 1 1 4 5 4 5 1 4 1 4 5 5 5 4 1 0 3 0 5 4 0 0 4 5 1 1 3
3 4 0 4 0 1 4 5 4 5 0 1 0 0 3 5 0 0 0 5 4 3 1 4 4 5 0 1 5 4 4 0 5 0 1 0 0 1 4 5 1 5 3 5 4 0 5 0 4 1 1 1 0 3 4 3 3 0 3 5 4 4 4 4 3 1 3 3 3 1 3
3 4 1 5 0 4 1 0 0 4 3 0 0 4 0 0 4 1 0 0 1 0 4 5 4 4 5 1 5 4 3 4 0 3 4 4 4 3 5 0 4 0 1 4 3 4 5 1 5 0 1 5 5 5 3 0 5 0 1 4 5 0 4 1 1 0 0 1 0 1 1
3 0 4 1 1 5 3 3 4 3 5 3 0 5 0 4 0 5 4 5 3 5 4 3 1 3 3 0 0 1 1 4 1 1 1 0 4 3 4 0 0 5 1 0 1 4 1 0 4 3 0 5 5 3 0 1 3 1 3 3 4 5 0 0 3 1 0 3 4 4 4
3 5 5 1 3 0 1 1 4 3 1 0 4 0 4 1 5 5 4 4 1 3 4 4 4 1 3 3 5 0 0 5 4 5 3 1 0 0 4 1 3 3 1 3 0 5 5 1 1 0 5 5 3 0 5 4 1 3 5 4 1 0 3 5 4 5 3 5 1 3 1
3 5 1 1 5 4 5 1 4 3 3 0 0 4 0 0 0 0 5 0 3 4 3 5 5 3 1 5 1 5 5 0 0 0 0 1 5 1 5 5 1 4 5 0 3 1 3 0 3 5 4 3 5 4 0 0 5 0 1 1 5 4 1 1 5 4 1 3 3 5 1
3 1 5 0 1 3 0 5 0 0 0 3 5 1 5 0 0 3 0 3 3 5 5 4 0 1 4 0 1 1 0 3 0 3 0 4 0 1 4 0 0 3 5 5 0 1 5 1 3 0 3 3 3 4 3 3 5 3 1 0 3 3 5 1 5 5 3 5 5 1 3
3 1 4 1 1 0 4 0 5 4 0 3 1 1 1 3 0 3 4 5 5 5 4 5 3 3 1 3 3 5 5 5 5 3 0 3 1 0 5 0 0 5 0 1 5 0 3 0 0 4 3 3 3 1 5 3 3 0 3 0 3 4 1 4 4 1 4 1 4 3 4
3 4 0 1 1 5 0 0 1 5 1 5 1 3 4 0 5 0 5 3 5 3 0 1 3 1 0 0 3 5 1 3 1 1 3 1 0 0 1 1 3 3 3 4 0 5 5 4 0 4 4 4 1 5 3 0 1 1 3 5 1 5 1 1 0 3 1 5 1 1 4
3 4 5 1 4 4 1 3 1 3 0 4 0 4 4 1 3 5 0 4 0 0 5 0 1 0 0 5 4 1 0 4 1 5 4 4 5 5 5 3 5 1 4 5 5 1 1 0 5 4 3 0 1 1 1 5 1 0 4 3 5 0 4 1 0 1 4 4 5 5 0
3 3 1 4 1 5 5 3 1 5 1 0 5 4 5 0 3 5 3 0 3 0 5 5 3 5 1 0 0 5 3 3 5 4 1 4 1 4 1 1 1 4 1 5 5 3 4 3 1 0 0 3 3 1 5 5 0 5 1 0 5 0 4 0 4 4 3 1 0 0 0
3 1 0 3 3 4 4 4 1 3 4 1 3 1 5 5 0 0 1 4 0 0 0 5 4 1 3 5 0 5 0 1 0 0 3 4 1 3 0 4 5 5 4 0 1 4 4 3 3 1 1 1 5 0 5 4 5 1 1 1 5 5 4 4 3 0 4 1 5 3 3
3 4 1 3 3 1 4 1 5 0 0 0 3 1 1 0 3 0 1 0 4 0 1 4 1 1 4 4 5 1 1 5 5 3 4 1 5 1 5 3 5 1 0 4 5 0 5 3 0 4 4 3 0 0 0 3 3 3 5 4 0 3 3 0 0 3 4 1 4 0 1
3 4 5 0 5 1 5 1 1 5 5 0 3 3 1 4 1 4 0 0 5 5 0 5 3 4 1 1 1 1 0 4 5 3 4 0 3 1 1 3 0 1 0 4 3 4 1 1 5 1 5 5 3 3 1 0 0 3 5 3 0 4 1 3 5 0 5 3 1 4 1
3 5 0 5 0 5 0 5 4 5 3 4 5 0 5 4 3 0 0 3 5 0 0 0 3 1 3 0 0 1 1 3 1 1 4 4 0 1 5 3 1 0 0 1 0 3 1 4 3 0 0 1 0 3 4 5 4 5 5 0 3 3 3 5 5 4 1 0 3 0 1
3 4 5 1 3 4 3 4 4 4 3 4 3 0 3 1 4 1 4 0 0 0 3 4 0 5 4 0 5 5 5 4 4 1 4 1 1 0 0 5 5 5 4 5 1 5 4 3 1 4 5 5 3 4 0 3 5 4 0 5 1 4 1 4 3 3 5 3 5 5 4
3 1 5 5 4 3 1 0 1 1 4 5 0 0 4 4 1 1 1 1 4 3 5 5 0 0 1 3 3 3 4 4 4 3 3 4 5 1 1 4 1 4 4 4 0 5 1 5 0 1 0 3 1 4 3 1 3 3 3 5 3 1 1 4 0 0 3 0 0 3 3
3 3 3 5 5 3 1 3 4 5 4 4 4 3 3 0 0 3 1 4 4 1 1 3 3 1 0 1 1 4 3 5 5 0 0 1 5 5 4 4 3 0 1 5 3 3 5 1 3 0 1 1 4 3 0 5 0 4 4 1 3 0 0 4 3 0 1 5 4 0 1
3 3 3 3 0 4 0 1 0 4 3 1 5 5 1 0 4 5 5 3 1 1 4 3 1 4 3 0 4 5 3 3 3 3 3 0 3 1 3 5 1 4 4 0 4 0 4 4 4 3 3 5 0 1 0 3 0 1 4 0 5 5 5 4 0 1 5 5 3 0 4
3 1 4 3 1 3 4 5 4 5 3 3 3 3 0 1 3 3 3 5 1 5 5 5 4 0 4 0 0 1 0 5 3 4 4 3 3 4 1 4 5 5 1 1 3 3 5 3 1 3 1 4 4 5 5 1 4 4 4 4 5 1 0 5 1 3 5 1 0 5 0
3 5 4 1 1 0 1 5 3 0 5 3 0 5 1 3 5 1 5 4 5 5 1 3 4 1 5 3 3 0 4 3 5 1 3 5 5 0 4 0 4 1 3 3 5 3 3 3 3 5 3 0 3 4 5 0 1 0 4 5 4 3 3 1 3 0 4 1 5 3 3
3 3 3 5 1 5 3 5 3 4 3 5 3 5 5 3 0 3 0 4 0 5 4 0 0 1 4 5 3 4 0 4 1 3 4 3 1 0 4 1 1 3 4 3 1 1 0 0 4 5 4 4 4 4 1 1 1 1 1 4 5 3 4 5 4 1 3 4 0 4 1
3 4 4 0 0 4 1 0 1 1 5 1 3 5 4 0 5 3 5 5 1 3 0 3 4 5 4 0 1 0 5 0 4 1 5 0 1 0 0 1 5 0 3 1 0 1 3 1 1 4 1 1 0 1 1 4 5 5 5 5 4 3 3 5 1 1 3 5 3 4 5
3 4 1 0 4 3 5 3 0 0 4 5 0 0 0 5 4 1 4 5 5 1 1 5 1 3 0 0 1 0 1 5 0 5 5 1 1 0 4 1 1 0 1 1 5 4 0 4 5 3 5 0 3 4 3 1 0 1 5 1 1 5 5 1 0 0 4 5 0 0 4
3 3 4 5 5 5 1 1 0 3 1 5 5 5 0 3 1 3 4 0 4 1 0 1 0 3 0 3 1 1 4 3 5 0 3 4 4 5 1 4 5 3 5 5 3 0 5 4 5 3 3 3 1 0 1 3 0 0 0 3 0 5 0 3 4 1 5 3 0 4 4
3 0 4 4 3 4 1 4 5 1 3 0 0 1 5 1 0 0 3 3 4 3 3 0 1 0 5 0 4 3 1 0 4 4 0 0 4 4 0 1 1 0 0 4 0 3 0 0 5 1 0 1 4 4 0 1 5 0 1 4 5 0 3 4 1 1 3 0 4 1 4
3 0 3 5 4 5 4 3 0 5 0 5 3 0 4 5 4 0 5 4 1 0 5 0 0 3 0 0 5 0 3 3 5 3 3 0 1 4 0 1 5 1 0 3 1 0 4 4 1 3 5 5 0 1 5 0 0 0 1 0 3 4 5 5 3 4 0 5 4 3 5
3 5 4 0 5 0 5 1 3 4 5 5 0 3 0 0 3 4 5 4 1 3 5 3 0 5 0 1 1 1 1 1 3 4 4 4 0 4 3 1 4 0 5 1 0 3 4 0 1 0 0 0 5 4 1 5 5 3 0 5 5 3 3 5 4 1 4 4 5 0 4
3 5 0 5 1 1 1 1 0 0 1 5 0 0 4 4 4 5 4 1 4 5 0 4 4 5 1 4 1 1 5 5 5 4 0 1 0 0 1 0 5 1 1 5 1 4 5 3 1 1 5 1 3 5 1 1 0 4 3 3 1 1 3 1 0 1 4 0 3 5 3
3 3 3 3 0 0 0 4 1 3 4 5 1 4 3 0 4 4 4 4 0 0 0 0 0 4 3 4 1 1 1 3 4 0 0 0 5 4 0 5 4 4 1 3 1 5 0 5 5 4 1 0 5 0 5 4 4 4 1 5 5 0 0 5 0 5 4 0 1 4 3
3 3 4 0 1 3 3 3 5 5 5 0 4 1 4 3 1 4 1 0 5 1 4 3 3 5 3 3 0 4 5 1 5 5 3 3 1 4 0 0 4 4 1 5 4 1 1 1 0 0 5 5 0 3 3 0 5 3 5 3 3 0 4 3 4 4 3 0 1 3 3
3 0 3 0 1 1 4 0 5 5 0 3 1 3 4 0 3 5 3 1 4 5 0 0 1 3 3 5 1 1 1 0 3 4 4 5 0 4 5 5 0 1 4 0 3 4 0 5 0 0 4 1 3 3 0 4 0 3 4 3 4 3 4 3 0 1 1 5 3 0 4
3 1 4 4 5 5 1 3 5 4 0 0 1 1 1 3 3 4 5 4 3 5 0 3 4 1 5 5 5 3 4 3 5 5 1 5 3 5 0 4 0 0 1 3 1 0 3 0 0 0 0 3 5 4 4 5 0 1 5 5 0 3 0 4 0 4 4 3 0 5 1
3 3 0 5 0 3 4 1 4 4 5 4 0 5 3 3 3 5 3 4 5 5 3 3 1 1 1 4 1 0 0 1 5 5 0 3 4 4 1 4 4 4 0 4 1 4 0 4 3 3 3 4 1 5 3 3 0 3 4 0 5 5 3 0 5 5 4 3 3 3 1
3 3 0 3 3 3 0 3 3 3 0 0 4 4 4 1 0 1 5 5 5 5 3 0 5 4 4 4 4 4 0 1 5 3 3 1 1 5 3 4 4 1 3 0 0 0 0 3 5 3 3 1 5 1 5 5 5 1 4 0 5 4 5 4 0 1 3 4 5 3 3
3 3 3 0 0 5 5 0 3 4 0 4 0 3 0 3 3 4 5 3 3 0 4 0 5 3 5 5 4 1 0 3 3 5 4 5 4 0 1 5 0 1 1 4 0 5 0 4 4 1 0 3 4 5 1 1 5 5 5 5 3 5 3 4 3 4 3 4 0 3 5
3 1 1 3 4 3 0 5 0 4 0 5 3 0 5 4 1 3 4 4 5 3 0 4 3 3 4 4 3 1 3 0 4 1 0 0 0 3 5 3 5 4 5 1 3 0 0 3 1 5 0 1 1 3 1 5 1 0 0 3 4 3 4 4 1 1 3 0 4 0 1
3 1 1 0 3 5 3 0 1 1 3 1 1 5 1 4 1 0 5 3 4 5 4 5 0 1 4 3 0 4 1 1 1 1 3 5 3 5 4 1 4 4 4 4 5 3 0 0 4 5 1 4 0 3 0 1 0 5 4 3 4 1 1 1 4 4 4 5 3 1 0
3 5 1 3 4 0 0 1 5 0 4 5 0 5 3 1 5 4 4 0 1 5 0 4 3 5 3 4 4 1 0 1 4 4 3 4 5 3 5 3 5 1 4 3 3 4 0 0 3 4 4 3 4 3 4 3 1 5 3 1 5 3 3 0 5 0 5 1 3 1 0
3 0 0 3 5 3 3 3 4 0 0 4 3 0 4 1 5 0 3 0 1 3 5 0 4 4 3 5 5 0 1 0 3 1 5 0 5 0 1 3 5 0 3 4 3 1 1 5 0 0 4 0 1 5 3 0 3 0 3 5 5 1 5 1 0 0 3 3 1 0 1
3 0 5 1 3 5 3 5 3 3 5 5 4 4 5 3 3 5 5 4 3 5 1 1 3 3 3 3 3 5 3 1 4 1 3 4 4 1 3 0 3 5 0 5 1 0 4 1 1 0 1 1 3 1 4 1 1 0 5 0 4 1 3 3 1 4 5 1 5 4 1
3 5 3 1 5 5 0 4 5 4 5 1 4 5 0 3 5 0 1 1 0 3 3 5 1 0 5 5 3 4 0 0 0 4 4 1 1 5 1 5 0 5 1 4 5 0 5 0 1 3 0 1 0 3 1 0 4 3 1 1 1 4 5 0 0 4 0 3 4 0 1
3 0 5 4 4 4 5 1 4 4 0 1 5 4 4 3 0 0 0 3 3 4 0 3 3 0 1 3 0 1 3 1 1 5 0 4 4 3 5 0 4 0 3 4 5 5 5 4 5 0 4 0 1 4 5 1 3 5 1 0 5 4 1 0 5 5 0 3 4 5 1
3 5 1 1 1 0 1 1 3 5 5 0 5 5 1 0 1 0 4 0 4 1 3 4 3 0 3 1 1 4 4 1 5 1 1 5 0 3 5 1 4 1 5 5 5 5 5 0 0 4 3 3 0 5 4 3 1 4 4 3 3 1 4 1 5 4 1 0 5 4 3
3 0 5 3 1 5 4 1 5 5 5 4 4 5 4 3 4 4 0 0 4 5 5 5 5 0 0 4 1 4 3 4 5 0 1 5 1 5 0 0 0 0 4 1 3 0 3 1 5 0 1 5 3 0 5 5 5 4 4 5 4 5 1 4 1 5 1 1 1 3 0
3 5 4 5 4 5 3 0 0 4 1 5 3 3 0 1 5 5 4 1 3 1 4 0 0 0 1 0 5 3 5 3 4 1 5 5 4 4 0 1 4 4 5 5 5 0 4 1 5 0 5 3 3 1 0 0 3 1 1 0 1 5 4 5 3 1 3 3 0 3 4
3 1 4 5 5 0 4 1 3 1 1 0 3 1 1 1 4 4 4 5 3 4 3 0 1 0 1 5 4 3 1 0 0 4 3 3 4 0 0 3 1 0 3 5 0 1 3 1 3 0 5 1 5 4 4 0 1 1 0 4 5 3 3 4 4 3 5 1 0 1 4
3 3 4 3 0 5 1 4 0 4 3 3 5 4 4 4 3 5 5 1 0 3 0 3 3 3 1 0 3 5 4 4 4 1 4 4 3 0 1 1 3 5 1 4 0 5 1 1 1 3 3 4 3 3 3 4 0 5 3 0 5 4 4 4 1 5 4 1 4 5 1
3 4 3 1 4 3 1 4 0 3 5 3 1 3 3 1 0 1 5 4 4 5 4 3 0 1 3 5 0 5 3 1 1 4 5 1 4 3 3 5 0 0 4 1 5 0 0 4 4 4 4 0 5 4 4 4 1 0 5 0 4 4 3 3 0 0 3 5 3 0 3
3 4 1 3 5 0 3 0 5 1 3 1 0 4 3 4 3 3 1 4 5 3 3 4 1 1 4 4 5 1 0 3 5 3 5 5 5 4 5 3 1 4 0 3 3 0 1 0 0 5 3 0 5 3 3 1 0 3 0 1 5 0 3 3 5 3 1 0 1 5 1
3 1 5 4 5 3 5 3 0 0 5 0 0 4 5 1 0 5 4 3 4 5 3 0 4 5 1 3 3 3 0 1 5 0 3 5 0 0 0 0 3 3 0 4 1 3 4 3 0 1 5 1 5 5 5 3 3 1 1 0 0 5 3 3 0 0 4 4 3 3 5
3 5 3 0 3 1 1 0 1 3 1 5 3 1 3 5 3 5 3 1 3 5 3 4 1 1 5 5 4 5 0 4 5 0 4 3 0 0 5 4 3 4 0 0 4 4 1 5 1 5 0 1 0 3 5 5 3 4 4 4 0 0 0 4 4 5 3 3 5 4 5
3 3 4 3 1 0 1 1 3 1 4 3 0 3 1 5 1 5 5 3 4 3 0 1 3 5 5 5 5 4 1 1 1 1 4 5 5 5 4 0 4 0 4 5 1 0 0 1 5 0 4 0 1 1 5 5 1 5 1 4 4 0 5 0 5 5 4 5 1 3 1
3 0 1 3 0 1 4 5 3 1 4 0 3 5 0 3 1 5 3 3 0 0 1 1 1 3 5 1 4 0 0 4 3 1 0 0 4 4 0 0 4 4 1 5 5 1 0 5 4 0 1 3 5 5 4 3 4 4 0 4 0 1 0 5 4 0 5 3 5 0 0
3 3 5 5 0 0 1 0 4 4 1 5 5 4 0 3 3 0 1 4 4 5 1 0 5 3 5 3 0 1 3 0 3 1 3 3 4 3 1 0 5 1 3 5 3 0 4 5 3 0 0 5 4 0 0 3 3 3 5 4 3 1 5 0 3 4 4 0 5 5 3
3 1 4 0 5 3 1 5 1 3 5 4 1 5 5 1 4 3 0 4 0 0 5 0 0 5 3 3 1 3 0 4 5 5 5 1 0 3 3 5 5 5 0 5 1 5 5 1 0 3 5 5 0 4 4 4 5 4 0 5 5 4 5 1 0 1 5 4 0 0 1
3 1 0 1 5 1 1 1 4 5 5 4 0 3 5 4 0 1 5 3 1 4 3 3 5 4 0 4 1 3 3 4 1 4 4 5 4 4 5 3 3 3 3 4 3 3 4 1 5 1 3 1 1 0 3 3 1 1 3 5 4 4 5 0 3 0 4 0 4 4 1
3 5 3 1 3 0 5 4 5 1 4 4 3 0 1 3 3 0 1 3 5 4 5 5 1 4 3 1 1 5 5 4 0 4 4 0 4 0 4 4 5 1 4 4 5 4 0 3 1 4 0 3 5 5 3 5 5 1 1 5 1 5 5 1 5 1 0 4 5 3 1
3 5 0 5 3 0 5 4 3 4 1 0 1 4 1 4 0 1 0 1 0 4 4 1 4 4 5 0 0 3 5 1 0 3 4 5 3 1 1 1 4 3 5 1 3 0 5 3 4 5 3 5 4 3 3 1 5 3 3 5 3 1 0 1 4 5 3 0 1 3 4
3 5 0 3 3 1 4 0 3 3 4 3 5 5 5 0 1 0 4 1 1 3 5 3 1 1 4 0 4 1 4 5 1 5 5 0 3 1 0 3 0 1 0 5 0 0 0 5 4 0 4 4 5 1 3 0 0 5 3 0 1 4 1 4 3 4 3 3 0 3 1
3 4 5 5 5 5 0 1 1 5 0 0 5 1 1 0 3 5 3 5 0 5 0 0 5 4 5 5 1 3 4 4 3 0 4 3 4 3 5 0 0 1 1 4 0 0 5 3 4 4 3 5 1 3 0 5 4 1 1 4 4 5 1 0 1 5 0 4 3 0 4
3 3 0 5 3 3 5 5 0 4 4 1 0 4 4 3 1 0 3 5 3 5 5 0 1 0 1 4 3 4 1 1 3 4 1 1 5 1 3 1 4 3 4 3 3 4 3 4 4 3 5 1 3 4 3 3 3 1 5 5 1 4 1 4 3 5 5 0 1 5 0
4 0 4 4 3 4 3 1 4 0 1 1 5 3 3 3 5 3 1 0 4 0 3 0 4 5 3 3 0 3 5 1 5 3 0 1 3 1 0 0 3 5 3 5 5 3 0 5 0 4 1 1 3 3 5 4 3 1 0 0 1 0 0 0 3 5 4 3 1 4 3
4 5 0 1 3 3 0 0 1 1 5 5 3 0 5 4 0 1 0 5 4 3 3 1 4 3 5 0 1 4 4 5 4 1 3 3 5 4 4 5 5 3 1 4 5 3 1 0 0 4 5 4 4 3 1 3 0 4 1 3 5 5 5 4 4 4 1 1 0 1 4
4 3 4 0 5 3 3 4 3 0 3 0 3 4 5 1 5 4 1 3 0 1 0 5 3 5 3 1 1 3 1 0 1 4 1 0 0 1 4 5 4 3 4 0 4 3 0 5 4 3 0 3 4 3 0 3 1 1 3 0 4 3 4 5 0 1 4 4 5 4 3
4 0 0 5 0 5 1 4 4 5 5 1 5 1 3 3 3 4 3 4 1 5 1 5 5 1 5 1 0 5 5 5 3 0 4 0 0 0 5 3 3 4 0 5 3 0 0 5 4 0 5 1 4 3 0 4 1 5 5 3 0 4 4 3 0 0 1 4 4 0 1
4 3 0 0 0 0 0 1 5 0 0 3 5 5 3 1 5 0 1 3 0 1 3 1 3 0 3 4 0 0 0 3 0 1 1 3 4 3 3 3 1 5 5 5 5 1 4 4 5 4 0 0 3 3 3 5 1 3 3 0 1 5 3 4 1 0 4 1 0 0 0
4 0 0 1 4 1 0 4 3 4 1 5 4 3 5 1 1 3 5 4 4 4 4 1 5 3 3 5 4 4 3 0 1 0 5 4 5 4 4 3 1 3 0 3 3 4 1 0 5 1 0 3 4 1 1 0 4 5 5 3 3 5 3 3 4 4 1 4 1 3 3
4 5 5 3 1 3 0 0 1 3 0 5 4 0 5 4 5 0 4 4 0 0 1 0 5 1 5 3 3 1 5 0 1 5 1 4 3 5 5 0 5 4 0 1 0 1 3 5 1 1 0 0 1 3 4 1 0 5 5 4 0 3 1 3 1 5 1 1 1 3 4
4 0 0 4 0 5 3 5 0 1 1 3 5 3 5 3 5 0 5 4 4 3 5 5 5 1 5 0 3 4 0 5 1 0 5 5 4 5 5 1 0 4 0 5 5 5 4 1 0 1 0 0 4 4 1 0 5 3 5 1 5 5 3 1 1 3 5 3 1 3 0
4 1 1 4 5 4 0 5 0 0 1 0 3 5 4 1 4 0 3 0 0 5 4 5 3 3 1 1 3 0 4 0 1 1 5 3 4 1 0 1 3 3 3 5 1 4 5 4 0 5 5 3 5 3 0 3 3 3 0 3 3 4 0 3 4 3 3 5 5 5 4
4 1 4 4 4 4 1 0 0 5 0 4 4 0 0 1 3 5 0 1 4 4 3 1 5 3 0 1 0 3 1 1 4 5 1 0 3 4 3 0 4 5 1 5 5 3 1 5 0 5 5 1 5 3 4 1 5 0 5 5 0 3 0 5 5 3 5 3 0 0 1
4 3 3 1 4 1 4 3 1 4 4 0 1 4 1 3 5 1 5 0 5 5 0 3 1 3 4 0 0 1 3 4 1 3 3 1 3 5 3 4 0 1 3 0 5 5 0 0 5 0 3 0 5 5 3 1 5 1 3 5 4 1 0 5 3 4 1 0 0 3 5
4 3 3 5 5 3 4 1 0 3 4 4 0 1 5 3 0 5 1 1 0 0 1 3 1 3 5 0 4 5 5 0 0 0 5 4 4 0 0 4 1 3 1 3 1 4 5 1 5 5 4 4 4 0 0 0 1 0 3 4 3 3 1 5 1 5 4 4 1 0 4
4 5 3 3 4 0 1 3 1 1 3 0 1 0 1 4 1 3 3 0 1 0 5 0 1 4 0 0 3 0 1 1 5 3 5 3 0 0 5 4 4 0 0 3 5 3 1 3 1 5 0 1 1 3 4 3 0 5 0 5 1 5 0 0 1 3 3 1 1 4 1
4 4 5 3 0 4 3 5 4 5 3 3 1 0 0 4 1 3 4 0 5 4 0 4 1 0 5 4 3 0 4 5 4 3 0 1 1 1 1 1 1 3 0 3 0 4 4 5 1 0 0 0 3 5 1 3 1 0 5 0 4 5 0 4 1 0 1 4 1 1 5
4 3 3 3 4 3 3 4 1 5 4 0 4 4 0 0 0 3 0 1 0 1 3 5 5 1 3 3 4 5 5 1 4 1 3 5 0 4 3 0 4 1 3 0 4 3 0 5 1 4 4 0 1 3 1 0 3 5 1 0 0 4 1 0 4 0 3 3 1 5 1
4 5 0 1 0 0 1 4 0 5 3 1 3 5 3 3 0 1 3 5 4 5 0 3 1 0 0 1 0 4 4 0 0 3 4 5 3 1 4 0 4 4 1 4 5 5 0 4 3 3 5 3 0 5 4 3 1 4 4 1 5 3 1 5 4 0 0 3 1 5 3
4 4 3 4 3 1 1 0 0 1 3 5 3 3 0 0 1 0 3 4 0 5 5 4 3 0 1 3 0 1 1 0 5 0 5 3 3 0 3 4 1 3 1 3 4 4 3 4 5 5 1 1 0 5 4 4 0 0 4 0 4 3 3 4 0 5 4 3 0 0 4
4 5 4 3 3 5 0 4 0 3 3 0 5 3 1 4 0 1 0 4 3 3 3 0 0 0 3 3 0 4 1 3 5 1 0 0 4 0 4 1 3 5 0 4 3 5 4 0 4 3 0 4 3 3 3 3 3 3 5 4 0 4 4 0 3 5 1 1 5 3 1
4 4 1 3 3 5 4 1 0 4 5 5 3 0 1 3 5 1 3 0 3 3 3 3 0 4 0 0 4 0 1 4 5 4 3 4 4 3 5 5 0 3 0 4 4 0 1 3 1 3 0 3 0 1 0 4 3 1 0 4 5 5 3 4 4 0 5 0 3 3 4
4 0 3 0 1 1 3 4 4 4 0 5 1 5 4 1 4 3 4 5 0 5 1 3 4 4 3 3 4 5 4 0 1 3 4 5 1 0 0 5 4 1 3 0 1 0 1 1 0 1 1 3 0 5 3 1 4 4 0 5 4 0 1 4 5 1 0 4 3 3 0
4 0 0 3 3 5 3 4 0 4 0 4 4 1 5 4 0 0 5 1 0 0 4 5 0 5 0 3 5 3 4 4 3 0 0 5 4 0 5 3 1 5 5 1 4 4 3 5 4 5 1 3 1 3 3 1 5 4 3 5 0 5 4 5 0 0 1 4 3 5 4
4 1 5 5 4 0 0 5 0 0 1 5 5 5 0 5 1 1 5 0 5 0 0 5 3 3 4 1 5 3 5 0 0 4 1 3 5 4 4 0 4 0 0 4 1 1 0 0 4 3 5 0 1 3 3 5 4 3 1 3 4 5 0 0 5 1 4 0 1 3 3
4 1 5 5 0 5 5 5 0 0 1 4 4 0 5 5 0 3 1 0 1 5 1 0 0 5 5 5 4 0 1 5 0 3 1 1 0 4 5 5 5 3 4 4 3 1 4 5 5 4 5 4 1 0 1 1 3 3 1 1 3 1 4 1 0 3 5 5 4 0 0
4 4 1 1 4 5 1 5 1 3 4 1 1 4 1 5 0 3 1 5 4 3 0 4 0 4 5 1 1 5 0 3 0 0 5 3 0 3 0 4 1 4 4 1 4 3 5 5 1 5 0 5 0 0 5 3 5 0 5 0 1 4 1 5 0 1 3 3 1 5 1
4 5 4 1 3 4 5 3 3 0 0 4 0 1 0 5 4 0 1 3 3 4 5 1 3 0 5 5 1 3 4 5 5 0 4 5 4 0 3 0 5 0 0 0 3 3 3 0 4 0 1 0 5 5 1 3 1 4 4 1 4 5 1 1 5 1 0 3 4 5 4
4 3 0 5 1 4 5 0 4 5 5 4 0 3 0 4 4 0 1 1 5 0 1 5 4 4 0 3 3 5 3 5 5 3 5 4 1 1 4 5 3 5 5 5 3 4 0 3 0 1 3 1 4 3 3 1 1 3 0 0 1 0 5 0 5 3 0 5 0 3 0
4 3 1 5 0 1 1 1 4 1 1 5 0 3 5 5 0 1 0 5 0 5 3 4 4 0 0 0 3 4 4 5 1 0 3 4 1 1 5 3 1 4 3 0 1 3 5 0 4 0 4 5 3 5 0 1 5 3 3 3 4 3 1 5 5 0 5 5 5 4 0
4 3 3 1 3 0 0 0 0 0 0 3 0 4 5 1 5 5 0 3 0 3 0 1 0 5 3 0 0 0 1 0 4 1 3 3 5 1 0 1 1 1 1 5 3 3 1 3 3 3 3 5 3 0 0 3 4 3 3 4 5 1 0 3 3 4 5 3 4 1 3
4 4 3 3 3 1 1 4 3 3 4 3 1 5 4 3 4 0 3 3 4 5 0 1 3 3 1 0 4 0 1 3 4 3 5 3 4 0 1 5 3 0 0 3 0 1 5 1 3 0 5 5 5 4 3 3 4 0 3 4 3 4 4 0 3 0 0 1 0 1 1
4 1 0 3 0 4 0 4 3 3 1 0 1 4 1 1 5 3 3 3 1 5 3 0 4 0 3 1 3 4 0 4 5 0 4 1 3 3 3 4 0 3 0 1 5 3 0 5 5 1 4 3 4 1 0 5 0 5 4 0 4 1 5 4 4 1 4 3 0 5 4
4 1 0 3 5 0 3 3 4 3 1 5 1 1 4 5 5 3 5 1 4 1 5 0 3 3 1 0 5 0 1 0 0 3 4 5 5 0 1 4 1 5 0 5 4 4 5 1 5 3 5 0 1 4 5 5 4 5 1 3 3 1 4 1 1 0 0 1 4 4 1
4 5 5 1 4 1 0 0 0 5 1 3 3 1 1 3 4 4 0 0 3 4 3 5 4 5 4 0 5 4 0 3 0 1 3 4 1 5 1 1 0 1 0 5 0 1 0 3 5 5 3 1 5 1 1 4 0 4 0 4 3 4 4 4 0 5 0 3 0 1 5
4 0 1 5 5 4 5 3 5 4 3 5 1 0 3 5 3 4 5 0 0 5 4 4 1 3 4 0 5 3 0 0 0 0 4 0 5 4 0 0 0 3 4 4 5 1 4 5 0 0 3 0 5 3 0 0 1 1 3 4 4 5 4 4 0 4 5 3 1 3 4
4 0 3 5 3 4 3 0 0 5 5 5 3 3 4 3 0 4 3 3 1 0 3 4 3 0 1 3 4 5 3 1 0 5 0 1 1 1 5 3 0 3 0 0 4 0 0 4 3 5 5 3 0 0 3 0 4 4 1 5 3 5 0 1 4 1 0 0 0 3 3
4 1 1 4 4 3 3 1 3 4 0 5 1 5 1 5 3 0 1 4 5 4 0 4 5 0 5 1 4 1 3 5 5 1 5 0 0 5 1 4 5 1 4 5 0 3 0 3 5 3 0 0 1 5 5 4 5 3 4 3 1 1 5 0 3 4 1 1 4 5 3
4 0 1 1 1 1 5 1 3 3 1 1 4 4 1 5 3 4 3 0 4 0 4 1 0 5 0 5 0 1 0 1 3 5 0 4 0 1 0 1 3 4 5 1 1 5 3 4 5 5 0 4 1 3 5 0 3 1 1 4 0 0 5 1 5 3 3 5 5 0 4
4 3 3 3 3 1 3 1 5 3 1 1 5 1 1 5 0 1 0 3 4 5 4 0 3 3 3 1 1 1 1 5 1 3 0 5 1 0 3 0 5 4 0 0 1 5 4 1 1 3 4 3 4 3 0 4 5 5 4 4 5 0 1 5 4 1 1 4 0 0 3
4 4 1 0 1 5 0 3 0 3 1 0 1 5 4 0 0 1 4 0 3 5 5 0 0 4 1 4 4 5 0 5 5 4 5 3 3 3 0 0 5 4 4 4 4 4 0 1 0 4 1 4 1 4 1 0 5 0 4 0 1 4 5 1 5 3 3 3 1 3 4
4 5 3 1 3 0 0 3 3 1 0 4 1 1 5 0 4 5 0 1 1 5 5 0 0 5 1 3 0 5 3 4 5 0 3 0 1 0 4 0 0 3 1 3 0 3 3 3 3 5 5 0 5 4 4 5 1 4 0 1 1 5 4 4 0 1 5 4 0 0 0
4 4 4 4 3 3 3 1 4 0 3 4 1 0 5 5 1 1 0 0 1 1 1 0 5 0 5 5 1 4 5 5 4 5 0 1 0 0 3 5 0 5 4 4 0 0 0 1 5 4 0 4 4 0 4 5 0 4 3 0 0 1 5 5 5 0 5 1 4 1 1
4 3 3 0 4 4 1 4 1 3 4 5 4 0 4 5 4 5 3 3 5 1 0 5 1 5 5 3 3 3 4 4 0 3 4 0 3 1 1 4 1 0 3 4 4 3 3 1 3 0 1 1 5 4 1 4 0 5 5 5 5 4 0 1 0 1 3 3 4 5 1
4 4 5 0 1 0 4 0 3 0 4 4 5 0 3 3 4 5 4 3 1 4 5 4 3 0 4 1 1 4 4 4 0 1 3 3 3 3 3 1 0 4 0 0 4 0 3 4 1 1 1 5 4 4 3 5 0 3 1 4 3 0 4 5 3 0 3 5 3 0 3
4 5 5 4 0 4 3 4 5 0 4 5 4 5 0 5 5 3 4 4 5 4 5 0 1 4 0 0 0 0 5 5 4 0 5 4 5 4 5 5 1 4 3 0 4 1 5 4 0 5 5 0 1 3 1 3 1 1 0 0 0 3 0 0 0 3 3 1 1 4 5
4 1 4 0 5 0 0 1 0 5 1 1 5 0 5 4 0 0 3 0 3 4 3 4 3 1 1 1 0 3 1 5 0 5 0 5 0 1 5 0 0 3 5 3 0 4 4 4 0 5 1 1 4 4 5 0 3 1 4 5 3 4 1 0 0 1 0 4 5 0 4
4 4 0 3 4 4 4 0 4 5 5 5 3 4 3 1 0 4 1 3 1 5 3 4 1 1 0 1 1 1 5 1 3 1 0 1 1 0 5 0 1 1 5 1 1 0 1 3 0 4 5 5 5 5 1 1 1 4 5 0 3 1 5 4 4 4 3 3 3 4 5
4 1 4 5 1 0 4 5 4 3 4 1 0 5 0 0 1 4 4 5 1 1 1 4 1 1 4 3 3 5 5 5 4 0 0 0 5 1 1 1 5 0 3 5 1 0 0 1 3 4 1 4 5 5 3 1 4 4 4 4 3 1 5 0 0 5 3 4 3 5 5
4 5 3 3 0 4 4 3 3 3 4 4 1 3 0 4 4 1 0 4 0 0 0 3 5 3 5 3 5 1 4 0 0 0 5 5 1 5 5 3 5 3 5 5 3 0 1 0 4 3 0 5 1 3 5 1 0 0 1 3 5 5 0 3 4 5 1 5 3 5 0
4 1 4 5 5 4 4 0 4 5 0 0 0 3 0 4 4 4 4 5 1 1 0 5 1 3 1 3 0 0 3 3 4 4 0 0 0 1 1 3 3 0 0 3 1 5 3 3 0 5 4 5 3 0 3 0 3 4 1 4 0 5 1 3 3 0 0 1 3 0 4
4 1 0 4 5 5 1 5 1 4 4 1 0 4 4 0 3 4 0 1 5 0 5 3 1 4 5 1 1 0 5 5 3 1 0 3 0 3 1 4 4 0 1 0 4 0 3 0 0 0 4 1 3 4 3 0 4 0 0 1 3 1 3 1 0 0 0 3 1 0 1
4 0 4 1 4 4 5 5 3 0 0 3 1 0 4 0 1 3 5 4 5 3 4 3 5 4 0 5 0 0 3 4 4 4 4 5 5 1 3 1 0 0 1 4 1 3 4 3 5 3 0 1 4 0 5 5 5 0 3 3 3 0 3 0 0 5 0 3 0 4 4
4 1 5 3 0 4 0 5 0 5 1 3 5 3 3 1 4 0 5 0 4 3 0 5 3 1 0 1 5 1 4 1 1 1 1 1 3 3 0 1 3 3 3 0 4 3 1 5 3 1 3 0 1 4 0 0 1 4 3 1 5 0 4 5 1 3 4 4 1 1 3
4 1 3 1 1 5 5 0 1 0 1 5 1 0 0 0 4 1 3 4 3 3 3 4 0 3 0 1 4 5 4 1 4 3 3 1 0 4 0 1 3 0 4 5 4 4 5 3 0 0 4 0 0 3 4 0 5 3 1 3 4 3 3 4 3 0 0 3 0 5 3
4 3 1 1 0 0 0 4 3 4 3 5 5 5 1 4 0 0 5 0 5 1 0 5 1 4 5 1 1 5 4 0 0 3 4 0 5 3 4 1 4 5 3 4 4 4 1 3 4 5 1 0 5 0 3 1 1 1 3 5 1 4 0 4 1 1 0 3 4 0 4
4 5 1 3 3 0 1 4 4 1 0 3 3 1 1 3 4 3 3 4 1 4 0 0 4 0 3 0 0 3 0 4 5 1 5 3 3 3 3 3 3 5 1 3 5 0 5 0 4 3 0 0 1 3 0 0 1 4 5 1 3 1 0 3 5 4 5 4 3 5 5
4 4 1 1 3 1 4 0 0 3 3 3 3 3 1 1 0 4 3 0 3 0 3 1 4 3 0 0 1 3 5 5 4 4 1 0 0 5 5 5 0 1 3 1 3 5 0 4 3 3 5 1 4 4 3 0 5 4 4 4 3 1 5 5 1 3 3 0 3 1 5
4 4 3 5 0 1 3 3 0 4 5 4 3 3 3 4 0 3 1 5 3 5 4 5 4 5 4 3 0 0 4 1 4 0 3 4 1 0 5 4 5 5 0 5 4 1 3 4 0 0 0 0 0 1 1 1 0 4 3 0 3 5 3 1 0 3 5 1 5 5 5
4 0 0 0 4 0 5 1 3 4 0 5 4 1 3 5 5 4 1 5 3 0 1 5 0 0 3 5 0 4 4 3 5 3 0 3 1 1 1 1 1 1 3 5 3 0 3 1 0 4 0 1 3 0 4 0 4 0 1 1 0 1 5 0 0 4 3 1 0 3 3
4 4 3 3 0 4 5 5 1 1 3 5 5 4 1 3 3 3 1 0 5 0 4 3 5 3 0 1 3 3 3 1 1 5 4 1 5 4 0 5 5 3 3 0 1 5 1 3 0 5 5 0 5 4 0 4 3 1 0 4 0 4 1 4 1 0 4 4 3 3 0
4 5 5 3 1 4 0 4 3 1 3 5 1 5 5 3 4 4 0 0 3 1 0 0 5 1 3 3 1 3 3 5 1 1 4 1 0 0 5 1 4 5 0 4 5 4 4 4 4 3 1 3 1 0 1 5 0 0 5 0 3 3 4 3 4 1 1 1 0 4 1
4 3 5 5 3 5 5 0 0 0 0 1 0 3 1 5 0 0 5 4 1 3 1 3 3 5 4 4 4 0 1 5 4 4 4 5 0 3 3 4 5 1 3 3 1 4 4 0 4 0 4 0 1 3 4 5 1 5 3 3 0 1 5 0 5 3 5 0 4 5 5
4 3 0 5 4 4 0 3 4 3 4 5 4 3 1 4 4 3 4 1 3 3 4 0 1 4 1 3 5 3 0 4 0 4 4 5 3 3 4 1 0 0 3 0 0 4 1 0 5 3 0 0 5 4 4 1 3 3 4 0 3 0 1 4 3 4 4 3 0 1 0
4 1 1 4 0 1 0 3 1 0 5 5 4 4 0 1 3 1 4 3 3 5 5 1 3 1 4 0 0 3 4 4 1 5 5 1 5 5 3 5 5 3 0 1 0 3 3 5 4 1 5 0 5 5 0 3 0 1 5 1 4 3 0 4 1 4 1 5 0 1 1
4 3 3 3 3 3 1 3 3 1 0 3 1 3 3 3 4 5 3 1 4 3 1 1 1 5 5 4 3 4 3 4 3 3 4 4 5 0 1 1 5 0 0 1 0 5 5 3 5 0 0 0 3 0 4 5 0 1 3 1 4 5 4 0 4 5 0 1 4 1 4
4 5 4 4 0 5 4 4 5 0 5 3 0 3 5 0 1 3 4 4 0 0 0 5 0 1 5 1 5 0 1 3 3 4 5 1 5 4 4 4 1 4 4 4 3 3 4 3 5 4 0 3 0 1 3 5 1 1 4 0 3 0 5 5 0 3 3 3 0 3 5
4 1 4 0 0 3 5 5 5 1 1 3 4 1 4 5 5 5 4 4 5 1 1 4 5 5 4 5 4 5 5 4 5 5 3 3 0 4 5 5 5 3 5 4 5 4 0 1 3 0 3 5 3 4 0 4 5 1 5 1 4 4 0 4 5 0 0 4 4 4 4
4 0 5 3 0 0 3 0 5 1 1 5 3 5 0 0 4 5 5 0 4 3 1 3 0 3 0 3 0 1 4 5 4 1 4 1 4 4 1 0 0 1 0 3 1 0 3 0 4 3 5 1 0 0 1 0 3 5 0 4 1 1 4 5 3 1 0 1 3 4 5
4 4 1 1 5 0 3 0 0 0 4 5 5 1 1 4 0 5 3 0 4 5 1 0 1 5 4 3 3 0 0 0 4 3 3 5 0 1 5 1 3 3 0 4 4 0 4 0 4 0 5 0 3 0 3 3 0 0 4 5 0 0 0 1 5 0 4 0 0 5 1
4 5 4 3 4 0 5 1 4 5 5 5 4 5 1 3 4 0 4 3 0 5 5 0 1 3 0 0 3 0 4 5 5 0 4 4 4 1 4 0 5 4 1 4 3 1 5 4 0 0 4 3 0 0 5 5 5 1 1 5 4 3 0 1 0 3 4 5 0 0 1
4 1 4 0 5 0 1 1 4 5 5 1 1 0 3 0 5 1 1 4 0 0 0 5 1 0 0 4 3 0 0 3 5 5 5 5 3 3 1 5 0 4 0 5 3 1 4 5 3 1 1 0 1 4 0 4 0 4 3 0 3 4 1 0 0 0 4 4 0 0 3
4 5 0 0 1 4 4 0 5 1 1 0 5 5 3 4 0 4 4 4 4 4 4 5 0 1 0 3 5 4 4 4 4 4 5 0 5 0 4 5 5 4 4 1 3 0 5 5 1 5 1 0 1 4 0 5 3 0 3 0 3 1 5 3 5 4 1 3 0 4 0
<end>