<number of tasks>
70
<number of stations>
19
<type of the robots>
4
<cost of the robots>
1 4.19
2 4.47
3 4.48
4 6.43
<task times>
1 100 132 67 53
2 79 137 114 90
3 86 159 114 59
4 79 163 94 81
5 98 213 112 67
6 84 376 136 82
7 62 96 103 45
8 165 139 127 72
9 105 269 250 53
10 67 179 96 56
11 76 132 94 86
12 81 224 141 70
13 91 356 121 53
14 81 105 167 33
15 107 103 112 54
16 95 130 107 56
17 76 123 85 42
18 91 199 174 131
19 167 210 212 123
20 150 282 221 61
21 234 224 167 82
22 169 224 263 53
23 198 148 112 115
24 79 155 192 44
25 95 166 237 70
26 64 116 83 79
27 138 195 152 61
28 93 210 138 53
29 126 155 156 45
30 74 291 109 47
31 81 90 147 42
32 60 262 100 82
33 57 92 76 37
34 115 255 89 73
35 107 130 71 42
36 126 76 85 30
37 112 199 105 70
38 112 134 192 61
39 172 199 154 110
40 62 132 94 31
41 124 293 212 106
42 50 195 71 34
43 79 90 69 70
44 79 204 134 110
45 86 172 208 51
46 98 199 116 96
47 95 222 221 64
48 95 184 150 36
49 76 186 194 107
50 184 132 145 53
51 198 244 112 75
52 55 92 154 53
53 57 132 107 47
54 112 125 85 59
55 74 150 87 82
56 91 181 96 76
57 172 121 159 56
58 224 235 112 70
59 57 114 85 37
60 198 237 96 62
61 138 210 118 120
62 91 271 136 67
63 81 208 114 82
64 74 166 78 75
65 155 143 74 37
66 81 116 183 44
67 72 199 112 53
68 86 170 176 96
69 91 105 89 47
70 72 282 176 93
<precedence relations>
1,2
1,41
1,69
1,70
2,3
3,4
3,68
4,6
4,7
5,6
5,24
5,30
6,8
7,8
8,12
9,10
10,11
11,12
12,13
12,14
13,23
14,23
15,16
16,17
16,18
17,19
18,19
19,20
19,22
19,57
20,21
21,23
22,23
23,25
23,31
23,33
24,25
25,26
25,27
25,28
25,29
26,35
27,35
28,35
29,35
30,31
31,32
32,35
33,34
34,35
35,36
35,44
35,48
35,51
35,53
35,56
35,60
35,61
35,62
36,37
37,38
38,39
39,40
40,42
41,42
42,43
43,50
44,45
45,46
46,47
47,50
48,49
49,50
51,52
52,54
53,54
54,55
57,58
58,59
59,60
61,65
62,63
63,64
64,65
64,66
64,67
<setup time between tasks by robots>
1 0 5 5 7 2 0 10 5 7 10 0 2 7 7 5 7 7 10 5 5 2 12 2 5 2 12 7 10 10 0 0 10 5 7 10 2 0 0 0 12 5 5 10 0 7 0 7 0 0 5 7 5 0 5 5 10 2 10 2 0 2 7 7 10 5 2 0 2 2 0
1 2 0 2 7 0 0 2 12 7 0 2 5 0 0 7 10 7 5 2 0 0 0 7 10 10 0 10 5 7 0 5 2 0 5 10 7 10 7 2 0 0 10 5 5 10 5 5 5 10 7 12 5 10 2 7 2 0 2 0 2 0 10 7 7 10 10 0 7 0 2
1 10 0 0 5 10 0 5 2 7 10 10 5 5 5 0 2 7 0 0 12 2 2 0 7 2 0 7 0 2 2 7 2 7 0 7 5 10 10 10 7 0 0 0 10 2 5 7 10 5 10 10 0 2 2 10 5 5 2 5 0 7 10 7 7 0 2 2 0 10 0
1 5 0 0 0 10 5 0 2 0 5 0 2 2 2 12 2 10 7 10 2 5 7 7 5 7 7 10 2 7 7 5 2 7 10 2 5 0 5 10 2 2 10 2 2 10 7 5 7 0 7 0 7 0 0 5 7 0 12 2 2 5 0 7 5 7 7 10 0 5 7
1 5 5 10 0 0 2 0 7 0 7 10 2 7 12 2 0 7 7 10 7 2 0 2 0 2 7 10 0 12 10 7 0 5 5 5 5 2 10 0 5 0 0 5 7 0 0 5 10 2 10 0 7 5 0 7 10 7 7 2 2 10 7 10 10 7 10 7 10 12 7
1 10 5 5 0 2 0 5 5 10 0 7 2 7 7 7 10 5 0 2 5 10 0 7 10 2 10 0 5 2 2 10 0 0 2 2 2 7 2 0 10 7 7 0 12 12 5 7 0 10 10 0 10 2 5 0 7 2 0 7 2 5 10 10 2 0 7 2 10 7 12
1 2 5 12 5 10 0 0 7 7 0 0 10 5 5 7 2 12 12 5 10 0 2 10 7 0 0 7 0 0 10 10 2 0 0 5 12 7 2 2 5 0 5 12 2 5 5 2 7 2 5 10 12 5 5 10 7 2 7 2 2 10 5 5 5 2 7 5 7 5 2
1 2 0 0 5 5 2 10 0 0 2 7 10 2 0 10 7 7 10 7 7 7 5 7 2 7 7 10 7 2 2 7 5 5 5 7 2 5 10 0 2 5 10 5 0 5 2 7 7 0 10 10 2 0 7 5 10 7 12 7 5 5 10 7 0 7 0 0 2 0 12
1 5 0 2 12 2 7 7 2 0 10 5 0 7 0 2 5 2 5 5 7 0 0 10 7 10 2 10 2 0 10 7 10 5 0 0 10 5 2 0 0 2 7 12 5 7 0 7 0 10 0 2 2 10 0 2 5 10 5 5 0 2 12 5 7 2 7 10 5 7 2
1 0 7 10 0 0 2 2 5 12 0 10 7 0 5 5 2 7 10 7 2 0 0 5 5 0 7 0 10 2 7 5 5 2 0 7 2 0 0 12 10 5 5 7 7 12 7 5 5 12 10 5 2 7 0 5 0 10 10 0 2 0 10 2 2 5 0 10 0 7 7
1 0 10 0 12 5 7 7 7 10 5 0 5 10 5 5 0 10 0 0 10 5 5 5 10 0 10 0 10 5 10 10 5 10 5 5 10 2 7 7 2 2 7 0 10 5 7 10 2 10 10 10 5 5 0 0 10 10 10 5 10 7 2 0 7 2 7 0 0 5 0
1 7 12 2 10 5 10 7 2 2 10 7 0 10 5 2 0 12 7 2 5 0 5 0 2 2 7 7 10 7 7 0 0 7 7 2 2 10 0 10 2 7 7 7 0 10 12 10 2 7 2 0 7 0 5 0 5 5 2 7 0 2 10 10 7 12 10 0 5 0 5
1 12 2 5 5 5 0 7 5 5 12 12 10 0 0 5 0 7 2 0 0 5 10 10 0 2 10 0 10 10 2 7 12 7 0 12 2 2 12 5 2 7 5 10 2 7 2 7 10 10 10 2 2 7 2 2 0 7 7 2 10 7 5 2 2 7 5 10 0 10 7
1 0 10 10 2 7 2 2 2 0 2 0 12 10 0 10 0 5 12 7 2 7 2 7 10 5 0 2 10 0 2 5 2 2 7 2 7 0 10 0 2 2 2 7 5 2 0 7 5 5 2 5 5 0 10 0 2 7 0 10 2 5 10 5 0 7 5 5 5 2 2
1 10 7 2 2 2 7 2 0 5 10 10 7 2 10 0 5 7 0 2 10 7 12 2 7 10 0 0 12 5 2 5 0 2 2 10 2 10 0 5 2 0 2 0 10 7 5 10 0 10 7 2 0 0 5 5 10 10 10 2 10 0 0 2 10 5 10 10 5 7 7
1 7 0 5 5 5 0 5 0 5 5 5 0 7 5 0 0 10 7 5 2 10 0 7 7 0 2 7 2 2 7 7 0 10 0 7 7 0 10 0 5 5 0 10 0 0 7 10 10 7 10 7 0 7 5 7 5 10 7 5 12 10 0 7 2 0 7 10 10 0 2
1 5 2 5 7 5 10 2 5 0 0 7 7 2 10 2 2 0 5 0 2 10 7 5 10 0 5 10 5 5 7 0 10 2 5 7 7 10 5 5 0 5 0 12 5 5 0 0 10 7 10 0 0 5 7 7 5 2 10 5 2 7 0 12 0 5 7 0 10 12 7
1 2 7 2 2 2 10 7 7 7 7 10 2 0 0 7 2 5 0 0 5 7 5 2 0 5 12 10 2 0 2 10 0 12 7 7 2 0 10 12 12 0 2 2 2 5 2 5 0 10 5 7 7 2 10 0 10 7 10 10 5 7 5 0 0 0 7 2 0 10 12
1 10 10 5 5 10 2 7 7 10 7 0 7 2 5 10 0 2 10 0 0 7 2 0 5 0 10 2 7 7 0 7 10 7 10 5 5 7 2 7 10 0 10 2 2 7 10 10 0 2 0 5 5 7 2 7 5 10 5 10 10 10 7 5 0 5 5 0 5 0 0
1 2 10 10 5 2 10 5 5 7 2 2 0 0 5 0 10 7 10 2 0 10 12 7 2 10 10 10 0 0 0 7 10 10 2 10 5 5 7 10 2 0 10 0 7 2 0 7 10 5 10 0 2 2 0 7 10 2 10 7 0 5 7 7 5 7 7 5 7 10 7
1 10 5 2 2 5 5 0 5 7 2 2 12 2 5 0 2 5 2 2 10 0 7 2 7 5 5 2 2 0 7 2 12 2 5 10 5 0 0 2 7 0 10 2 2 0 10 7 7 7 10 5 2 0 10 10 5 0 7 10 2 0 2 2 5 5 7 0 7 7 10
1 0 2 5 5 2 5 2 5 7 5 2 5 5 10 5 0 0 5 5 0 7 0 0 12 5 5 2 5 10 5 2 7 0 2 2 0 7 7 5 7 7 7 2 5 5 0 5 10 0 5 0 0 10 10 7 10 7 5 0 2 7 10 10 5 2 2 10 5 7 7
1 12 0 2 5 7 2 5 2 10 5 0 7 5 2 10 2 5 7 2 10 10 0 0 10 0 10 10 7 10 7 2 10 10 10 5 0 0 5 5 7 0 0 10 0 2 5 0 7 10 10 5 7 10 7 0 5 0 0 0 2 0 7 10 7 5 12 5 12 2 7
1 2 0 0 10 10 2 5 10 5 5 2 0 7 10 10 0 5 10 10 10 5 7 7 0 0 10 7 2 2 2 10 10 2 2 0 2 7 10 7 10 7 5 2 2 2 5 10 10 7 0 0 2 7 2 2 0 0 5 10 2 5 0 2 5 10 5 7 10 2 2
1 10 5 12 0 5 5 5 5 7 0 5 0 5 0 2 2 5 12 2 7 7 10 5 0 0 7 5 0 12 5 2 5 0 5 5 7 5 0 5 5 10 0 7 2 0 0 5 10 10 2 2 0 7 12 2 2 0 10 0 5 0 5 0 5 5 2 7 0 0 12
1 0 2 10 12 10 5 2 5 12 5 10 2 0 0 12 7 2 2 7 7 2 0 2 7 10 0 10 2 12 0 0 0 7 5 7 10 10 10 0 0 5 0 7 7 5 7 0 10 10 10 0 10 0 5 7 7 5 7 2 5 0 7 5 10 0 10 0 7 5 2
1 7 2 5 2 7 5 2 5 2 2 0 0 10 0 0 0 10 10 5 7 12 10 10 0 0 10 0 5 10 0 10 2 10 5 7 7 10 0 0 0 5 10 5 2 0 2 10 2 10 10 0 7 10 0 2 0 2 10 5 10 10 10 10 12 5 10 10 10 7 10
1 2 7 5 7 12 5 7 5 2 10 5 10 5 5 2 7 2 10 7 7 7 2 10 10 10 7 5 0 10 0 10 2 0 10 10 5 7 10 2 5 0 2 0 5 10 7 10 7 2 7 5 5 7 5 7 5 2 5 2 2 2 5 0 2 7 5 5 10 5 12
1 2 0 10 5 5 10 7 10 10 5 10 0 10 2 5 0 5 0 2 7 7 2 10 5 7 2 7 7 0 2 2 7 10 2 10 2 2 2 0 7 5 2 10 0 0 7 7 5 7 5 0 5 0 2 5 10 5 5 10 2 5 5 10 7 7 7 10 7 10 7
1 7 0 7 2 2 2 0 5 0 7 7 2 5 2 0 0 10 7 10 5 7 10 7 10 10 7 7 7 0 0 7 10 10 2 10 5 10 0 2 2 10 0 5 0 10 0 5 10 7 12 10 5 10 7 5 12 5 12 2 0 0 0 5 2 7 7 7 0 2 7
1 0 10 2 2 7 7 7 7 10 12 7 2 2 7 0 0 5 2 2 7 0 10 10 0 10 2 10 7 0 0 0 7 2 10 7 7 2 10 10 2 0 7 7 0 0 12 7 7 5 7 0 5 2 7 5 0 0 10 10 0 0 2 5 12 7 0 0 7 0 0
1 0 10 5 10 10 0 7 0 0 10 5 7 0 0 5 7 10 7 7 10 7 7 0 7 7 0 7 5 5 10 2 0 2 5 7 5 7 0 0 10 0 7 5 10 0 5 5 10 5 2 5 12 5 12 7 0 5 5 2 10 5 7 2 2 5 7 7 0 0 10
1 5 5 2 0 2 0 0 7 2 7 2 2 7 5 5 12 2 2 10 2 10 7 5 5 7 7 2 0 2 2 0 0 0 10 10 5 5 0 5 2 7 10 7 10 12 10 2 2 5 0 12 2 7 12 0 5 7 5 5 5 10 2 5 5 0 10 7 10 7 10
1 2 0 7 10 0 7 2 10 0 10 5 0 10 10 0 2 5 5 0 2 7 5 10 0 7 2 5 0 2 7 7 7 7 0 7 5 5 2 5 2 10 5 5 0 12 5 5 12 2 5 0 2 2 7 2 7 0 10 5 2 7 0 5 10 10 7 5 7 0 0
1 5 10 5 0 7 5 7 7 10 0 10 7 10 0 5 5 10 5 10 2 7 7 7 5 10 2 2 10 7 7 5 7 12 5 0 2 0 0 10 0 5 7 7 10 7 5 5 0 7 10 2 7 7 0 0 0 7 7 7 7 0 12 5 7 2 10 0 5 2 10
1 10 2 10 10 10 2 2 10 12 7 10 2 0 7 0 7 7 5 2 10 10 2 10 5 5 10 5 5 7 2 5 12 12 7 2 0 2 0 7 2 0 0 2 2 2 5 5 0 5 7 7 10 7 2 10 2 10 7 7 10 2 0 2 2 0 5 0 5 7 0
1 10 10 5 0 2 7 10 10 7 10 5 5 10 2 5 2 7 5 0 7 2 7 2 5 2 0 12 10 2 10 10 10 7 10 5 0 0 0 7 2 12 7 5 2 7 2 2 5 0 5 7 0 0 0 2 10 2 12 5 5 12 5 0 2 2 7 5 2 0 10
1 2 7 2 2 5 2 10 5 0 10 10 2 2 0 7 5 10 0 5 0 7 7 2 7 7 10 7 7 0 5 0 7 2 10 5 10 5 0 10 2 5 7 5 0 0 0 5 0 7 5 2 0 5 10 2 12 10 7 2 7 7 5 0 0 7 5 5 5 0 2
1 10 0 0 5 0 2 10 0 2 10 5 10 12 2 10 10 2 0 5 0 0 5 2 0 5 0 2 2 0 0 5 10 7 10 2 0 2 7 0 7 0 10 2 0 5 2 2 7 2 7 12 2 10 7 7 5 7 5 10 7 10 10 7 5 0 2 5 5 0 7
1 10 2 0 5 5 7 7 10 10 10 2 5 0 7 5 12 0 2 2 2 2 10 0 10 10 2 5 2 5 5 10 0 5 0 2 5 2 5 7 0 0 12 12 7 5 12 10 5 7 0 10 2 5 12 5 10 7 0 12 10 0 7 7 0 7 10 10 7 5 2
1 5 10 7 2 7 2 5 0 7 0 0 2 2 5 10 7 2 7 10 7 2 10 2 7 12 0 2 10 2 5 10 7 5 7 10 0 2 10 2 10 0 0 0 5 2 7 12 10 7 5 7 12 10 0 7 0 0 5 7 5 7 0 0 7 7 7 10 2 7 2
1 10 5 2 5 10 5 7 5 0 5 10 7 2 2 5 2 0 7 12 10 10 0 2 7 2 2 0 5 5 12 2 2 2 10 10 10 5 5 7 5 2 0 0 5 10 10 2 2 10 5 7 0 5 0 0 0 0 5 2 7 0 2 10 0 10 2 7 5 2 2
1 7 7 7 12 0 0 2 0 7 0 2 2 12 10 2 2 0 7 12 10 2 5 10 0 7 10 7 2 12 2 5 10 5 2 0 10 12 12 2 5 2 10 0 0 7 10 0 5 0 0 12 5 0 5 10 7 0 0 0 5 0 7 0 10 10 10 0 7 2 5
1 2 5 7 0 2 12 10 0 5 2 10 5 0 10 2 12 2 7 7 5 7 5 7 7 5 7 10 2 5 0 10 5 10 0 5 2 0 5 7 5 12 10 0 0 0 2 0 2 7 2 2 2 0 0 7 10 0 5 2 7 5 0 0 5 2 0 12 12 5 12
1 7 10 7 0 10 2 10 0 10 10 0 7 7 7 7 10 5 7 0 2 0 0 10 10 7 5 10 10 5 7 5 10 7 10 10 7 10 2 7 7 5 12 0 5 0 10 10 10 2 0 0 10 10 5 10 5 0 0 2 0 12 5 0 0 12 5 2 7 0 5
1 10 7 5 2 5 5 2 5 5 5 7 7 2 7 5 10 5 0 5 10 10 0 7 0 10 0 2 10 7 2 5 10 7 7 0 7 5 5 7 5 5 7 5 5 12 0 12 0 0 12 0 5 5 7 7 10 12 0 7 5 10 12 5 0 7 7 5 5 7 2
1 7 7 5 0 7 0 2 2 2 7 12 12 0 7 7 2 5 2 10 7 2 0 12 12 0 10 2 10 10 2 5 10 7 12 10 10 0 2 7 7 2 10 5 10 2 5 0 10 5 0 5 12 2 10 0 0 5 2 2 7 0 7 0 10 2 7 7 5 0 10
1 7 2 2 2 10 2 12 7 0 5 0 10 10 5 0 5 5 2 0 12 5 0 2 10 5 10 10 2 0 5 2 0 0 10 7 7 0 5 7 5 7 7 10 5 2 7 0 0 7 2 7 5 2 7 7 2 10 2 7 7 10 2 10 7 0 2 5 12 5 7
1 5 5 7 7 0 0 10 7 10 7 7 5 2 0 5 10 5 0 5 2 0 0 5 0 5 5 5 0 0 10 0 2 10 10 10 2 7 2 0 7 0 10 10 7 7 7 7 10 0 12 7 10 0 2 10 7 0 2 5 0 0 7 10 7 5 7 2 0 10 7
1 0 5 7 2 7 0 5 2 5 0 2 7 2 0 10 7 0 5 7 0 5 0 10 10 12 0 7 0 7 7 7 5 0 12 12 0 7 5 5 5 5 10 2 7 10 2 0 5 5 0 5 12 5 2 2 2 5 5 7 2 7 0 2 10 2 10 5 5 7 5
1 2 5 5 10 2 0 10 5 0 2 10 2 7 0 2 2 7 7 7 7 0 7 7 10 10 5 0 7 0 2 10 10 12 5 5 5 10 2 10 7 10 7 7 10 5 10 7 12 7 10 0 10 0 10 5 5 5 0 0 7 12 10 10 10 0 5 7 7 10 0
1 5 2 10 10 0 7 0 7 2 2 7 7 2 0 2 10 5 2 7 0 5 5 5 10 7 7 2 5 2 0 5 0 10 2 2 7 2 0 2 2 10 5 7 10 7 2 2 7 2 10 5 0 7 7 2 7 7 10 0 5 7 0 2 2 10 0 7 10 5 7
1 0 0 5 2 0 5 0 10 10 2 7 5 5 7 0 7 2 12 7 2 7 0 0 2 10 5 2 10 0 5 0 2 5 7 5 10 5 2 12 7 2 0 2 0 0 10 7 2 2 10 2 5 0 5 5 0 2 2 5 2 2 0 5 5 2 7 7 2 0 7
1 0 12 0 5 2 10 0 2 12 2 5 2 12 7 10 0 5 2 10 5 12 2 2 12 7 5 5 2 0 7 5 10 0 0 5 10 7 10 7 5 7 0 2 0 5 5 0 2 5 2 5 10 10 0 0 2 2 7 5 2 12 12 10 0 7 10 10 5 7 5
1 2 0 2 0 5 10 5 0 7 7 5 2 2 2 5 2 10 5 7 7 0 5 2 10 7 7 5 0 10 5 7 7 10 7 7 12 5 2 7 0 10 10 2 0 0 10 2 2 5 10 5 2 7 2 0 0 10 7 0 12 12 5 5 5 10 0 10 7 2 0
1 2 7 2 10 10 0 10 2 0 2 5 2 7 2 5 0 10 12 5 0 2 5 0 2 7 2 2 10 5 0 0 7 5 10 2 0 10 5 10 0 7 7 10 5 5 5 2 2 2 10 7 5 5 2 7 0 5 7 7 10 12 5 5 5 2 7 10 7 10 10
1 0 10 0 5 5 5 7 0 12 5 12 2 10 7 5 10 5 0 5 2 5 5 7 5 5 10 5 7 10 2 12 5 0 10 2 5 2 7 7 2 10 0 10 10 0 2 2 2 7 2 0 0 7 2 10 5 0 5 7 10 2 5 7 2 0 2 7 10 0 7
1 12 5 2 10 2 10 2 5 5 2 2 7 10 0 7 7 0 2 5 0 5 10 2 0 0 12 5 0 7 10 5 0 2 10 2 10 12 0 7 2 5 0 10 5 0 0 5 5 0 5 2 0 10 10 10 5 7 0 7 2 0 7 0 10 5 7 7 0 7 10
1 7 0 7 7 0 7 5 0 10 5 0 5 7 2 0 7 10 7 2 0 2 2 5 5 7 5 5 0 10 2 10 0 0 0 2 2 7 2 2 10 7 5 10 5 10 5 2 2 5 0 5 0 0 7 7 2 7 7 0 7 2 2 10 10 7 7 5 5 0 0
1 7 5 10 5 10 7 10 0 10 5 0 7 2 0 5 5 10 5 5 7 7 2 2 12 7 10 10 7 2 0 7 2 7 10 2 10 5 10 10 10 5 5 2 2 2 5 5 0 5 7 0 12 7 0 7 10 5 10 0 0 5 5 7 2 2 5 0 10 5 2
1 5 5 10 10 12 5 10 2 10 2 10 10 0 10 10 7 7 7 12 2 0 12 7 5 5 2 10 10 0 2 5 0 10 7 10 10 7 7 2 10 5 7 2 2 0 0 10 7 7 0 2 5 2 2 0 10 2 2 10 7 0 2 2 10 7 7 7 10 2 7
1 10 2 5 10 5 7 10 7 5 7 7 5 2 2 5 2 2 0 10 5 7 7 7 2 5 10 5 7 2 2 2 7 2 10 10 10 7 2 7 7 7 7 5 5 0 5 10 10 10 2 2 5 7 0 10 10 7 2 7 5 12 0 10 5 0 10 10 5 7 2
1 5 7 7 7 10 5 5 10 0 7 5 10 5 0 0 0 12 10 5 0 10 5 2 10 7 5 12 7 5 2 5 7 10 7 0 5 0 12 10 7 5 0 0 2 0 7 5 0 5 2 0 12 5 5 2 10 7 7 10 10 0 7 0 5 5 2 2 2 2 10
1 0 0 10 0 10 7 10 2 12 5 10 0 12 0 5 7 0 7 2 5 2 0 10 0 7 7 2 7 7 10 7 12 10 10 2 10 10 2 2 12 12 0 0 5 7 7 2 0 5 0 2 2 5 5 7 0 2 2 5 2 5 2 7 0 2 7 7 7 2 2
1 10 7 7 10 12 0 7 5 0 5 0 2 0 0 7 2 10 7 7 7 0 2 0 10 0 0 0 5 2 7 10 0 7 7 7 7 2 10 7 7 7 12 2 0 2 0 10 10 7 0 7 7 7 0 5 5 10 2 10 0 10 7 0 0 0 0 10 2 0 2
1 12 2 10 10 5 2 2 10 10 7 2 7 7 7 0 5 0 2 10 2 10 7 0 10 12 2 0 12 2 10 0 2 5 10 5 0 5 5 2 10 0 5 0 10 5 7 0 0 0 7 10 7 10 10 7 0 5 7 10 2 0 10 0 5 5 0 2 7 10 0
1 7 10 7 10 10 2 10 12 10 2 5 7 5 10 5 10 12 7 7 0 10 7 0 10 10 10 5 5 0 10 2 5 0 5 5 0 7 7 0 10 7 7 5 2 0 5 2 7 2 7 0 0 7 5 2 5 7 2 12 2 10 10 5 10 10 2 0 12 2 10
1 7 7 2 10 7 2 5 5 0 2 2 7 7 2 2 0 0 0 5 2 10 10 2 2 2 5 2 7 10 2 10 0 5 10 10 0 2 5 7 5 0 7 2 0 2 2 2 2 7 5 7 0 10 2 12 0 0 5 7 0 5 2 2 5 2 0 12 0 5 2
1 2 7 10 0 0 2 10 0 5 2 2 0 7 7 0 10 7 10 5 10 10 7 5 2 10 2 10 7 10 7 7 5 2 7 0 7 10 10 0 2 5 10 2 7 10 12 7 0 10 10 0 2 0 7 10 12 10 7 0 5 10 10 0 0 10 10 5 7 0 5
1 5 7 5 7 0 0 2 10 10 7 2 5 10 0 2 2 7 10 10 2 7 2 7 2 2 7 10 0 0 10 10 10 5 7 10 5 10 5 2 2 7 5 5 10 5 7 0 5 7 7 7 0 0 10 2 7 0 5 5 5 7 2 2 7 2 10 12 10 7 0
2 0 9 4 4 11 2 11 4 11 0 18 9 13 2 9 11 7 7 4 0 2 4 16 2 4 18 16 4 13 13 7 13 18 13 13 9 13 13 7 0 2 4 4 4 2 9 11 9 13 11 7 0 13 4 11 13 4 4 4 9 13 0 4 0 16 16 0 13 7 13
2 7 0 13 16 4 11 0 13 18 7 2 0 9 0 13 0 7 18 2 11 2 0 7 2 2 9 4 2 7 11 4 7 18 9 2 11 16 18 4 18 4 13 9 7 4 4 2 4 9 2 11 13 11 7 0 13 18 13 13 11 0 9 0 2 2 0 9 18 16 11
2 13 16 0 4 7 9 16 9 16 16 2 9 7 13 13 13 0 11 9 18 2 18 2 4 9 9 13 2 11 9 11 2 16 2 16 9 11 2 18 13 9 2 9 18 9 4 18 13 2 0 4 11 0 0 16 4 11 2 16 0 11 0 7 7 16 0 9 2 7 13
2 7 4 2 0 7 11 0 7 13 16 2 9 7 2 0 16 9 11 2 7 16 0 16 7 11 2 7 4 0 2 0 11 2 16 0 13 9 0 9 4 16 2 11 13 4 2 0 0 4 11 4 16 2 2 0 16 0 18 2 16 11 2 11 11 16 4 4 0 13 11
2 18 0 11 11 0 11 0 0 13 9 4 2 2 0 4 13 7 9 9 13 7 13 11 16 2 2 11 0 13 13 7 4 11 16 13 0 0 13 0 2 13 16 9 2 11 16 0 2 11 18 7 16 13 11 7 2 16 4 4 7 4 7 16 4 4 16 7 9 4 4
2 7 13 2 11 7 0 11 4 2 11 7 13 9 0 7 18 9 13 2 16 0 18 11 2 9 2 4 13 16 7 2 11 0 16 0 7 13 4 4 0 11 11 9 0 0 0 16 18 9 13 16 16 9 7 11 18 2 11 16 18 11 4 4 9 16 4 13 13 0 0
2 0 4 18 11 0 7 0 11 4 9 7 2 7 9 4 13 13 11 4 11 2 0 0 2 13 13 9 13 13 4 7 13 18 0 2 18 16 18 18 9 7 0 18 11 4 4 11 2 11 11 11 13 9 13 4 0 7 13 4 0 16 11 11 4 11 4 0 2 0 18
2 4 16 2 9 13 2 7 0 11 7 9 0 0 9 2 2 9 7 2 13 4 11 2 9 16 4 9 16 2 9 0 11 2 18 18 16 16 2 11 9 7 4 16 7 0 13 9 13 11 4 7 11 0 11 0 16 7 16 11 7 4 18 11 2 13 2 18 13 16 0
2 11 9 0 16 11 0 7 7 0 4 0 11 18 7 0 9 7 13 2 7 7 18 2 11 11 4 18 2 4 7 7 7 9 7 11 7 16 4 4 2 11 9 13 18 16 13 0 11 18 7 2 7 9 0 7 11 2 13 2 0 9 7 2 2 7 9 0 18 2 16
2 18 0 0 16 16 16 16 13 18 0 9 9 16 7 4 2 2 0 13 16 2 7 9 13 2 4 0 9 13 4 18 7 16 11 0 16 4 13 7 11 16 9 2 4 7 9 9 0 11 16 9 7 4 11 7 0 9 4 2 4 7 0 4 16 7 7 11 4 7 0
2 4 11 16 4 7 2 13 7 18 11 0 11 16 2 0 9 9 13 11 0 7 2 0 18 9 0 7 11 9 4 2 9 13 2 4 16 0 9 13 16 4 16 16 7 13 0 11 9 7 11 11 16 2 16 18 7 16 4 4 13 16 16 7 11 13 9 9 13 16 16
2 16 16 4 7 4 4 2 0 16 4 11 0 7 2 9 0 16 13 11 16 13 13 2 4 16 2 0 13 7 7 0 16 13 7 2 11 2 9 2 2 13 2 11 7 9 18 0 16 13 0 4 7 2 7 13 0 7 4 16 2 16 11 7 4 0 0 7 16 2 18
2 4 13 11 2 4 16 13 16 13 18 16 9 0 2 9 4 13 2 0 0 11 16 13 9 0 11 9 4 11 7 4 4 9 9 18 16 2 13 7 4 4 7 4 0 9 7 11 0 0 16 11 4 18 7 0 2 13 11 13 18 13 11 9 2 2 0 7 18 0 16
2 11 2 0 13 9 2 13 18 16 16 9 7 9 0 7 9 0 0 9 18 4 11 0 9 0 0 7 13 4 4 4 16 11 2 18 16 11 13 9 11 4 2 9 16 13 7 11 0 4 18 13 9 0 18 9 0 9 2 13 2 4 11 7 13 2 13 0 9 16 4
2 4 4 7 0 2 9 9 2 13 0 7 4 11 2 0 2 18 16 13 4 4 11 11 11 7 18 13 9 18 7 13 18 7 13 16 13 13 7 0 18 0 2 7 0 4 2 11 16 7 9 4 16 16 11 4 0 0 2 0 16 7 11 11 9 4 7 0 4 13 18
2 0 9 13 4 9 0 18 11 18 2 11 16 0 2 11 0 18 2 13 0 7 2 0 4 2 2 4 9 4 7 9 9 0 16 16 2 9 18 7 16 7 0 2 11 18 0 18 11 13 16 2 9 16 7 11 7 2 13 2 16 11 0 7 16 7 13 7 7 0 9
2 9 11 0 13 11 13 7 16 9 7 13 13 11 0 7 13 0 13 13 9 4 13 2 0 11 2 7 4 16 13 16 16 9 7 18 2 13 11 2 7 4 2 11 16 7 4 16 0 7 11 13 11 4 4 2 0 18 13 16 2 13 11 4 11 13 7 16 13 11 11
2 4 4 4 11 11 4 0 9 13 13 7 7 16 0 0 11 2 0 11 0 11 0 2 13 4 4 13 16 9 0 9 16 13 4 13 9 4 4 4 16 16 0 7 13 2 11 7 2 16 9 7 9 9 4 18 4 4 18 11 11 2 18 13 13 11 11 11 7 7 11
2 4 0 0 18 2 18 11 9 7 2 4 13 7 0 18 9 13 16 0 2 0 11 4 0 4 2 16 16 0 18 4 9 4 18 4 0 4 2 11 0 11 2 4 4 11 11 18 4 11 16 7 16 16 2 7 18 4 4 11 4 13 7 16 18 18 16 0 7 4 2
2 0 0 7 16 0 13 9 0 2 2 16 9 16 4 9 9 7 13 11 0 13 18 16 16 7 7 16 16 9 4 16 13 7 2 11 18 13 7 16 9 0 2 2 0 7 0 7 11 7 2 4 2 2 2 11 2 7 13 0 0 7 4 13 0 13 9 2 2 2 4
2 11 9 2 13 4 16 18 11 2 7 11 16 11 13 16 7 2 2 4 7 0 4 4 9 11 11 0 18 7 11 11 16 16 16 2 13 2 16 0 2 18 7 4 16 11 16 7 4 13 16 18 9 9 2 18 11 0 18 9 0 0 2 16 16 16 13 7 16 2 4
2 11 13 16 16 16 2 7 0 4 0 16 13 4 4 18 7 11 16 7 11 2 0 11 4 16 13 9 9 7 13 11 2 11 9 7 7 11 4 13 4 13 2 16 13 4 7 4 0 13 0 11 4 9 11 7 4 0 13 7 7 7 11 11 7 16 13 0 7 16 16
2 0 18 4 2 18 11 4 16 11 4 16 0 9 16 18 0 13 0 7 2 18 11 0 18 13 2 2 16 0 18 9 7 7 0 13 11 2 16 11 4 0 0 2 4 18 0 18 0 2 13 4 16 9 7 9 0 7 7 7 2 0 9 4 16 0 11 13 0 0 13
2 11 13 16 11 0 7 16 7 16 13 4 16 0 13 4 2 16 4 7 4 2 16 2 0 11 9 2 18 16 0 13 13 7 16 9 9 4 11 9 13 4 7 9 16 18 16 4 9 7 0 13 11 4 2 9 4 16 9 4 16 2 2 16 2 7 4 2 11 11 7
2 7 7 4 0 9 18 7 16 2 11 7 7 18 2 18 13 7 7 9 0 16 7 7 2 0 18 13 4 7 13 9 7 2 9 4 11 4 2 13 13 2 11 4 0 2 7 7 2 7 4 13 16 7 0 13 9 7 16 9 11 16 7 2 2 2 7 18 11 11 4
2 13 9 11 4 2 2 9 9 16 9 9 7 16 9 9 7 2 7 2 11 2 11 4 0 0 0 2 16 7 0 18 9 4 4 4 4 16 13 18 4 13 9 11 13 7 2 16 4 13 2 13 9 2 16 0 11 7 11 2 2 13 0 18 13 11 7 16 2 9 4
2 4 0 13 9 4 11 16 16 2 0 0 16 7 2 2 2 7 2 4 0 4 13 13 16 0 11 0 16 13 11 7 9 4 11 16 4 4 11 16 0 9 7 0 0 7 4 13 2 11 9 11 0 18 0 11 4 13 7 18 16 13 4 4 13 2 18 0 2 13 0
2 7 0 7 13 4 11 16 2 16 11 0 18 2 7 4 13 9 18 2 13 16 4 18 9 18 2 13 0 2 2 4 9 11 0 2 11 2 11 7 0 16 0 13 18 7 0 7 4 11 11 13 13 0 16 18 18 2 16 4 2 11 7 2 2 13 11 13 13 11 18
2 9 13 13 4 7 7 7 11 4 18 9 11 0 0 18 13 16 16 4 9 16 11 0 2 11 9 2 2 0 7 18 4 9 16 0 7 2 2 0 11 18 2 9 7 9 7 11 2 16 7 18 0 16 2 16 7 13 7 16 13 13 0 2 16 13 2 7 11 13 16
2 16 9 16 9 9 4 0 13 16 9 0 2 4 0 13 4 11 13 9 9 2 7 11 2 2 9 9 16 2 0 16 13 11 11 4 4 4 16 2 13 13 18 2 2 7 11 4 16 13 4 18 16 11 2 4 18 7 9 2 13 13 16 2 4 4 13 9 16 7 4
2 13 7 13 16 4 9 0 9 16 11 13 2 16 4 7 18 0 11 7 9 7 11 11 13 0 2 0 4 0 0 0 16 7 4 18 7 2 13 2 13 4 4 7 18 0 16 7 13 9 7 16 0 11 7 7 11 2 2 4 13 7 7 4 11 16 0 9 0 4 13
2 16 4 7 7 7 16 18 18 7 18 0 9 11 16 0 9 4 9 13 16 2 2 2 4 2 2 18 16 2 2 9 0 0 0 4 13 16 9 4 0 0 4 7 18 2 9 2 11 9 7 11 13 16 16 0 2 13 4 11 9 7 2 16 9 7 13 2 13 7 2
2 7 4 16 4 7 16 2 16 0 2 0 4 13 4 11 11 16 2 0 11 16 11 4 11 4 7 16 2 18 7 11 4 0 4 16 16 7 7 11 4 18 11 18 4 9 2 11 0 16 9 2 16 16 7 7 16 13 16 11 13 2 16 13 2 13 2 7 7 16 0
2 13 16 11 11 7 9 0 4 13 4 0 4 11 11 13 9 2 7 7 11 2 0 0 0 13 0 2 2 7 2 7 2 7 0 0 4 7 16 2 9 4 13 4 16 7 16 2 11 4 16 7 9 11 13 0 7 18 9 9 9 4 18 18 7 11 4 2 18 11 18
2 18 0 16 9 4 7 11 7 9 0 13 16 0 16 16 11 4 4 2 13 4 4 2 18 4 7 9 13 7 7 11 11 11 11 0 16 18 4 7 16 16 0 16 16 11 4 9 2 13 13 7 7 0 2 16 9 7 2 11 7 13 0 2 4 2 18 18 11 7 16
2 0 4 9 9 4 11 16 7 11 4 18 16 2 0 16 0 16 0 13 4 2 11 11 4 0 18 9 0 13 13 11 7 7 9 18 0 2 18 11 2 0 13 4 18 16 16 4 2 2 16 16 0 7 13 7 13 16 2 16 13 16 18 16 2 13 0 7 13 4 4
2 0 4 4 0 13 0 11 7 0 9 13 7 2 13 11 2 4 2 13 0 11 9 2 16 11 0 2 9 11 4 7 4 7 11 4 9 0 16 0 16 2 7 16 7 4 4 16 16 16 4 2 4 16 0 16 9 7 16 13 9 7 0 2 2 7 2 2 13 11 13
2 2 2 16 0 18 0 0 9 11 11 13 11 9 13 16 18 9 16 7 11 9 2 9 13 16 7 0 2 2 11 16 4 13 18 16 9 4 0 0 11 0 13 11 9 13 4 7 13 18 0 13 4 0 11 13 4 0 16 4 9 7 4 16 7 9 7 16 13 7 11
2 16 0 7 2 0 0 0 0 13 13 13 4 0 9 4 11 2 13 4 7 7 0 16 9 2 2 7 2 9 13 7 16 0 4 13 2 16 4 0 13 2 18 16 13 9 11 4 11 11 11 9 16 0 11 13 2 4 0 2 0 7 9 16 18 0 4 11 9 4 9
2 4 13 2 2 11 4 9 18 16 9 4 13 13 9 16 2 18 7 2 9 2 4 13 13 9 0 13 9 13 0 9 9 2 9 9 16 0 7 2 0 11 11 9 0 7 13 2 2 13 9 11 9 0 9 9 13 0 2 16 0 9 7 4 11 7 13 13 11 13 0
2 13 0 0 2 2 16 9 18 4 11 0 0 11 13 13 16 2 13 2 11 0 0 4 2 4 9 4 0 0 2 7 13 11 7 18 2 16 13 11 0 0 7 2 9 2 4 4 9 9 11 4 13 0 7 16 4 11 18 13 2 7 16 2 9 9 9 7 0 11 11
2 9 0 13 2 11 0 18 0 4 0 7 4 9 11 9 4 9 13 16 18 2 7 7 0 11 2 9 0 0 16 9 7 0 16 16 4 16 16 11 4 13 0 16 0 4 13 11 9 11 18 0 9 13 13 11 9 4 7 13 0 13 9 7 0 0 2 4 4 0 16
2 4 7 2 11 9 4 2 9 2 4 18 0 7 13 4 13 16 7 18 4 9 9 4 13 2 16 9 9 4 0 9 7 13 11 4 11 9 7 11 0 7 2 0 4 16 13 9 4 9 13 4 9 11 11 7 9 9 13 0 4 2 9 16 0 2 7 16 9 9 13
2 13 13 2 2 4 16 11 0 7 18 18 4 4 2 18 9 16 11 4 2 13 11 18 16 16 16 4 13 11 4 4 11 9 7 9 11 7 4 2 7 13 16 7 0 13 7 9 13 7 16 18 13 9 0 13 0 7 16 11 0 16 0 16 16 0 4 11 9 2 7
2 7 16 2 13 2 11 16 13 0 11 4 13 11 4 13 9 9 11 9 2 11 2 13 9 0 2 0 13 13 13 4 2 16 7 7 9 7 0 4 11 13 4 7 11 0 11 13 7 0 0 9 11 16 4 9 13 16 2 7 4 16 7 11 9 2 0 16 18 2 9
2 11 18 16 11 7 2 16 11 4 0 4 13 9 11 7 11 0 0 16 13 4 16 9 4 7 2 16 0 9 0 0 9 13 0 4 2 0 0 9 7 9 16 11 2 2 0 9 13 16 11 2 9 16 13 18 0 2 7 7 7 11 13 9 16 11 13 11 9 16 7
2 7 11 0 0 13 13 4 16 7 13 13 9 11 18 18 11 13 16 11 4 0 11 16 2 9 4 2 7 16 18 0 9 0 16 4 7 4 11 4 0 2 16 18 4 7 0 0 4 2 18 7 18 11 0 9 7 4 16 11 2 9 4 11 11 7 18 16 18 11 2
2 11 16 2 2 11 2 7 11 9 0 9 4 4 11 11 4 16 2 18 7 16 7 4 9 16 13 13 13 11 7 11 11 2 18 2 13 11 2 18 7 16 13 13 9 0 16 16 0 11 16 7 2 0 0 7 2 18 2 7 0 11 4 16 0 9 18 4 7 0 18
2 7 4 16 11 0 16 0 4 2 7 0 13 7 0 13 13 11 11 2 0 16 11 0 0 7 11 11 11 0 11 7 0 11 16 13 0 16 0 18 4 13 2 2 7 18 16 11 7 0 16 9 16 2 18 4 7 7 4 7 9 7 0 2 4 11 9 0 11 9 13
2 13 13 13 13 13 13 13 4 16 13 13 0 2 13 2 16 11 0 9 0 9 7 18 7 16 13 11 0 7 9 9 0 13 11 2 9 0 9 0 2 7 0 13 13 4 4 11 11 9 0 11 2 0 16 2 18 2 11 16 16 0 9 9 4 9 16 7 18 2 2
2 7 11 18 11 9 11 13 11 16 11 7 16 11 2 13 13 7 0 7 7 11 13 4 11 2 2 18 4 2 2 16 0 11 16 9 0 11 11 0 9 9 18 7 11 16 11 7 18 7 2 0 18 2 9 18 11 13 9 7 18 0 0 0 0 9 2 7 16 16 0
2 2 0 0 4 0 11 2 4 11 4 11 0 2 9 2 4 11 9 16 9 11 11 2 9 16 18 9 0 11 4 2 9 2 18 16 4 9 16 16 16 13 13 2 7 7 7 18 11 18 2 7 0 4 0 2 2 4 0 11 9 2 2 13 16 0 9 16 2 2 16
2 0 9 18 18 7 11 9 0 13 0 0 18 13 13 2 0 11 4 2 13 18 11 4 18 13 7 13 11 2 7 11 0 9 18 11 0 16 2 11 11 2 16 0 11 0 13 0 0 9 16 11 9 0 2 0 4 2 9 11 7 2 9 9 4 0 11 16 11 13 9
2 2 16 0 7 18 4 18 0 9 2 16 16 2 11 13 13 4 9 4 13 13 0 9 7 13 11 18 16 13 0 7 11 7 9 7 18 0 4 16 2 9 4 9 0 0 13 13 2 16 11 13 0 0 0 0 13 9 16 0 11 4 2 0 13 7 9 7 13 0 13
2 0 2 4 0 11 9 4 11 0 2 9 7 11 16 4 16 11 11 11 0 4 13 11 4 13 0 9 0 13 16 4 9 11 0 16 2 16 18 4 4 4 4 4 4 13 11 16 11 16 0 13 2 2 0 0 4 11 16 4 18 7 9 2 4 16 4 2 2 9 4
2 4 13 11 2 0 0 18 9 13 18 4 0 4 2 16 16 13 0 9 11 9 9 13 11 9 18 9 9 2 2 13 18 7 11 18 0 4 16 13 0 9 18 2 16 13 4 16 2 2 0 2 16 13 7 11 0 0 16 9 0 13 0 9 13 16 7 18 7 18 18
2 7 2 11 2 7 4 2 2 11 2 18 9 9 7 4 16 7 11 2 7 0 16 16 4 9 2 0 16 2 4 4 13 16 16 0 9 13 7 7 9 7 7 16 9 16 13 16 0 7 0 9 16 9 11 16 13 0 2 9 16 9 2 7 16 4 0 2 18 7 16
2 9 16 13 7 0 2 18 7 0 0 2 16 0 13 11 2 11 16 4 11 2 16 2 11 9 2 16 2 13 2 16 18 18 16 9 13 13 18 4 11 0 2 11 11 4 4 18 11 7 0 16 9 18 11 11 9 0 0 9 2 4 2 16 11 0 7 7 7 4 16
2 16 13 11 9 2 4 2 18 13 9 13 7 13 0 13 9 2 2 0 7 11 7 9 2 4 13 0 0 2 18 2 16 2 11 11 4 9 2 2 2 18 7 11 2 11 9 13 13 4 0 4 4 11 7 16 9 16 16 0 11 13 7 13 9 9 13 16 13 16 7
2 13 11 0 7 11 2 4 18 7 11 9 9 4 7 7 11 2 18 4 7 7 16 0 4 16 0 11 4 7 7 0 7 18 9 13 9 11 7 4 7 7 16 4 0 13 11 0 0 13 13 9 7 7 13 16 7 7 2 16 0 4 9 4 4 16 13 11 11 0 0
2 16 4 2 11 4 16 13 9 11 2 2 18 16 13 7 18 9 16 2 11 13 0 0 7 0 18 13 13 2 2 0 2 11 0 16 7 16 7 13 11 18 7 18 13 11 9 0 9 0 11 7 16 0 18 4 4 4 18 4 2 0 11 13 0 11 11 16 11 18 16
2 7 13 13 7 0 0 4 11 11 7 16 4 9 9 0 2 11 16 13 2 13 11 0 0 9 16 9 7 4 7 13 2 2 11 9 11 4 0 0 13 4 4 0 13 0 0 9 7 16 11 9 9 4 16 18 7 4 16 16 11 7 0 9 9 9 13 16 16 13 18
2 2 16 18 9 0 11 9 16 9 2 4 11 0 16 9 13 4 7 11 0 0 2 11 16 0 2 2 2 13 7 18 7 9 18 11 13 7 13 9 16 2 11 9 18 9 4 13 9 4 9 0 0 9 2 11 0 9 16 9 2 16 18 0 0 4 2 16 4 11 11
2 11 13 13 2 4 16 2 11 2 9 0 18 2 16 9 11 0 0 0 16 11 4 13 9 9 9 0 7 16 2 4 7 2 16 18 2 16 0 11 9 0 4 18 9 4 16 9 13 7 0 18 13 9 16 0 16 0 2 16 9 13 7 16 0 0 7 4 13 0 2
2 16 11 18 11 2 11 0 13 4 13 16 7 7 13 13 16 2 0 0 4 0 16 4 9 9 2 7 9 2 0 9 13 18 2 13 9 4 4 9 13 2 7 7 0 4 18 16 2 9 4 0 18 9 11 0 16 9 13 11 7 7 2 2 2 0 16 0 16 7 4
2 11 2 0 9 0 11 9 0 7 18 13 2 7 7 11 13 7 9 18 2 16 13 16 4 4 0 16 0 7 7 11 9 7 13 9 9 13 4 9 16 0 0 16 4 9 0 18 2 16 4 4 13 16 2 7 18 13 0 16 18 4 7 18 2 16 0 9 13 9 7
2 11 11 4 7 7 11 13 2 11 9 2 9 18 18 7 16 9 13 4 13 16 0 11 11 9 9 7 9 13 16 4 2 0 11 16 2 9 18 0 13 16 0 4 4 0 9 0 7 13 2 9 9 0 16 7 4 11 16 7 2 9 4 13 4 11 9 0 9 0 11
2 11 16 16 16 7 4 4 0 16 0 13 0 0 9 13 13 9 9 7 11 9 13 13 2 9 2 0 9 16 0 13 11 4 13 9 7 4 13 4 4 13 11 13 11 13 0 2 13 0 18 11 9 11 4 7 4 16 2 13 16 4 13 2 2 9 2 16 0 11 16
2 11 7 18 0 16 18 9 16 2 9 7 2 7 16 16 7 16 9 13 11 0 16 7 18 2 16 13 2 13 4 18 9 16 11 7 7 13 2 13 0 0 2 7 2 9 13 16 11 4 16 9 9 13 7 2 2 2 2 13 7 13 13 0 13 9 9 7 13 0 0
2 11 7 9 11 7 2 7 4 7 11 18 18 9 0 0 0 7 13 4 9 11 16 13 2 7 16 9 11 9 0 2 11 13 0 2 7 13 2 0 2 7 4 7 11 0 18 16 9 13 16 4 16 13 13 2 2 7 0 7 13 9 11 13 16 13 11 16 2 2 0
3 0 7 11 7 2 13 16 13 4 11 7 13 0 2 4 0 11 11 11 4 2 11 11 7 9 0 9 13 0 11 4 13 11 13 0 13 11 13 16 9 9 11 11 13 9 0 0 7 4 9 4 11 7 11 9 16 7 11 0 0 4 13 2 16 9 2 7 2 9 7
3 13 0 0 0 13 4 7 0 9 4 7 9 0 0 16 4 4 13 2 2 4 2 2 11 4 9 7 7 4 9 13 2 9 2 13 7 11 13 0 0 9 9 2 2 0 13 13 2 2 13 11 13 9 9 9 7 13 13 7 0 11 11 11 9 0 0 9 2 7 7
3 4 4 0 0 0 9 9 4 2 9 13 0 0 13 7 0 16 13 7 2 13 2 4 11 7 0 11 9 11 7 0 16 2 9 7 0 9 16 16 2 7 11 0 13 9 9 9 2 9 13 0 4 4 9 4 9 11 2 0 7 4 7 2 9 9 7 13 16 9 9
3 13 2 2 0 9 7 2 16 4 2 0 4 9 2 11 13 9 16 11 13 4 4 11 11 2 0 13 13 11 2 4 13 2 9 13 11 16 2 0 7 0 2 9 0 0 13 16 11 7 7 13 9 7 9 2 7 11 9 0 7 2 2 7 7 9 2 0 13 11 9
3 7 9 4 7 0 13 4 9 7 9 11 7 9 2 2 13 9 4 4 2 7 11 2 13 2 0 7 11 11 0 9 16 7 13 13 9 2 7 7 9 0 0 9 11 4 11 7 7 11 7 7 0 11 9 2 7 4 0 9 7 2 11 13 16 7 0 16 9 7 7
3 16 0 2 13 4 0 9 2 16 9 9 0 11 0 0 7 9 11 2 9 11 13 4 0 4 16 9 16 0 0 9 2 2 4 13 0 7 4 11 9 4 16 0 13 11 11 9 7 11 4 7 11 16 2 7 9 0 2 9 11 11 7 0 11 9 13 16 4 4 2
3 11 9 2 2 4 4 0 0 13 13 13 13 13 4 4 0 0 4 11 11 0 2 11 4 16 2 13 13 4 16 2 11 9 2 9 11 9 13 0 4 4 4 11 16 13 0 9 13 4 11 4 13 4 4 7 0 11 0 9 11 0 0 4 2 13 0 2 2 7 13
3 2 9 11 0 2 7 7 0 16 0 13 11 11 0 9 16 11 2 9 11 0 0 2 13 7 13 13 0 4 4 2 11 2 7 4 16 0 2 4 2 0 7 0 13 11 7 11 13 2 0 9 13 2 13 0 11 4 16 9 9 7 7 4 9 2 0 2 2 4 13
3 13 9 9 2 9 9 7 2 0 13 13 9 11 0 16 13 11 9 9 0 13 2 9 11 7 9 13 13 13 0 2 0 9 4 11 7 11 2 4 2 2 0 13 0 13 7 0 13 4 11 7 0 4 11 4 11 7 9 0 0 2 0 0 0 2 0 9 7 16 11
3 9 4 13 16 7 9 13 4 13 0 7 0 2 13 0 13 13 13 7 11 2 2 4 2 11 7 2 13 7 13 9 11 16 7 4 11 2 4 4 4 11 11 13 9 0 11 0 4 11 2 2 13 9 13 2 9 11 7 16 4 7 7 9 4 16 13 9 9 11 4
3 13 7 7 4 9 16 4 0 7 4 0 9 13 13 2 4 7 13 11 11 2 0 11 4 2 4 11 11 7 9 2 4 4 9 4 11 7 4 2 7 9 7 16 0 9 7 11 16 13 4 13 2 0 0 4 9 13 4 0 0 7 4 7 0 9 9 9 11 2 7
3 0 7 4 4 2 0 4 7 9 11 2 0 7 2 13 4 11 11 2 13 7 7 16 0 13 0 4 0 11 9 2 0 0 9 16 9 13 13 2 4 2 0 9 9 7 9 9 4 13 13 4 2 16 16 13 11 0 13 13 4 7 2 13 16 2 7 7 0 0 16
3 2 4 7 4 2 2 11 7 2 0 13 9 0 4 4 7 0 4 16 4 2 0 7 13 9 7 0 11 11 9 4 0 4 2 2 2 9 2 13 0 13 9 16 0 4 7 0 0 2 9 9 2 4 7 9 7 11 7 11 0 2 16 9 4 4 2 11 11 9 7
3 7 2 2 4 13 13 0 0 16 16 7 0 4 0 2 0 4 4 11 9 2 9 16 7 0 7 2 9 2 0 4 9 4 2 2 13 4 4 0 13 4 13 11 7 4 16 9 0 11 4 9 0 11 2 7 7 9 2 2 13 2 7 9 9 13 9 2 7 0 0
3 9 4 16 16 2 4 0 13 11 16 4 2 7 4 0 9 0 13 11 9 4 2 0 0 2 13 0 16 13 13 13 11 9 13 2 4 9 16 2 9 16 7 7 9 9 4 0 0 9 9 11 13 7 7 11 4 9 2 13 2 11 13 7 9 7 13 9 4 13 9
3 11 9 11 9 0 7 9 13 0 2 13 4 4 4 4 0 0 11 0 2 0 2 4 11 4 4 16 2 13 13 9 9 7 9 11 13 16 9 4 0 11 0 4 2 2 0 4 16 16 16 7 4 4 9 7 9 13 7 2 4 4 7 9 2 9 0 7 4 9 7
3 13 11 0 7 13 0 11 4 9 0 13 4 9 13 7 2 0 11 13 11 0 4 7 13 2 4 2 13 13 4 7 9 2 11 9 16 0 7 13 0 16 9 11 7 13 7 7 2 16 9 13 11 16 0 0 13 2 7 2 2 7 9 7 0 11 0 4 0 4 0
3 0 4 9 4 9 4 7 4 11 2 4 11 0 4 11 11 9 0 4 7 13 9 4 13 11 11 0 2 11 7 9 11 2 7 13 13 11 0 11 9 4 2 9 7 0 2 16 4 0 16 7 16 11 13 7 7 4 9 16 13 9 16 11 0 9 7 11 11 2 7
3 0 11 0 7 13 13 9 16 0 4 0 0 4 13 2 9 7 13 0 9 9 13 0 16 2 2 7 4 16 13 13 11 11 2 2 9 4 16 9 9 4 2 9 11 2 0 11 11 9 11 9 0 4 13 7 2 2 16 7 0 11 7 13 11 7 7 4 2 13 4
3 7 11 16 7 4 9 0 9 4 0 7 2 2 7 11 13 4 2 2 0 4 4 11 0 13 13 4 4 7 7 2 2 13 7 2 9 4 4 11 11 9 11 13 11 4 4 4 2 11 9 7 4 13 4 0 2 11 16 0 4 7 11 9 13 9 11 4 11 9 16
3 11 2 11 0 0 7 4 11 9 9 11 0 7 4 11 13 2 4 2 4 0 9 0 11 7 7 16 2 2 4 9 7 2 11 13 9 7 11 0 0 11 9 0 4 2 2 9 4 0 7 7 4 9 2 2 13 11 11 9 16 7 13 11 0 9 4 2 13 13 4
3 11 9 16 13 2 9 16 7 4 2 16 7 0 13 7 0 0 9 11 0 4 0 2 16 2 9 7 4 9 2 4 0 13 9 7 2 7 7 7 9 13 0 9 9 2 9 11 4 11 2 13 0 7 0 0 2 13 4 11 4 2 2 11 2 0 13 4 16 11 0
3 2 13 2 16 11 0 0 4 13 0 13 4 11 7 16 7 9 11 2 4 2 13 0 7 7 4 0 11 13 11 2 9 16 4 16 0 9 2 2 11 11 11 13 16 0 9 2 9 2 9 4 13 2 4 9 4 4 2 13 7 9 2 0 9 11 0 2 4 7 9
3 13 0 7 9 4 9 13 16 4 13 7 4 7 0 4 11 4 13 9 13 2 2 0 0 7 4 0 9 9 7 0 11 0 11 2 7 9 9 13 13 2 0 7 2 13 7 4 0 11 7 11 9 9 9 11 11 2 2 0 0 2 0 11 4 7 2 4 9 7 13
3 9 9 7 13 13 9 9 9 4 7 7 9 9 0 0 4 4 13 0 11 11 2 9 2 0 11 2 7 13 2 13 11 7 4 4 11 9 4 7 9 9 7 11 7 7 2 13 2 16 7 7 4 13 7 13 4 4 13 4 11 7 7 2 11 13 16 11 13 9 0
3 4 0 0 2 9 4 4 4 13 2 7 2 11 7 4 13 2 4 11 9 4 0 16 9 7 0 2 11 0 7 11 0 9 4 16 11 7 7 2 9 0 2 9 2 2 11 16 0 4 9 4 16 9 0 13 7 11 9 11 2 2 13 7 16 0 11 4 0 2 0
3 0 13 13 9 16 4 9 9 11 2 4 4 13 11 9 4 9 13 4 9 7 7 4 9 11 13 0 7 2 11 9 7 4 7 0 16 7 4 16 13 9 2 4 2 13 0 9 9 0 0 9 13 7 9 13 13 11 0 7 2 0 2 13 7 13 2 0 13 0 0
3 11 0 13 4 9 4 9 2 2 2 0 13 4 11 7 2 9 11 9 11 0 4 4 2 13 9 16 0 2 0 9 11 4 11 7 2 7 9 2 2 4 16 4 16 9 4 9 9 11 2 9 2 13 11 2 0 2 4 4 0 2 0 0 4 2 4 0 0 4 4
3 13 11 13 11 7 13 9 7 7 2 7 7 0 2 9 9 7 7 2 0 4 2 16 9 13 0 4 4 0 2 0 4 7 2 9 0 0 2 0 11 16 7 13 11 4 0 13 9 7 11 13 4 16 9 2 4 9 4 9 16 11 13 2 13 9 4 7 11 13 9
3 0 2 0 9 13 0 11 9 13 0 2 4 9 11 13 2 0 2 2 16 16 13 11 4 13 11 7 4 4 0 16 0 0 7 13 7 9 9 0 9 11 4 0 0 0 7 9 0 13 9 11 11 11 2 4 11 0 9 0 16 7 2 13 7 4 2 7 9 7 2
3 13 7 4 9 13 2 2 16 11 7 16 16 7 0 2 11 2 2 4 13 13 16 11 13 4 0 0 4 13 13 0 16 2 11 4 7 9 0 9 9 7 11 16 7 11 9 2 2 13 11 7 13 16 13 13 2 0 13 9 13 9 9 2 0 13 11 11 11 7 0
3 0 7 0 2 7 9 11 2 0 9 4 7 11 0 2 4 2 0 4 4 9 2 11 2 13 0 11 2 9 11 0 0 16 9 2 9 4 7 7 11 13 0 2 13 11 13 4 0 4 7 11 13 11 13 4 4 11 9 2 11 2 7 7 2 4 4 7 7 7 13
3 13 0 2 2 11 9 13 7 7 9 0 7 9 0 11 2 13 4 0 4 4 9 16 4 2 11 11 2 2 9 4 0 0 4 16 0 7 13 13 16 2 0 2 0 0 2 11 13 9 2 4 2 13 2 0 13 2 7 2 13 2 11 2 9 11 13 16 13 16 11
3 9 11 4 2 7 2 9 11 13 2 0 0 4 13 7 4 11 0 13 11 7 2 7 2 7 2 13 0 13 13 13 0 2 0 13 7 2 13 9 0 7 13 16 0 4 4 9 9 4 16 0 0 0 2 4 11 13 0 9 0 2 9 9 7 13 9 13 0 9 9
3 7 7 11 4 9 2 9 0 0 9 2 7 2 2 0 4 11 13 2 16 0 0 9 7 13 0 9 4 0 13 7 0 11 9 0 2 7 7 16 7 4 11 7 7 11 2 4 16 4 0 2 9 0 11 7 0 4 4 4 9 13 9 13 9 9 7 13 4 0 11
3 7 0 0 13 7 16 13 0 2 16 4 2 2 9 9 13 11 11 13 0 2 2 13 4 2 4 9 9 9 2 9 11 11 0 2 0 9 2 4 16 16 13 0 2 7 7 0 16 4 4 13 2 9 0 4 13 11 11 16 16 2 7 2 0 7 2 11 2 7 0
3 16 4 2 0 2 0 4 0 7 13 0 13 13 11 2 9 13 16 0 11 4 4 13 16 13 7 9 11 0 0 16 11 9 7 7 2 0 13 9 2 11 16 4 9 4 9 2 9 0 13 2 13 4 11 7 7 7 7 9 9 0 4 0 11 16 4 13 0 4 7
3 9 4 16 13 11 13 9 9 11 9 13 11 7 2 11 7 7 11 2 2 4 16 16 0 7 4 0 13 9 16 7 2 11 9 13 0 9 0 16 7 7 9 9 9 7 4 7 9 13 11 9 9 11 9 11 9 4 9 0 7 13 7 0 4 11 0 2 9 7 13
3 4 0 11 13 0 4 0 9 16 7 9 11 2 11 0 4 16 9 2 4 0 2 11 7 4 2 13 0 7 0 0 0 13 7 13 4 11 9 0 7 7 13 7 7 13 16 4 11 4 11 0 4 0 7 0 2 13 2 4 9 9 2 0 4 4 4 13 11 2 7
3 2 0 16 13 13 2 13 2 2 0 16 4 9 0 11 9 0 0 7 13 2 11 9 7 7 9 13 2 7 4 2 0 16 2 0 11 13 4 13 0 0 11 13 0 9 7 13 2 9 0 0 9 2 9 13 9 16 7 0 2 4 2 7 0 9 7 13 2 4 11
3 16 7 0 2 11 2 0 7 2 7 11 13 0 9 4 2 13 7 2 7 7 9 7 13 16 16 7 0 9 13 7 2 7 7 2 2 11 11 11 2 0 7 0 2 13 16 11 2 11 4 0 7 11 13 0 13 11 7 9 9 0 2 13 11 4 4 13 11 9 9
3 2 2 7 9 7 13 2 4 11 9 9 2 13 4 7 2 13 7 9 13 4 0 7 2 9 13 13 2 13 9 13 0 7 13 2 4 13 0 0 7 13 0 0 2 11 4 9 0 11 4 4 7 11 7 4 16 4 4 11 9 13 7 0 9 0 11 13 13 13 16
3 13 4 4 4 7 13 7 11 0 11 9 13 11 11 2 2 13 2 4 2 16 7 2 7 13 0 9 16 9 4 2 9 9 13 16 4 4 4 2 11 4 2 0 7 9 7 9 7 4 4 16 16 16 11 9 9 9 0 7 11 7 13 0 11 7 13 2 16 4 4
3 0 4 16 13 4 13 2 2 7 0 7 11 9 9 13 9 0 16 9 13 9 0 4 13 11 7 0 13 7 9 7 13 9 2 0 7 7 4 4 11 11 11 9 0 7 7 0 7 4 0 11 7 4 0 2 9 13 13 13 13 7 2 9 4 4 0 2 4 9 2
3 0 0 13 7 11 13 13 7 11 9 11 9 9 2 0 16 2 0 9 13 11 11 7 11 9 13 7 11 2 9 0 4 11 0 7 9 16 11 4 9 7 16 4 0 0 7 2 9 4 2 11 9 13 11 16 9 11 9 16 4 13 13 16 0 9 0 0 13 9 0
3 0 9 9 13 16 0 11 16 0 9 0 7 0 2 2 4 9 11 2 2 9 2 11 2 16 16 11 0 11 2 0 9 2 13 4 2 13 4 11 7 16 13 2 9 7 0 7 4 13 0 0 9 13 9 9 4 13 7 13 13 9 2 0 16 11 2 9 0 4 7
3 13 11 9 2 11 7 2 4 2 0 9 9 4 11 2 4 9 2 9 9 7 11 7 7 7 7 13 9 4 7 9 0 7 9 9 2 9 2 11 11 4 0 4 0 13 2 0 9 7 0 2 2 9 4 16 2 0 11 7 9 9 2 9 16 2 13 9 9 2 4
3 9 4 13 4 9 11 16 9 9 2 11 9 0 0 7 16 9 0 13 2 13 13 2 11 7 2 9 9 0 11 16 13 2 4 0 16 2 4 13 13 7 4 7 4 13 0 7 0 16 7 4 16 0 11 9 7 11 0 0 9 16 0 7 9 2 0 4 16 2 16
3 9 7 2 11 16 4 2 16 2 7 11 0 16 13 7 11 13 13 2 11 9 13 13 13 13 0 0 9 7 16 9 9 7 11 13 13 9 7 11 0 2 13 4 11 2 9 4 7 0 4 2 16 11 11 2 7 4 9 2 2 7 13 0 13 4 4 13 7 16 7
3 2 0 9 11 16 9 7 9 9 11 0 0 13 13 0 2 7 9 2 2 16 16 9 9 9 16 0 13 13 4 2 0 13 0 7 9 11 7 13 0 9 13 13 0 11 11 0 11 9 0 7 7 13 7 4 13 2 11 7 4 0 11 9 0 2 16 7 4 0 7
3 13 16 11 11 9 4 11 4 7 13 11 11 7 2 4 0 0 13 4 0 2 4 7 13 0 2 7 2 4 11 0 11 0 4 11 0 0 0 9 16 11 13 7 9 13 11 16 9 2 0 0 4 11 2 11 2 0 13 7 7 0 9 11 7 16 11 4 7 7 16
3 2 2 16 0 16 2 2 11 11 4 9 16 9 11 16 13 9 7 9 4 2 13 4 4 2 0 13 2 7 11 7 11 16 9 11 7 13 2 7 11 7 13 9 13 2 11 13 11 7 11 7 0 16 16 0 2 2 11 0 2 16 13 7 7 11 7 4 11 2 2
3 0 2 2 13 2 11 11 2 4 0 0 11 13 2 9 11 16 13 9 16 0 7 7 0 4 0 9 13 9 16 13 2 2 0 13 11 2 7 9 11 13 4 0 4 7 0 16 7 9 4 13 0 0 16 13 0 2 7 11 4 2 16 7 7 13 4 0 2 0 16
3 7 9 2 4 2 2 11 13 4 2 9 7 4 9 11 11 4 0 13 7 13 4 16 11 13 4 13 9 9 0 4 13 4 7 11 9 16 11 4 9 4 7 0 13 9 11 4 9 11 4 7 13 0 0 11 13 0 0 0 11 16 0 13 2 7 9 2 11 9 7
3 7 7 7 4 4 2 0 0 4 0 11 11 2 4 7 2 7 13 9 11 2 2 2 13 9 0 4 7 13 9 2 11 4 2 7 7 13 2 9 0 9 7 9 16 4 11 4 7 4 9 11 2 2 13 0 0 11 9 0 4 11 16 7 4 0 0 11 0 9 7
3 11 11 9 0 2 9 0 0 0 7 4 0 9 2 2 0 0 13 13 7 2 4 9 11 2 9 11 13 2 4 9 11 9 13 9 4 4 2 7 11 2 13 11 0 7 16 2 7 16 9 11 11 7 2 11 0 9 4 7 2 2 2 9 11 9 9 9 9 9 2
3 9 11 2 11 7 4 0 4 0 9 4 9 0 9 16 4 9 13 0 13 4 7 11 11 7 16 2 2 4 7 13 9 7 7 4 9 4 7 16 2 2 7 0 7 9 11 0 11 13 11 16 2 2 16 9 9 0 13 13 13 7 16 13 4 0 13 7 13 7 4
3 0 9 2 13 9 4 4 11 2 9 9 0 0 9 13 2 4 2 4 4 11 11 0 13 16 9 9 9 9 0 4 2 13 9 9 13 13 13 16 2 11 16 2 0 11 7 0 7 13 4 7 7 4 0 7 13 2 0 4 4 2 4 7 13 2 7 9 9 0 7
3 11 2 13 4 7 13 0 11 16 0 13 7 7 9 16 16 0 4 16 2 7 11 0 11 11 11 13 2 2 11 2 0 13 13 4 9 11 7 7 9 7 0 11 4 11 7 7 13 4 2 2 0 7 0 4 9 7 16 0 11 2 2 4 7 16 13 13 4 9 0
3 11 13 2 9 9 7 9 13 13 2 7 0 4 2 16 16 0 4 9 9 13 7 0 9 4 11 11 9 2 11 2 2 7 7 16 13 2 9 13 4 2 16 11 2 2 4 13 16 4 9 0 2 4 9 13 16 9 2 9 0 7 2 16 2 2 0 4 2 9 4
3 0 13 7 16 0 0 7 0 7 4 2 2 4 11 0 2 13 2 2 0 9 11 0 11 13 11 7 13 2 0 0 9 11 16 2 0 11 4 2 2 0 4 11 9 16 13 9 9 4 16 7 7 2 0 0 7 13 9 4 4 0 9 0 4 7 0 2 9 7 2
3 9 11 7 7 7 11 11 2 4 9 16 13 7 7 4 13 4 2 4 9 9 0 9 2 2 13 0 0 9 0 2 16 4 7 7 11 0 4 11 7 0 9 16 13 4 4 4 4 2 11 7 2 11 4 0 11 11 7 2 0 4 0 9 11 7 7 4 4 4 13
3 2 2 2 11 0 4 4 9 9 0 11 2 11 9 9 13 2 16 4 13 9 9 11 4 0 0 13 2 0 7 13 2 9 13 9 2 16 11 7 2 4 4 9 9 4 13 2 2 4 13 4 0 9 0 7 4 11 9 2 13 0 16 0 11 13 13 0 0 2 2
3 11 11 2 11 9 2 13 4 13 13 2 11 4 11 13 13 7 11 7 2 13 2 0 4 0 7 13 11 9 7 9 7 16 7 13 0 2 11 0 4 4 9 16 11 9 2 9 16 9 7 11 13 7 13 2 16 0 16 11 16 7 4 4 0 7 16 11 4 9 11
3 13 11 11 11 2 0 7 2 13 0 11 16 2 2 13 4 2 0 13 9 4 7 13 2 13 0 0 0 4 2 0 13 2 11 2 9 13 4 9 13 2 16 7 2 7 4 11 11 13 9 11 11 13 13 0 13 9 0 2 2 7 16 0 9 0 2 11 0 13 11
3 16 7 4 9 0 13 13 0 7 0 13 0 13 2 11 4 4 16 2 0 2 16 9 11 4 2 7 0 16 9 16 11 9 11 9 7 2 7 4 9 2 11 11 9 4 2 13 7 13 11 4 13 0 9 4 13 0 13 13 9 2 11 16 2 4 0 4 9 7 11
3 9 9 4 16 16 7 0 4 9 2 13 4 16 4 7 2 16 9 4 9 13 0 9 2 9 11 11 7 7 4 0 0 11 0 4 0 13 9 0 7 2 0 7 13 7 13 2 2 16 0 13 4 11 7 13 13 2 9 13 4 13 2 9 11 2 13 0 4 11 4
3 7 11 16 2 0 7 11 2 9 11 13 13 7 13 13 9 11 13 4 0 11 9 13 13 11 13 13 13 11 16 7 9 4 2 7 13 9 13 0 4 2 4 13 9 16 9 7 4 13 7 11 0 16 11 2 11 2 4 13 9 9 11 13 11 13 2 11 0 0 9
3 4 2 9 4 16 13 0 4 0 0 7 7 7 2 4 16 2 7 0 13 0 4 7 7 0 0 11 7 11 9 0 7 7 16 7 11 11 16 11 0 0 7 11 4 2 2 2 11 13 9 13 13 2 11 9 4 13 0 0 2 0 11 7 11 0 13 11 2 0 4
3 7 7 4 16 16 2 7 11 2 2 13 11 11 7 0 4 2 4 2 13 4 7 13 4 0 13 9 4 13 7 4 16 2 2 7 0 2 13 7 11 2 9 0 16 13 13 7 0 4 2 7 4 7 11 16 0 11 7 4 13 2 7 0 7 9 2 2 2 2 0
4 0 6 3 5 2 6 2 6 3 5 3 0 3 6 3 2 2 3 2 2 5 0 6 0 5 6 2 5 0 5 3 2 2 6 2 6 6 0 3 0 6 0 0 2 5 2 5 2 6 2 3 3 0 2 3 6 5 3 2 6 3 0 5 3 3 2 3 3 3 0
4 5 0 2 5 5 5 6 3 2 5 3 6 5 5 2 6 0 6 0 6 0 3 0 2 0 0 5 0 0 0 5 5 6 0 2 6 5 3 6 3 2 0 0 0 2 3 3 3 0 0 0 0 3 2 5 0 2 0 3 3 2 2 0 6 2 0 3 0 0 5
4 3 2 0 3 5 6 5 0 5 2 3 5 6 0 6 6 0 0 3 0 5 5 0 2 5 0 3 0 5 0 6 6 0 2 5 3 0 5 2 5 0 3 0 2 6 3 5 6 0 5 0 0 5 6 5 2 3 5 6 5 2 3 0 6 3 6 2 2 3 2
4 0 2 3 0 3 0 3 6 2 3 5 3 0 3 5 5 0 0 6 3 0 6 5 2 2 0 0 6 3 3 2 3 2 5 6 3 3 0 2 2 5 5 3 0 6 3 2 5 2 2 3 3 3 2 2 0 0 0 2 6 6 5 3 3 5 5 6 3 5 2
4 6 0 0 0 0 2 2 5 3 3 0 2 0 5 5 0 0 3 3 5 2 6 5 3 5 6 3 2 0 5 6 0 5 5 5 5 2 6 0 0 5 6 5 2 0 6 0 6 6 5 5 6 2 3 5 5 6 0 2 3 5 5 5 5 6 0 3 0 3 3
4 3 3 3 6 2 0 2 5 6 5 2 3 2 2 3 2 5 5 2 6 5 5 6 2 0 3 5 2 0 6 3 5 2 6 2 2 3 5 3 2 6 0 6 6 2 6 5 0 0 5 3 5 2 3 3 6 3 5 0 5 0 0 6 3 2 2 3 3 3 6
4 3 0 3 0 5 2 0 0 6 2 5 6 6 6 6 3 5 6 5 0 2 0 6 5 5 3 0 5 0 6 3 3 2 3 5 3 0 5 2 0 6 0 2 0 5 0 0 6 6 0 2 0 0 2 3 5 2 0 2 6 5 2 5 3 2 5 3 6 0 6
4 2 5 3 3 5 3 2 0 2 3 2 2 3 3 5 6 6 6 6 0 0 3 5 5 6 6 6 6 5 3 5 3 2 2 0 0 6 5 6 5 3 0 3 2 6 2 0 2 2 3 3 3 5 5 0 5 3 3 6 0 2 6 3 6 6 3 2 0 0 2
4 3 6 6 0 2 0 5 3 0 0 5 6 2 0 0 3 5 5 5 5 6 3 6 5 0 6 0 6 6 0 6 5 2 0 2 5 0 2 2 5 6 2 0 5 3 2 0 5 0 5 0 0 0 2 5 2 2 3 5 0 5 5 3 0 3 3 2 6 6 6
4 0 2 6 5 3 2 6 2 0 0 2 6 2 6 0 3 0 2 3 0 5 6 2 5 5 3 5 3 2 5 6 0 2 5 6 6 0 0 2 2 6 2 2 5 0 0 6 3 3 0 0 6 2 6 2 0 3 6 6 6 5 0 0 6 0 2 5 3 5 6
4 6 2 2 2 3 6 2 5 3 6 0 5 3 0 3 5 3 3 5 6 3 2 5 3 0 2 3 3 0 6 0 3 5 6 5 2 2 5 5 6 6 2 5 0 2 3 5 2 5 5 3 2 5 5 2 3 2 3 3 3 3 6 2 2 5 0 5 0 0 3
4 3 0 5 2 2 2 3 5 5 5 2 0 3 3 2 2 0 0 5 0 6 2 3 5 6 3 5 0 3 0 6 3 0 2 6 5 6 2 0 3 0 0 2 6 5 6 0 5 5 5 3 0 0 5 2 6 5 6 2 3 6 3 0 5 5 2 5 3 0 6
4 0 2 5 5 5 0 5 3 3 5 5 0 0 3 2 2 3 5 5 0 2 2 2 3 3 3 6 0 3 6 6 3 2 0 5 2 5 0 5 6 3 3 2 2 6 5 0 5 6 3 3 3 2 3 6 0 0 0 3 5 0 5 2 2 0 0 0 0 6 0
4 2 3 2 0 2 6 6 5 3 6 2 2 0 0 2 3 0 6 5 2 2 2 5 0 2 6 5 6 3 5 5 3 6 3 6 0 6 5 2 3 6 2 5 3 5 3 2 0 5 2 2 0 5 2 3 2 3 6 3 5 2 2 3 2 3 2 3 3 3 3
4 6 0 5 6 6 3 6 2 6 5 5 2 2 0 0 2 0 5 2 5 3 5 2 6 3 5 3 6 5 3 2 2 0 6 5 3 3 5 6 5 6 5 6 6 0 3 2 0 0 6 2 5 5 6 6 2 5 5 3 5 2 5 3 0 6 2 2 5 6 5
4 0 0 5 5 3 0 3 0 3 0 3 0 0 0 0 0 2 5 2 3 2 2 2 6 5 6 5 0 3 6 2 2 0 5 6 5 5 0 3 2 0 6 5 0 0 6 6 3 6 3 6 5 5 0 3 5 5 3 6 5 2 3 6 3 6 6 0 0 6 0
4 0 3 0 3 5 2 6 0 0 2 3 5 5 3 5 0 0 3 5 6 5 5 6 3 6 6 2 6 0 0 5 2 3 0 5 0 6 3 2 3 0 5 0 0 0 5 3 2 2 3 6 2 0 3 3 0 3 6 2 0 3 2 2 5 5 5 0 3 2 3
4 2 2 6 3 3 0 2 0 2 5 2 6 2 5 2 6 0 0 0 5 3 6 6 5 6 5 2 6 3 2 6 2 3 5 2 0 3 2 0 2 6 3 2 2 5 3 5 2 5 2 2 2 2 5 2 3 0 5 0 3 2 0 0 0 0 5 5 2 0 3
4 3 2 3 3 3 5 2 2 5 0 5 2 0 0 5 5 2 2 0 0 5 0 2 2 2 6 3 3 2 3 0 2 5 3 5 2 5 0 6 5 5 2 3 5 5 2 0 0 6 5 6 3 3 3 2 0 5 0 6 3 0 3 6 5 0 5 5 0 0 2
4 2 6 5 5 5 6 5 5 0 3 6 0 2 3 3 2 5 5 3 0 3 2 3 0 3 2 5 6 5 0 3 0 2 6 3 2 2 0 6 3 5 0 6 3 2 2 5 3 3 2 3 0 6 6 2 3 2 3 5 3 2 0 5 0 6 0 2 2 0 0
4 0 6 0 6 2 5 0 0 2 0 5 3 3 5 2 0 3 3 0 3 0 2 5 6 6 0 6 0 2 3 2 5 0 0 6 2 3 3 0 2 3 3 3 0 3 0 3 6 6 5 2 0 3 6 5 5 5 5 5 3 0 5 5 3 6 5 0 6 2 2
4 3 0 6 5 0 6 0 3 0 3 3 2 5 3 0 0 6 2 0 2 6 0 5 3 2 3 5 0 0 3 3 2 3 0 0 6 2 6 6 3 2 0 0 5 3 2 5 3 0 3 0 5 2 3 3 6 0 0 2 6 0 5 5 5 5 0 5 5 6 6
4 2 2 3 2 2 0 5 0 3 5 3 6 6 0 3 5 6 3 5 3 5 2 0 0 0 6 5 2 3 0 2 5 0 2 3 3 5 0 5 2 0 0 2 3 6 2 6 5 5 5 6 3 3 5 5 0 5 6 0 6 0 2 6 6 0 5 0 3 2 2
4 0 5 0 2 6 0 5 2 0 3 5 3 5 5 0 3 6 3 5 5 2 6 6 0 0 6 0 6 5 0 5 3 2 6 0 3 6 6 6 3 0 5 0 0 3 3 2 5 6 5 3 6 5 5 6 3 2 5 5 0 2 5 5 3 5 2 3 3 3 3
4 0 0 5 0 2 6 2 5 0 2 6 3 0 5 2 2 2 2 6 6 5 5 5 3 0 0 0 6 2 5 0 0 0 3 0 0 2 6 5 0 5 0 2 0 5 2 6 5 6 2 2 6 0 5 6 5 3 6 0 5 6 3 5 3 2 3 5 2 3 3
4 3 6 0 3 5 2 0 2 3 0 5 3 6 3 3 5 2 2 0 2 5 5 0 2 0 0 6 3 6 2 3 5 6 0 2 3 0 5 3 3 3 6 5 3 6 2 0 2 0 3 6 3 6 2 6 3 3 3 5 3 0 6 2 6 0 6 3 2 6 5
4 5 0 2 5 3 3 6 0 0 2 0 2 2 2 6 0 2 2 6 5 0 2 3 6 6 5 0 0 3 0 3 0 2 2 2 2 3 0 0 3 6 5 3 3 0 3 2 0 3 5 3 5 2 3 5 5 3 3 2 2 0 5 6 0 0 6 0 3 2 3
4 5 2 5 3 6 3 5 3 2 0 3 0 0 3 2 0 5 3 3 5 3 2 0 2 6 3 2 0 6 6 6 6 0 2 2 5 5 3 3 5 6 6 6 5 6 5 0 2 0 3 6 0 6 3 6 5 3 6 6 5 2 2 6 6 0 0 6 6 3 2
4 3 0 6 5 0 0 0 2 5 0 6 2 5 5 6 0 2 3 3 5 5 3 0 6 5 0 2 0 0 3 0 6 3 3 6 0 5 0 0 3 6 6 0 2 5 3 5 3 2 0 0 5 0 5 5 0 5 3 2 3 0 3 5 2 3 2 5 2 5 5
4 2 6 5 5 5 3 5 0 3 5 5 3 5 6 2 2 3 6 6 6 2 5 0 6 3 5 3 0 0 0 0 2 5 3 5 5 2 3 6 5 2 2 5 0 0 3 5 3 2 3 0 6 5 2 3 3 3 0 0 2 0 6 0 6 0 0 5 0 3 6
4 5 3 2 5 2 0 6 3 5 2 6 6 3 5 5 5 3 0 0 6 2 3 3 2 3 0 3 3 2 5 0 0 2 0 2 6 3 2 0 5 5 3 2 3 3 5 3 3 3 3 2 5 6 5 6 5 2 2 6 2 0 5 5 3 5 0 6 6 0 2
4 0 0 0 0 6 6 6 6 2 6 5 5 3 3 0 2 5 5 2 5 0 3 0 0 3 0 5 6 0 3 2 0 5 0 6 5 0 0 2 5 5 6 0 2 5 5 3 3 5 2 5 6 0 6 0 2 3 5 5 6 5 0 6 5 6 0 3 3 2 3
4 3 2 2 6 5 0 2 2 2 2 2 3 3 0 6 2 6 3 6 5 3 5 0 2 0 3 5 2 3 0 5 0 0 0 5 3 0 2 0 2 3 6 3 0 5 2 2 2 5 3 2 3 3 0 2 3 6 5 2 2 2 3 5 6 5 6 6 2 2 3
4 6 5 5 6 3 5 3 3 2 2 3 5 6 3 0 0 6 3 5 2 2 0 0 3 5 3 2 6 3 0 5 5 6 0 5 3 3 2 2 3 2 0 3 0 5 3 5 0 3 3 0 5 6 2 2 5 6 5 3 3 6 6 3 2 0 0 6 6 6 5
4 5 5 0 2 6 0 3 3 0 6 0 3 0 2 0 0 6 6 2 5 2 3 0 5 3 0 6 3 0 2 6 6 6 2 0 0 0 2 3 6 5 3 2 0 5 5 5 6 0 5 3 6 5 2 6 0 3 5 6 3 5 2 5 3 3 2 2 0 2 2
4 6 0 6 3 3 0 3 6 6 0 3 6 6 0 2 6 0 3 3 2 5 0 5 5 5 5 3 3 6 2 3 2 3 0 6 0 2 5 3 2 3 0 3 5 3 3 2 0 2 6 2 6 2 2 3 3 2 5 0 3 5 0 3 0 5 5 6 6 2 5
4 2 5 0 5 3 3 3 3 6 0 6 0 0 6 3 6 3 6 2 0 5 3 2 3 0 5 3 5 6 6 0 0 5 3 6 2 0 2 2 3 5 6 0 6 6 5 2 0 0 0 3 0 6 0 0 2 3 5 6 0 3 2 5 0 5 0 6 3 0 5
4 5 6 3 0 6 2 5 6 3 6 5 2 6 5 0 5 5 3 6 5 3 0 2 6 0 2 6 3 5 3 0 5 5 2 5 5 5 0 5 0 2 3 2 2 3 2 0 5 3 2 0 0 6 2 5 3 2 5 0 5 3 2 5 6 6 3 6 0 6 0
4 6 2 0 2 2 2 3 3 6 5 5 3 3 5 6 2 2 3 0 2 0 0 6 5 0 3 2 6 6 3 3 5 6 0 6 2 2 6 0 0 6 5 3 3 5 3 3 0 0 0 3 2 5 3 5 0 0 2 5 6 5 2 0 5 3 6 2 6 0 3
4 0 6 2 2 6 6 5 0 0 0 0 2 3 6 2 5 2 0 6 0 5 5 0 0 6 5 0 5 0 6 2 3 0 2 0 5 6 5 6 0 5 2 5 6 6 6 5 5 0 5 2 2 6 2 0 0 0 6 5 5 5 0 6 0 3 2 2 2 6 0
4 0 0 3 3 5 2 3 0 2 3 3 5 3 6 2 0 5 3 3 5 5 2 2 3 3 3 6 3 3 3 3 2 6 3 5 2 0 0 3 5 0 5 0 3 0 3 0 5 0 3 0 2 5 6 5 3 2 3 2 0 5 3 2 6 3 0 6 5 5 2
4 3 3 2 0 2 5 6 0 0 0 3 6 2 2 3 0 6 3 0 2 2 3 5 2 5 3 2 0 5 2 0 5 2 2 3 0 0 3 3 2 5 0 2 6 3 0 5 6 6 0 6 6 6 6 6 3 2 0 3 2 3 6 5 0 2 0 3 3 5 0
4 3 5 0 3 6 2 2 6 3 6 3 5 0 3 2 0 6 0 3 0 3 2 3 0 5 6 6 3 0 2 0 3 3 2 5 5 2 0 3 0 0 5 0 3 2 3 2 6 6 3 0 3 0 3 6 6 5 5 3 5 3 5 3 2 3 5 5 2 0 0
4 3 2 5 6 6 6 5 6 6 3 3 6 3 6 6 5 2 0 3 6 0 5 5 5 5 5 0 0 2 3 2 5 0 3 5 5 2 2 5 5 5 2 3 0 6 6 5 2 5 5 3 6 2 2 5 3 3 6 6 6 6 3 2 5 6 0 0 5 2 2
4 2 5 0 3 5 2 6 5 2 5 3 5 2 0 5 0 6 2 5 5 6 0 3 0 3 6 2 6 5 6 0 0 2 5 5 5 2 0 0 6 0 5 6 5 0 3 5 0 0 5 0 3 0 0 3 5 2 0 6 6 6 0 2 0 5 2 3 6 5 3
4 5 3 2 2 2 0 0 6 3 3 5 0 6 0 0 5 6 2 6 0 0 2 0 0 3 0 0 6 6 0 5 2 3 3 2 3 3 3 6 3 2 5 3 5 3 0 2 3 6 0 3 0 3 6 5 0 2 3 2 6 3 5 2 3 0 3 3 3 5 2
4 3 5 2 6 5 2 2 5 5 3 6 2 3 5 3 3 2 0 6 3 5 3 5 6 2 3 0 0 3 3 6 5 3 5 0 2 0 5 3 0 3 5 5 2 5 3 0 6 0 5 0 2 0 0 5 3 2 0 3 5 2 2 2 2 0 6 2 5 6 0
4 5 3 3 3 0 0 5 5 0 5 5 0 2 0 2 3 5 3 0 3 5 6 0 6 3 5 0 2 6 6 0 2 5 3 0 6 2 2 5 5 5 0 2 5 5 3 3 0 0 3 0 3 6 2 3 6 2 5 2 5 5 5 3 5 2 0 3 2 3 2
4 2 6 6 3 0 5 2 5 6 6 0 2 5 2 3 2 0 5 6 5 2 3 5 5 2 5 6 2 6 0 5 6 0 3 5 2 2 3 2 0 0 3 2 0 2 3 0 6 0 3 3 0 2 3 3 0 0 0 2 3 5 2 0 2 5 0 3 6 2 5
4 6 0 2 6 0 0 5 2 5 2 6 5 3 0 2 5 3 6 3 2 0 3 5 0 6 2 2 5 2 5 6 5 6 0 0 2 0 6 6 6 5 3 2 3 3 6 0 2 6 0 3 6 5 6 6 3 6 5 3 5 3 2 0 5 5 3 0 6 2 0
4 0 6 0 3 3 2 3 5 2 3 0 6 3 5 0 5 2 5 5 0 2 2 5 2 0 3 2 2 2 2 3 5 3 5 0 3 3 0 5 0 5 3 2 2 5 3 2 3 2 2 0 3 2 3 3 6 2 5 3 2 3 0 6 6 3 0 0 5 2 2
4 6 3 6 0 0 2 5 2 3 3 6 6 3 2 2 3 5 5 2 0 5 5 0 6 0 3 2 0 5 5 3 0 0 6 3 5 3 2 0 5 5 5 3 6 6 2 6 2 5 0 3 0 0 5 3 0 0 3 3 3 2 3 3 2 6 3 2 0 6 5
4 2 2 0 0 3 6 2 3 3 5 3 3 6 6 2 2 6 5 0 5 5 2 3 2 2 2 3 2 5 5 6 5 0 0 3 5 5 0 5 3 6 6 6 2 2 3 3 3 5 5 2 2 0 3 3 2 0 5 6 6 3 0 0 2 2 0 6 2 5 2
4 5 0 0 5 3 3 5 3 5 6 0 3 2 2 3 6 0 5 6 5 6 6 5 6 2 2 5 3 6 2 2 3 0 5 3 5 6 0 0 3 5 3 0 2 2 2 6 0 0 5 6 0 5 0 6 3 5 2 5 0 2 3 5 6 2 2 6 5 2 0
4 6 3 0 3 6 3 5 5 5 2 5 5 2 3 3 0 5 0 0 2 2 3 5 3 2 0 5 5 3 6 5 6 5 3 3 3 6 2 6 5 2 5 5 5 3 2 3 0 5 6 2 2 3 6 0 3 2 0 6 6 5 0 3 2 2 0 5 2 2 2
4 0 0 2 2 5 6 0 2 5 3 6 5 3 2 3 3 2 3 3 0 5 0 3 3 6 5 3 6 6 5 5 0 3 2 3 5 6 2 3 0 6 3 6 3 2 3 6 6 3 2 5 6 6 6 5 0 5 3 0 0 0 5 5 2 3 3 5 2 2 0
4 0 3 5 0 0 5 3 2 0 3 2 2 5 5 3 5 0 0 5 3 2 5 0 2 5 5 6 3 2 3 2 5 5 2 3 5 0 3 0 3 5 2 5 3 5 2 6 5 0 5 3 3 5 5 5 3 0 3 6 3 6 0 6 6 0 2 0 2 6 3
4 0 2 5 6 2 5 2 6 0 3 2 3 3 3 5 3 3 5 2 2 5 6 6 6 3 2 0 5 2 3 0 2 0 2 3 3 6 5 5 3 3 6 2 3 5 0 6 6 3 5 5 5 2 0 5 6 0 0 2 6 5 0 5 3 6 2 2 5 0 0
4 3 3 3 0 6 2 3 0 3 2 0 0 6 5 5 6 3 6 5 6 6 3 3 3 0 5 5 0 3 0 6 3 3 3 0 5 5 5 5 5 0 5 2 0 3 6 0 3 0 3 5 5 3 3 0 2 5 5 0 5 3 0 5 6 0 6 5 2 0 2
4 5 3 6 5 3 3 0 5 3 5 5 2 3 2 0 0 2 3 5 2 6 3 3 2 3 5 6 3 2 5 5 0 2 5 0 3 0 5 5 5 6 0 3 0 2 2 5 6 0 0 5 2 5 0 2 0 0 5 2 0 2 2 2 2 5 5 5 2 6 0
4 0 5 5 3 2 5 2 3 3 6 0 0 6 2 5 5 6 6 6 2 3 5 5 6 2 2 6 5 5 0 2 3 6 2 2 6 0 6 5 0 2 3 3 3 0 2 6 5 2 6 3 3 5 5 6 2 2 5 2 3 0 6 3 0 3 6 0 6 3 0
4 0 6 5 6 0 2 5 2 2 0 2 5 2 3 6 5 6 0 2 3 2 2 0 3 3 5 5 3 2 3 5 0 3 0 5 2 5 6 2 2 5 6 2 5 6 0 2 6 5 2 0 3 3 3 2 5 3 6 3 5 2 0 0 0 6 5 3 5 2 2
4 5 3 6 6 2 3 5 3 0 3 5 3 6 6 5 0 2 6 6 2 3 5 3 5 0 6 2 3 0 2 6 3 6 3 6 3 2 6 3 2 2 3 3 5 6 2 0 0 5 3 2 3 5 3 0 6 5 0 5 0 2 5 0 0 0 3 6 5 2 2
4 2 5 2 0 0 2 3 6 3 0 0 0 3 5 2 2 3 0 5 5 2 2 2 2 3 6 0 0 2 5 6 2 6 3 2 3 3 0 0 5 0 0 0 6 0 0 0 2 6 3 5 6 2 2 3 0 3 3 3 2 0 3 5 0 2 2 2 0 2 2
4 2 0 3 2 6 5 2 3 3 0 3 3 3 2 2 2 5 2 3 2 0 3 2 3 5 0 5 5 2 3 5 2 2 6 0 0 6 0 2 2 5 2 6 5 6 2 3 6 2 0 3 0 6 3 2 3 2 0 6 3 2 0 0 5 0 0 5 0 2 5
4 0 5 2 2 0 5 6 3 6 5 5 2 3 5 2 0 3 5 6 5 3 5 5 2 3 6 0 0 2 2 2 3 5 3 5 2 6 3 2 0 3 5 3 2 3 3 6 3 3 3 5 3 6 3 2 5 5 5 5 0 5 5 5 0 3 0 3 5 2 2
4 0 6 0 5 5 2 3 5 3 3 5 6 2 5 3 5 6 0 0 2 0 0 2 6 3 0 2 3 3 6 3 0 2 2 0 2 5 0 6 5 0 3 5 5 0 5 5 6 5 3 2 6 2 3 2 6 6 0 0 0 3 6 2 0 5 0 0 5 3 5
4 3 2 0 5 5 5 6 5 6 5 0 6 3 5 3 3 0 0 5 0 6 3 2 6 6 0 3 5 6 3 0 3 2 0 3 0 2 2 2 2 3 5 3 5 5 3 5 0 3 2 5 3 6 2 2 2 5 3 2 3 5 2 0 5 6 0 6 0 3 5
4 2 6 5 3 0 6 3 2 6 5 2 3 3 6 6 2 5 3 5 0 5 5 2 3 6 0 6 2 3 3 5 5 3 3 6 6 5 5 5 2 3 0 3 5 0 2 0 3 3 0 3 6 0 0 6 2 5 5 2 2 0 2 5 3 6 2 6 5 0 5
4 3 5 5 3 2 5 3 5 2 3 6 3 5 2 0 5 0 3 0 6 5 5 6 0 3 6 5 5 6 5 0 5 0 0 2 6 5 5 5 5 3 2 3 2 6 5 2 5 3 3 5 0 2 0 6 0 6 2 6 0 3 3 2 0 5 5 3 2 3 0
<end>