<number of tasks>
70
<number of stations>
14
<type of the robots>
4
<limit of the robots>
1 3.21
2 3.75
3 6.98
4 8.54
<task times>
1 190 83 110 71
2 252 147 100 60
3 149 85 67 101
4 115 67 73 68
5 190 147 129 97
6 180 144 49 43
7 174 168 109 89
8 199 245 97 54
9 370 96 67 62
10 202 251 74 102
11 358 80 87 44
12 174 67 54 28
13 137 163 46 73
14 345 123 92 66
15 202 77 115 64
16 236 173 74 49
17 249 277 90 53
18 212 139 66 26
19 296 136 53 34
20 221 144 73 47
21 261 219 53 41
22 367 88 83 67
23 115 112 90 29
24 165 69 59 28
25 146 216 72 37
26 177 120 113 116
27 159 179 72 48
28 355 101 77 44
29 149 91 46 35
30 121 88 57 30
31 274 88 122 90
32 202 205 92 87
33 265 133 85 88
34 215 93 66 32
35 224 280 106 63
36 149 96 63 46
37 215 75 127 33
38 115 75 82 35
39 236 131 57 49
40 184 85 42 33
41 202 112 64 83
42 243 93 120 83
43 177 171 42 55
44 184 61 44 43
45 140 197 63 85
46 215 173 162 115
47 131 67 80 29
48 240 139 79 105
49 205 101 49 57
50 230 80 109 42
51 174 248 102 77
52 246 107 80 46
53 159 205 74 62
54 233 69 50 53
55 190 136 103 103
56 137 128 106 34
57 454 181 66 47
58 240 168 64 48
59 249 125 62 64
60 174 96 53 66
61 96 75 44 34
62 196 123 89 73
63 336 163 66 63
64 184 176 76 76
65 187 104 85 70
66 296 149 105 53
67 246 147 140 47
68 152 133 77 47
69 265 147 156 103
70 212 144 103 29
<precedence relations>
1,2
1,41
1,69
1,70
2,3
3,4
3,68
4,6
4,7
5,6
5,24
5,30
6,8
7,8
8,12
9,10
10,11
11,12
12,13
12,14
13,23
14,23
15,16
16,17
16,18
17,19
18,19
19,20
19,22
19,57
20,21
21,23
22,23
23,25
23,31
23,33
24,25
25,26
25,27
25,28
25,29
26,35
27,35
28,35
29,35
30,31
31,32
32,35
33,34
34,35
35,36
35,44
35,48
35,51
35,53
35,56
35,60
35,61
35,62
36,37
37,38
38,39
39,40
40,42
41,42
42,43
43,50
44,45
45,46
46,47
47,50
48,49
49,50
51,52
52,54
53,54
54,55
57,58
58,59
59,60
61,65
62,63
63,64
64,65
64,66
64,67
<setup time between tasks by robots>
1 0 16 16 9 12 3 3 6 9 22 6 16 16 3 12 6 0 9 16 6 3 22 0 3 12 19 3 0 22 16 19 16 12 19 9 6 12 3 6 0 0 19 12 9 3 3 0 6 19 3 3 6 22 12 19 12 9 19 0 6 19 3 6 0 16 12 0 19 9 19
1 16 0 19 19 0 0 3 9 6 0 6 3 22 3 19 22 16 6 16 16 16 3 16 19 3 16 0 6 6 3 0 9 9 3 6 6 9 12 0 19 9 6 12 16 3 22 16 0 6 0 19 0 0 12 3 3 12 19 22 6 12 22 3 16 0 16 9 22 19 9
1 19 9 0 0 22 19 19 19 12 0 6 3 16 9 16 9 19 3 9 3 16 3 16 12 6 3 3 6 6 0 0 3 12 3 12 16 6 0 3 9 6 19 19 19 9 6 3 0 19 12 22 16 12 16 0 3 6 16 19 12 0 12 0 3 9 3 9 22 6 6
1 22 12 16 0 16 12 22 0 12 19 6 19 16 19 3 6 16 9 0 22 6 12 19 6 0 16 22 19 3 22 9 0 3 19 0 22 6 12 0 9 0 9 12 22 22 3 19 19 12 12 16 0 6 19 19 22 22 6 12 6 9 19 0 19 22 6 6 0 22 22
1 12 3 16 19 0 12 6 3 3 16 16 6 12 19 9 6 3 22 6 6 9 6 6 0 12 3 9 6 16 0 9 6 3 19 0 16 22 19 0 0 22 3 19 3 12 0 9 0 6 12 6 19 12 16 22 19 19 12 6 3 12 12 6 3 9 0 12 12 19 3
1 16 19 22 0 22 0 0 16 19 16 19 9 12 16 0 9 16 22 9 0 19 0 6 16 6 9 12 6 0 22 0 19 19 9 22 6 3 0 22 3 3 6 19 3 3 3 22 22 22 0 0 19 22 6 19 12 6 3 3 0 3 22 19 0 9 6 0 9 12 12
1 19 0 6 16 12 0 0 12 22 3 12 6 19 3 3 12 12 12 0 6 12 9 6 0 6 9 19 3 19 22 19 12 19 6 6 6 0 12 6 12 19 19 22 0 9 19 16 19 6 16 6 19 22 9 12 9 9 12 3 6 6 12 16 16 9 0 9 16 6 6
1 22 16 12 12 6 9 12 0 22 3 3 3 19 22 3 16 0 0 19 19 12 0 6 22 12 19 9 16 0 6 16 19 19 6 0 3 22 3 6 0 0 12 12 3 6 16 12 19 12 3 9 16 9 9 22 19 12 9 0 6 22 16 3 16 0 6 12 16 12 0
1 12 6 9 16 6 6 3 0 0 22 9 6 22 22 19 22 9 12 19 19 19 12 16 16 6 16 16 0 16 0 3 3 6 19 22 0 0 12 19 3 19 6 22 19 3 9 16 12 12 19 6 3 0 3 6 0 3 0 6 6 9 6 12 19 19 12 9 12 9 3
1 3 12 3 9 16 16 3 12 19 0 0 0 16 16 22 9 9 0 9 6 9 19 9 19 12 3 3 0 9 3 12 16 6 3 16 6 19 6 12 19 6 12 19 12 12 6 22 9 6 16 0 9 22 9 6 22 22 22 12 0 9 0 6 16 22 3 16 3 16 6
1 9 3 9 19 0 9 6 16 9 0 0 16 12 22 6 0 9 9 9 3 12 16 9 16 0 12 12 16 19 3 16 9 9 9 6 19 3 0 16 22 16 0 9 22 9 12 0 16 6 3 0 3 9 22 6 19 16 6 0 9 6 12 12 3 3 12 16 22 16 3
1 6 22 16 0 9 3 12 12 16 9 9 0 0 0 9 16 6 3 3 19 19 16 9 16 22 16 3 9 6 6 12 19 0 12 0 22 3 22 16 19 0 3 16 9 22 9 9 6 6 16 3 19 6 16 9 9 16 12 22 0 19 0 16 3 19 9 6 0 9 12
1 9 9 12 19 6 6 16 9 19 6 0 16 0 16 9 16 6 16 0 12 16 16 6 3 16 9 12 22 0 0 9 19 6 19 16 12 6 6 19 9 19 22 16 16 6 9 0 3 0 0 3 6 9 12 19 12 0 19 19 12 22 22 16 12 12 6 9 19 19 0
1 6 0 12 16 9 16 19 3 6 12 3 22 3 0 16 3 19 19 6 6 12 22 6 12 16 19 16 22 16 3 12 3 3 16 3 0 16 12 19 0 0 16 3 9 0 12 16 16 6 0 16 6 6 22 3 9 16 12 0 12 3 3 12 16 0 9 12 16 0 9
1 19 3 16 22 0 12 6 19 12 9 16 16 16 16 0 6 0 9 3 22 12 16 0 12 19 22 0 9 19 12 0 19 0 22 12 16 16 16 6 12 3 9 0 19 12 9 3 6 19 0 12 22 3 16 16 6 12 0 3 12 16 0 12 3 0 16 19 12 16 19
1 0 0 9 19 0 6 0 6 0 6 12 3 3 12 3 0 12 3 16 12 19 16 16 16 16 22 0 3 16 3 3 22 12 0 16 12 19 0 9 22 6 12 3 22 16 0 6 16 16 12 6 0 22 6 19 16 6 19 19 0 19 9 0 6 0 22 3 0 6 19
1 12 6 19 6 6 6 19 16 3 6 16 9 19 22 19 12 0 9 0 9 16 22 12 12 16 12 16 9 9 16 12 6 9 9 16 19 22 6 12 6 12 3 3 16 6 3 12 6 0 3 6 0 6 22 12 16 22 9 22 3 16 16 6 6 12 12 0 16 12 12
1 3 12 9 6 6 12 0 12 6 19 16 0 9 16 16 0 19 0 6 6 16 12 16 22 3 19 9 16 6 3 9 6 9 12 9 16 6 6 19 3 22 9 0 6 12 0 9 0 16 3 3 12 3 9 3 3 3 16 3 16 19 19 16 16 6 3 12 16 3 12
1 0 0 22 3 22 0 6 9 6 16 6 3 3 16 19 19 19 0 0 16 12 9 9 22 22 0 22 12 0 6 6 12 12 9 9 19 12 3 0 19 19 9 16 6 3 19 12 16 19 6 9 6 3 0 22 3 19 22 3 6 19 3 12 0 6 9 19 6 0 3
1 19 0 9 3 22 0 9 9 9 16 22 9 3 22 12 0 3 22 9 0 19 22 6 16 19 9 16 19 0 12 22 12 3 22 6 19 9 9 0 16 6 22 3 16 3 16 9 6 9 22 19 6 0 0 6 9 16 9 6 0 22 22 6 3 16 3 3 6 0 19
1 0 16 9 19 3 12 12 0 0 12 9 19 19 6 0 6 0 6 19 16 0 19 3 6 22 22 16 9 9 3 16 12 3 16 0 16 19 6 16 22 16 12 12 16 12 9 3 19 0 19 22 3 0 12 6 16 19 19 12 0 3 6 19 19 6 22 19 19 3 22
1 0 6 16 9 12 0 6 19 16 0 0 3 12 9 19 0 0 9 22 12 3 0 9 0 12 19 0 0 16 3 6 3 3 6 6 12 12 16 12 16 9 16 16 19 0 19 19 6 9 12 3 16 9 9 16 3 12 12 3 0 0 9 22 6 22 3 19 12 16 0
1 3 6 3 3 19 22 6 22 19 0 12 6 16 16 22 3 6 9 9 0 19 6 0 12 3 9 3 6 9 9 16 12 0 16 0 9 16 22 9 12 22 0 12 19 9 6 3 16 6 3 19 6 0 22 6 19 0 6 3 16 22 6 19 3 6 16 19 22 12 9
1 22 19 19 9 3 16 16 12 19 12 3 12 9 9 9 12 6 3 19 6 19 19 6 0 0 9 12 19 3 3 16 9 12 3 9 22 9 19 22 3 12 9 12 6 0 3 12 6 9 19 12 9 22 22 6 16 22 12 16 9 22 16 12 12 12 12 3 16 16 12
1 9 19 6 16 16 16 9 22 16 6 9 22 22 3 12 6 19 3 22 22 6 9 12 16 0 9 0 19 6 0 6 19 6 3 9 6 0 16 3 12 16 16 16 6 19 22 22 3 12 6 16 19 22 3 0 19 16 12 12 3 9 0 16 3 12 9 0 12 16 19
1 16 22 3 19 16 0 0 3 9 6 16 19 6 0 19 0 0 16 6 16 6 3 22 6 16 0 6 12 6 6 19 3 0 9 16 9 3 0 0 9 9 22 0 16 9 16 12 16 16 0 22 12 6 19 6 6 0 12 12 0 9 12 12 19 16 16 6 12 16 22
1 9 16 0 12 12 3 16 12 3 6 22 3 12 6 0 9 6 16 0 3 19 0 19 16 22 0 0 16 0 16 3 9 16 19 12 9 0 12 0 22 22 19 16 6 22 3 16 0 9 9 3 3 0 6 3 12 9 12 9 0 9 0 19 9 0 12 12 12 0 16
1 0 16 22 6 22 19 9 6 12 3 16 9 9 3 12 16 22 3 3 9 16 6 0 16 16 9 19 0 9 0 6 16 9 22 0 3 19 12 6 6 12 12 22 6 0 6 9 12 22 6 16 0 16 9 19 12 6 22 3 9 6 19 3 16 19 19 3 19 19 12
1 22 9 12 0 0 12 12 0 16 19 19 0 9 9 22 9 12 9 3 3 0 22 22 9 22 16 6 9 0 16 6 12 19 12 19 16 22 6 22 3 16 22 0 19 3 16 0 16 22 3 19 9 6 9 6 9 6 0 22 3 16 6 19 19 22 3 6 0 0 12
1 3 12 16 9 9 3 6 3 19 16 19 19 3 16 3 12 22 12 16 6 22 6 9 12 16 12 6 12 16 0 22 9 0 3 0 22 12 9 19 16 6 0 3 19 6 16 0 0 3 3 22 12 16 12 6 0 3 9 0 0 9 3 0 6 0 16 6 9 9 6
1 3 6 19 0 19 3 9 22 22 3 19 19 22 3 3 19 12 0 19 0 16 6 12 6 0 12 9 19 3 12 0 9 0 19 0 19 0 6 19 0 22 12 3 9 3 9 12 22 22 12 16 3 6 3 12 3 0 0 0 6 19 22 16 19 3 9 0 19 22 12
1 12 0 6 22 12 12 22 22 0 9 22 6 16 6 9 9 22 3 6 6 6 19 6 6 19 0 16 19 3 22 16 0 0 12 9 6 12 12 19 3 12 22 9 6 19 6 16 22 6 3 12 9 6 12 12 6 3 16 0 9 19 16 3 3 6 0 16 6 0 6
1 3 6 3 12 16 16 3 19 12 12 16 9 9 6 19 9 12 19 16 3 12 16 22 0 12 0 19 12 6 22 16 0 0 0 12 19 6 19 9 22 6 19 19 6 6 0 12 19 12 22 12 0 3 12 12 12 9 3 6 12 3 19 16 6 9 0 3 3 12 16
1 22 0 6 16 3 6 6 12 6 3 6 19 9 16 3 22 3 0 22 0 9 12 22 16 19 6 22 22 6 0 19 16 16 0 3 22 22 6 19 0 22 6 9 12 16 6 6 12 9 16 12 19 22 16 16 9 19 0 16 16 0 3 3 19 6 12 6 6 19 0
1 19 0 22 3 0 0 16 12 9 19 16 9 9 12 3 16 19 6 3 12 19 12 12 0 19 3 22 16 22 6 0 22 16 12 0 3 6 19 3 6 6 19 3 19 16 19 9 6 16 16 6 16 12 6 16 22 3 16 12 12 9 6 16 0 0 3 16 16 0 6
1 19 3 22 16 19 19 6 3 6 9 12 12 3 19 16 0 3 0 16 19 19 0 22 0 16 9 19 16 12 12 12 19 9 3 9 0 19 19 19 6 12 3 22 19 16 19 9 19 16 16 0 12 19 9 19 9 3 3 19 19 19 9 12 12 22 12 12 0 3 6
1 0 22 16 0 9 6 3 22 3 6 9 9 19 19 19 16 6 22 9 16 19 0 3 0 12 19 19 16 9 6 22 19 3 19 16 6 0 3 6 9 22 16 0 9 9 9 0 9 3 6 19 19 0 16 6 19 12 12 3 3 16 0 6 3 12 12 9 19 9 16
1 3 9 0 9 3 22 16 22 19 12 12 9 19 9 6 3 0 6 19 19 6 9 3 12 0 16 19 6 0 12 0 0 22 3 6 3 6 0 19 16 22 12 3 0 6 3 12 16 19 0 19 19 3 0 9 0 9 3 22 22 3 19 16 12 12 22 19 22 12 6
1 6 12 6 3 6 22 0 19 16 12 6 3 6 12 16 16 0 9 9 6 12 16 12 16 9 0 19 3 0 22 0 22 3 16 9 16 22 19 0 12 9 19 3 19 22 12 9 19 6 6 3 19 0 19 19 0 22 19 0 3 3 22 12 16 16 6 19 3 22 12
1 0 19 3 12 3 9 6 12 22 0 19 16 3 22 0 0 19 3 3 19 0 3 16 19 22 9 12 6 12 16 16 16 19 22 12 6 12 12 12 0 22 3 6 12 3 6 9 9 3 6 16 0 6 12 22 12 9 22 3 9 0 9 0 19 0 6 19 6 9 9
1 6 16 9 0 3 19 12 6 22 0 9 12 6 6 9 3 12 16 19 6 0 19 16 9 9 9 6 16 16 6 3 16 19 9 19 0 12 16 12 12 0 6 6 3 6 12 3 16 0 16 16 9 0 6 12 12 0 0 16 6 19 16 0 16 19 19 19 9 9 16
1 3 0 6 0 19 12 9 9 3 12 0 16 16 19 22 16 6 19 3 19 3 16 16 9 6 0 19 22 3 3 9 6 6 0 9 12 22 16 19 0 12 0 9 22 3 0 0 16 22 22 6 16 16 16 6 16 6 19 19 3 0 3 16 9 16 0 0 0 19 3
1 12 19 6 16 16 22 22 3 22 19 16 19 6 6 6 12 16 16 19 9 22 3 16 3 3 12 12 6 19 16 0 9 0 12 22 6 12 12 6 12 22 19 0 16 22 9 3 3 9 6 9 19 16 22 9 22 6 3 16 6 12 3 3 12 6 9 19 3 3 0
1 19 6 9 16 3 6 12 3 9 3 9 12 9 19 16 16 0 0 22 19 19 16 22 3 19 9 3 16 9 16 12 12 0 16 16 9 22 19 16 12 16 6 9 0 22 3 19 19 19 12 19 22 6 0 22 9 12 3 12 6 19 0 9 12 16 16 12 9 6 9
1 22 12 9 3 0 0 22 12 6 9 12 6 0 16 12 0 0 6 16 9 0 19 22 6 12 9 19 16 3 16 22 19 6 16 3 12 9 16 16 16 12 6 19 6 0 19 12 0 3 3 3 16 22 22 9 16 3 6 12 3 3 0 0 12 0 9 12 0 3 16
1 9 9 0 0 6 19 9 0 12 16 22 9 16 6 0 9 22 0 19 9 22 3 19 0 0 19 9 0 19 22 16 3 0 6 3 3 6 16 19 0 3 19 3 6 3 0 6 16 12 16 16 19 3 0 12 3 6 6 9 19 12 16 19 9 6 6 3 16 16 3
1 12 16 22 6 16 19 16 16 0 16 6 0 12 9 9 3 0 0 6 19 16 22 6 9 22 22 19 6 22 16 6 12 3 9 3 6 12 6 19 16 9 16 9 9 16 22 0 3 19 9 3 3 9 3 0 19 0 0 16 0 0 16 19 12 12 12 6 3 16 22
1 19 16 16 6 0 3 22 12 6 6 3 3 0 19 6 19 16 0 19 3 0 19 0 12 9 16 3 3 9 6 22 12 6 16 6 9 19 19 9 3 22 6 19 12 19 0 3 0 16 0 6 3 12 3 9 3 16 3 0 12 3 22 6 0 16 0 16 6 12 16
1 19 6 0 0 16 3 0 6 16 16 3 16 3 6 12 3 3 22 22 6 19 6 12 16 3 3 12 12 6 6 0 16 9 9 16 16 22 9 19 22 22 16 16 3 3 19 9 0 0 16 0 6 12 3 6 12 0 16 6 9 12 9 3 19 3 22 19 12 19 0
1 22 6 16 6 19 6 12 6 6 16 3 3 22 12 22 6 22 6 12 3 16 6 16 9 0 3 3 0 6 3 0 19 12 19 19 9 9 12 22 16 0 0 16 6 3 9 19 9 16 0 0 6 16 19 19 12 0 16 9 6 16 6 0 12 3 3 16 12 12 19
1 12 3 0 9 22 0 19 6 9 22 9 9 12 19 3 0 16 19 0 16 19 0 9 12 12 0 3 12 9 12 22 6 0 9 3 22 19 19 19 9 19 9 0 0 22 3 9 22 19 19 0 3 0 6 0 19 6 19 9 12 19 6 6 6 22 22 0 12 6 19
1 3 9 16 3 9 12 12 3 12 12 12 19 16 9 3 0 3 9 9 0 9 0 19 22 16 22 19 22 6 19 16 0 6 16 19 12 12 6 19 9 16 12 6 6 9 12 9 0 0 3 3 0 9 6 6 3 22 9 9 12 19 19 19 6 22 0 0 6 12 3
1 9 6 22 9 0 16 3 19 6 12 12 3 9 19 6 0 22 22 12 3 19 19 3 16 19 12 12 12 22 0 12 6 6 12 0 19 16 6 3 16 6 22 19 22 6 12 12 0 0 3 19 12 0 6 19 16 9 19 16 0 3 6 3 19 6 12 12 3 16 6
1 22 9 0 9 9 12 0 12 6 0 12 6 9 16 3 3 16 9 19 6 19 6 16 9 12 6 16 3 0 3 12 3 19 0 6 16 12 12 12 16 12 9 16 9 22 3 19 0 6 0 0 3 19 0 6 6 6 12 9 12 16 12 12 19 9 6 9 3 12 3
1 6 6 22 3 12 12 6 6 12 9 0 0 3 22 22 0 0 22 19 6 9 9 16 16 16 9 0 12 12 12 12 3 19 16 3 0 19 19 3 16 3 9 22 12 12 12 12 0 0 12 16 9 16 0 0 16 3 12 6 19 9 22 3 19 22 12 6 19 12 16
1 6 9 12 12 6 12 12 16 9 6 9 19 3 9 19 16 12 0 22 12 6 6 22 22 0 12 22 0 22 16 0 3 12 12 0 6 22 19 6 19 3 16 22 16 0 12 9 9 3 12 0 12 3 22 16 0 0 0 16 6 16 0 3 0 12 3 0 6 3 12
1 16 0 16 22 16 9 9 12 6 6 6 0 9 22 6 6 16 9 3 22 9 3 3 22 16 22 22 0 9 16 16 3 22 12 0 3 6 6 3 9 12 16 12 6 22 22 0 0 12 16 3 9 0 0 3 9 0 16 19 16 19 9 0 22 12 22 12 12 9 6
1 3 16 0 0 16 12 16 12 0 19 6 6 3 6 12 12 19 9 6 16 16 3 12 12 19 12 6 6 12 16 22 6 9 6 16 0 3 3 9 6 3 3 16 3 16 12 9 19 0 16 3 6 3 3 0 12 16 0 9 22 9 6 16 16 16 6 22 12 22 12
1 0 12 16 19 0 19 3 16 19 12 6 22 6 12 16 12 3 6 16 0 0 0 0 3 19 19 0 6 3 6 6 6 6 22 16 6 0 6 12 3 0 16 9 9 12 16 16 6 16 22 19 12 6 0 0 9 19 19 0 0 12 19 16 12 19 19 19 19 9 19
1 9 0 9 19 9 19 6 16 19 6 9 9 16 9 9 9 12 6 19 12 9 19 22 6 0 9 16 19 9 6 0 0 9 22 16 3 12 0 0 12 12 9 9 12 3 0 0 19 19 3 22 0 3 19 19 19 16 19 6 0 9 0 12 16 3 19 22 9 12 6
1 16 19 6 12 9 9 6 9 12 0 22 16 19 9 12 9 16 3 3 19 19 6 19 19 16 0 9 9 9 3 12 16 19 6 16 12 22 0 6 3 6 16 12 19 6 19 6 3 3 0 6 16 22 22 3 12 16 9 12 12 0 9 19 12 3 3 0 22 0 19
1 16 12 19 3 3 22 6 12 0 3 16 3 12 3 3 6 3 19 22 6 9 6 22 0 0 22 3 6 9 3 16 12 22 19 6 22 6 16 0 6 0 16 16 0 0 3 3 19 0 16 19 22 16 12 16 16 0 9 0 12 0 0 12 6 16 22 19 16 9 19
1 12 16 16 22 16 3 12 9 16 16 6 6 19 12 16 0 9 3 3 3 6 19 19 19 0 6 22 16 16 12 12 0 12 22 3 16 0 22 19 6 6 16 9 6 9 9 0 3 6 6 12 16 0 0 6 16 6 0 9 22 16 16 0 0 6 12 22 19 9 12
1 22 16 0 6 16 16 22 19 19 16 19 3 6 22 6 16 19 16 16 9 9 16 9 19 22 0 19 6 0 3 6 6 16 12 16 19 22 22 12 9 12 16 6 3 6 19 6 22 0 16 12 0 9 9 12 3 9 0 0 16 3 9 12 0 12 16 0 19 0 12
1 22 6 19 9 16 3 6 12 19 22 16 6 9 12 16 19 12 9 16 0 9 6 0 22 3 6 12 0 16 16 6 19 12 3 16 19 16 0 12 9 16 9 0 19 0 9 0 0 19 9 9 19 9 16 6 12 9 6 16 6 9 6 12 0 0 3 19 0 6 16
1 12 6 19 0 12 6 3 19 0 6 0 19 0 22 22 9 19 6 19 9 3 9 9 19 0 3 0 3 9 9 0 6 9 16 12 6 6 0 12 19 19 19 0 6 6 6 6 19 19 3 0 22 3 12 3 6 0 6 12 22 12 0 12 3 12 0 9 12 6 0
1 6 9 9 12 6 12 16 16 6 6 22 3 9 3 12 6 0 12 0 16 22 3 0 12 16 12 22 9 9 6 0 0 9 19 3 19 6 3 22 0 19 3 19 16 19 9 12 6 22 19 3 3 0 22 3 16 0 19 16 6 9 16 3 19 19 19 0 6 19 12
1 6 22 12 16 16 12 16 9 9 22 0 9 9 0 22 6 19 0 12 19 6 0 12 6 0 3 9 22 6 16 19 9 22 22 6 0 9 3 9 22 19 0 12 3 22 9 0 9 12 19 9 19 19 9 16 22 12 22 16 19 6 9 0 22 9 3 16 0 19 16
1 0 9 16 22 0 9 12 6 19 22 0 12 9 22 12 22 22 9 16 0 6 16 22 3 9 19 3 22 19 3 6 9 3 0 19 12 16 3 12 0 22 9 12 6 19 9 9 9 0 3 22 6 22 3 6 9 22 22 6 12 19 19 12 12 16 12 9 6 0 3
1 6 0 22 16 12 3 12 9 16 19 19 12 16 16 12 12 9 22 22 22 12 3 3 19 6 6 6 6 6 0 3 12 3 22 3 9 12 0 6 19 9 16 16 16 12 9 3 3 19 16 16 0 0 19 19 0 6 22 19 19 12 16 9 9 0 22 3 19 19 0
2 0 11 13 0 8 11 13 3 3 3 0 0 8 3 13 11 5 13 13 3 0 13 11 8 13 11 5 11 3 5 11 5 5 0 5 13 3 11 5 3 8 11 5 8 3 8 11 8 0 3 11 3 3 5 11 13 8 0 13 8 3 13 13 5 11 13 8 13 11 0
2 13 0 8 13 3 5 0 5 0 3 5 0 0 5 3 11 11 0 5 11 13 5 8 5 13 5 11 11 0 0 0 0 0 3 8 5 3 13 11 5 8 5 5 5 5 3 11 11 0 8 0 8 3 8 8 0 5 3 11 13 5 8 0 5 0 3 8 5 5 0
2 8 11 0 3 5 11 0 5 0 0 5 13 8 0 3 8 3 0 3 13 11 11 0 13 5 3 13 0 13 5 8 8 0 5 8 8 8 13 11 0 8 0 3 0 0 11 5 8 3 5 0 3 0 0 0 8 11 11 0 11 5 3 5 3 5 0 3 3 13 3
2 5 0 13 0 8 13 11 3 11 11 3 0 8 5 0 8 3 11 8 13 8 5 11 13 0 11 8 5 11 0 5 13 3 11 3 11 3 8 8 8 13 3 13 11 3 5 8 11 11 3 8 0 3 8 3 11 13 0 8 11 13 8 5 11 3 0 5 5 8 3
2 11 11 0 3 0 0 11 0 3 13 13 0 13 13 11 5 8 5 8 5 13 3 13 8 8 5 3 5 11 5 0 11 8 11 11 13 0 13 0 3 5 3 8 11 13 8 3 0 5 8 3 13 13 8 5 0 5 5 11 8 3 13 8 0 13 8 13 11 13 8
2 11 5 0 11 5 0 5 13 5 3 8 13 11 5 8 11 8 3 8 13 3 0 0 3 8 3 13 3 3 5 5 13 0 0 8 5 13 11 3 11 11 13 11 5 13 11 8 13 0 3 3 0 0 13 3 0 0 13 11 3 8 11 11 3 0 8 0 5 0 8
2 8 13 0 13 5 11 0 11 5 8 11 13 8 8 0 8 13 5 5 0 13 13 11 3 11 8 13 3 0 11 5 0 13 5 13 3 0 5 0 8 8 5 5 0 8 0 5 3 8 8 5 11 8 8 11 8 5 3 11 11 11 13 3 8 11 8 8 11 8 5
2 3 8 8 8 3 5 11 0 8 5 3 8 13 3 5 13 11 0 8 13 8 5 11 3 8 5 11 13 3 0 8 5 11 5 11 8 8 8 8 0 5 13 3 13 8 13 5 11 13 3 5 11 5 11 11 0 0 11 11 8 0 0 0 13 3 8 13 8 8 5
2 5 13 13 11 11 11 5 0 0 8 3 5 11 11 5 5 0 8 0 5 0 5 8 0 3 11 3 8 11 13 13 13 3 8 8 3 8 8 13 11 0 0 13 11 0 13 8 0 8 0 5 3 0 3 11 3 8 11 8 3 0 11 5 13 8 3 3 13 8 0
2 3 11 5 8 11 0 0 5 0 0 3 5 8 3 3 13 3 0 5 0 5 5 8 0 8 3 5 8 0 11 11 8 3 3 3 8 0 8 8 13 8 8 0 3 3 11 0 0 8 11 5 3 11 11 3 0 0 11 8 0 3 11 5 0 0 0 3 3 5 11
2 0 5 8 13 3 13 11 8 3 8 0 8 5 11 5 0 11 8 5 3 3 5 5 3 8 3 3 11 3 3 8 3 3 11 0 13 5 11 0 11 11 5 3 5 3 0 11 8 0 0 5 13 11 0 0 13 5 8 0 11 5 11 8 5 3 11 8 0 5 8
2 3 3 0 13 11 13 0 5 8 13 5 0 5 0 5 5 13 5 8 5 5 3 11 11 8 11 8 3 5 5 11 11 0 3 8 0 0 0 0 5 0 11 8 0 11 3 0 0 3 3 0 11 13 5 5 11 11 0 5 5 11 11 0 3 3 0 3 3 11 8
2 8 11 11 13 5 11 11 8 3 5 3 0 0 8 5 3 13 8 3 5 8 8 0 11 3 11 0 0 11 8 13 5 11 13 3 0 11 5 0 8 3 11 8 3 8 3 5 11 3 5 0 11 11 8 8 8 0 0 0 0 13 11 3 3 11 13 13 3 3 8
2 0 0 3 5 3 3 11 5 0 8 13 5 3 0 0 8 5 13 5 3 13 8 8 3 8 13 3 0 0 11 8 5 8 5 13 5 8 0 8 0 8 3 0 8 8 3 3 11 0 11 11 5 11 5 8 5 5 11 5 11 11 11 0 3 5 8 11 0 3 8
2 3 5 11 3 11 3 0 8 5 5 13 3 5 8 0 11 0 0 13 8 3 13 5 5 3 5 0 11 8 5 0 8 0 11 5 13 3 0 13 11 0 3 13 13 5 13 0 0 8 11 5 3 0 11 5 0 5 8 3 5 11 11 8 0 5 3 5 8 5 0
2 8 13 3 0 3 5 5 13 3 5 8 5 13 13 0 0 11 5 11 5 13 0 8 8 5 3 13 8 8 13 0 11 3 8 3 3 8 5 11 13 8 13 0 0 13 8 3 3 8 3 5 0 13 8 0 8 5 13 11 8 5 5 5 3 13 8 8 11 8 0
2 0 13 8 0 0 8 11 8 0 11 11 5 3 13 0 11 0 3 8 8 0 3 3 5 0 8 13 5 8 13 13 5 8 3 0 0 11 5 5 8 5 11 8 3 5 5 13 8 11 8 13 8 5 0 5 8 13 13 11 11 5 11 5 0 13 11 3 13 5 11
2 13 5 11 13 0 8 8 5 5 8 8 13 0 3 0 13 11 0 5 5 3 13 11 0 8 5 13 11 0 11 8 11 11 11 13 0 13 13 11 11 3 3 11 11 3 5 8 0 3 0 3 13 8 3 5 3 3 5 11 11 11 5 13 3 13 0 11 3 5 13
2 0 13 3 5 8 5 5 5 8 8 13 5 8 3 5 8 11 3 0 13 8 5 0 0 11 11 8 0 13 8 0 3 8 3 8 13 13 3 0 3 13 11 5 0 5 13 3 5 0 8 13 8 0 0 5 13 8 3 3 0 11 11 5 3 8 0 13 13 5 8
2 3 3 8 3 8 11 0 11 11 5 5 3 11 3 0 3 11 3 0 0 8 5 11 13 3 11 8 0 11 8 3 5 3 3 13 13 13 8 5 5 0 13 5 3 0 8 5 8 11 0 5 11 11 3 13 13 0 8 5 11 13 13 8 0 13 13 5 13 5 11
2 3 5 8 3 8 13 11 8 8 8 0 8 13 13 3 3 8 3 11 11 0 13 8 11 0 13 0 11 8 13 8 5 8 0 5 13 5 5 13 5 3 0 0 13 13 8 11 5 3 11 8 11 3 11 11 13 0 3 0 13 11 13 0 0 13 3 5 3 5 3
2 0 8 11 8 13 11 13 0 8 11 5 11 5 3 5 0 3 5 13 3 8 0 5 0 13 5 13 13 3 13 5 5 5 3 5 3 11 3 3 5 0 0 5 13 0 5 11 11 3 3 8 8 0 11 11 13 5 13 3 0 3 0 3 0 0 8 11 13 8 8
2 0 13 0 11 5 0 3 11 3 8 0 8 11 13 8 3 13 5 0 0 3 3 0 3 5 13 5 3 5 11 13 5 8 8 5 3 5 3 8 8 5 11 11 3 11 13 0 3 13 11 5 8 0 0 5 13 13 5 11 11 13 0 0 8 13 13 5 0 11 5
2 0 13 3 5 5 0 13 11 11 8 0 8 13 3 3 11 11 13 3 13 0 13 0 0 3 3 5 13 0 3 3 3 5 13 8 8 3 5 5 3 0 5 8 8 11 5 13 5 8 11 0 3 8 13 11 5 11 8 11 8 5 13 11 3 0 8 8 11 5 3
2 0 3 11 11 11 0 11 5 13 0 8 11 5 11 0 8 8 8 11 3 11 13 8 11 0 0 0 3 3 11 11 3 0 5 8 8 0 0 5 11 0 0 5 13 11 8 8 11 8 11 5 5 0 5 11 13 3 11 13 11 13 8 11 5 8 8 3 11 5 0
2 13 11 8 0 13 11 0 3 8 3 11 8 3 13 3 5 3 11 11 3 3 5 5 5 3 0 8 11 8 8 11 0 8 0 5 11 11 0 11 0 3 5 3 11 8 3 3 13 11 3 11 8 11 8 3 0 0 5 8 3 5 3 0 8 0 0 8 0 5 11
2 8 0 3 5 3 11 11 3 8 0 13 0 5 13 3 5 0 0 0 8 0 13 3 5 3 3 0 3 3 11 8 0 3 13 5 11 0 13 11 0 0 3 8 13 0 8 0 3 0 0 11 11 0 0 5 11 13 13 11 3 5 13 3 5 0 0 5 8 5 13
2 11 0 3 8 3 13 3 3 3 5 11 13 0 5 5 0 3 5 8 0 11 0 0 8 5 0 0 0 5 8 5 11 8 5 3 11 11 11 11 11 3 5 13 11 3 11 5 11 3 3 13 13 0 13 13 0 5 8 3 5 11 11 3 5 5 3 11 11 5 3
2 8 8 5 3 13 3 5 13 0 8 11 0 5 13 11 8 8 3 8 3 5 11 11 11 3 8 13 0 0 13 11 8 11 3 13 8 11 0 3 13 8 0 11 8 3 11 13 8 13 8 0 8 0 5 5 3 0 8 8 13 13 5 8 11 13 0 3 13 0 5
2 0 3 5 11 13 13 13 8 13 3 0 8 0 11 3 13 3 3 8 11 0 11 3 11 5 8 0 11 3 0 0 5 13 0 13 11 3 11 5 11 11 8 0 11 0 5 3 5 0 11 3 5 0 0 3 5 0 3 8 3 5 3 13 11 5 8 0 11 3 11
2 8 3 5 0 5 11 5 3 11 0 13 0 11 3 13 0 3 13 11 8 0 8 13 5 11 3 13 3 0 13 0 3 13 11 8 3 0 5 8 11 13 3 3 8 11 8 8 3 0 3 0 0 0 3 3 8 0 5 5 8 0 5 5 11 8 11 0 0 13 5
2 11 8 13 13 8 8 5 13 8 3 8 11 11 8 11 11 0 5 13 0 3 3 11 11 5 8 3 13 8 3 13 0 11 0 3 8 3 3 13 11 5 11 3 11 13 3 8 8 0 5 11 13 0 8 13 5 5 11 13 13 11 13 3 5 8 3 0 11 0 0
2 13 11 3 8 3 8 11 5 8 3 5 8 3 0 3 8 11 0 11 3 3 11 8 11 8 5 8 3 0 11 3 5 0 8 11 3 11 8 0 5 11 0 0 5 0 5 3 0 5 8 8 0 0 3 0 3 5 11 0 5 3 5 11 8 3 13 3 8 3 11
2 11 3 5 3 0 5 3 0 5 13 3 3 11 11 8 11 3 13 3 0 13 3 13 13 5 3 8 11 0 8 11 11 8 0 13 3 3 11 0 5 3 0 3 0 11 8 3 3 8 0 13 5 8 3 0 8 5 11 11 11 5 11 5 3 3 13 11 3 11 0
2 3 13 3 3 8 3 0 11 13 8 3 11 5 0 3 13 3 5 11 3 13 3 13 0 8 11 8 3 11 3 11 0 8 11 0 13 13 8 5 5 3 5 5 0 5 5 8 3 5 5 0 5 3 13 11 11 13 8 8 0 3 13 11 11 8 0 8 5 8 3
2 0 11 11 0 3 3 0 3 0 11 11 0 8 3 5 5 5 3 13 5 11 8 0 11 0 11 0 3 5 0 13 11 5 5 8 0 13 5 13 3 11 0 3 13 13 5 11 13 11 5 0 8 3 3 3 13 8 5 8 5 0 0 5 3 5 5 11 5 11 11
2 11 0 11 0 5 11 5 8 11 3 11 0 3 5 0 8 13 8 11 5 3 0 8 3 13 8 13 0 8 0 13 8 13 0 0 13 0 11 13 13 5 3 3 5 0 5 13 11 3 8 5 11 5 11 13 8 0 3 11 8 5 8 5 0 8 11 3 8 0 11
2 3 0 5 5 11 11 5 8 11 11 0 3 8 8 8 3 11 8 8 13 11 11 0 13 5 8 11 8 8 13 3 0 3 11 3 0 5 0 8 0 8 0 0 5 13 11 8 8 8 3 0 8 5 8 5 0 3 5 0 3 8 0 11 13 11 5 0 3 8 11
2 5 8 5 5 8 13 8 5 5 5 3 5 11 5 11 3 13 11 13 13 13 3 8 3 8 11 8 8 13 0 8 11 5 8 11 11 11 13 0 8 5 11 3 0 11 0 3 0 5 5 5 8 3 11 13 3 11 0 0 0 3 0 5 3 8 5 11 8 3 13
2 0 8 11 13 3 11 0 3 3 11 11 0 13 13 5 3 5 11 5 11 5 5 0 11 5 5 8 3 13 3 11 11 5 8 13 3 8 11 3 0 0 0 3 8 11 0 11 3 5 8 0 13 0 8 11 3 0 5 13 3 8 5 11 5 11 11 0 13 3 0
2 3 13 0 3 8 13 8 13 0 13 3 13 0 0 3 3 13 8 5 11 3 0 5 0 3 3 3 0 11 5 5 11 3 3 8 0 5 11 11 11 0 5 13 3 8 11 8 13 11 8 8 8 5 5 13 11 11 13 0 3 8 8 13 11 0 8 0 13 5 0
2 8 3 3 0 5 5 5 3 0 8 0 11 8 0 13 0 0 0 3 5 3 0 13 11 8 0 8 3 3 11 3 11 5 11 8 8 5 3 11 11 11 0 5 8 0 0 3 8 0 8 3 11 5 5 0 3 0 11 3 8 5 5 0 5 0 3 8 5 3 13
2 13 11 11 11 5 3 11 8 0 8 0 5 11 0 3 0 0 13 11 3 8 11 0 5 11 5 3 11 13 13 0 8 0 0 8 0 11 3 3 11 8 0 0 5 13 11 11 8 3 8 0 8 3 0 0 3 3 11 5 0 3 3 3 11 11 0 13 8 11 13
2 8 11 8 5 3 3 3 3 0 13 3 8 13 11 3 0 5 5 8 11 5 11 5 8 0 0 8 13 13 13 11 3 8 5 13 0 13 0 0 5 13 11 3 0 8 3 8 3 3 0 13 0 3 0 8 3 5 13 0 5 11 8 3 8 11 11 5 5 11 3
2 11 3 8 0 0 0 0 3 13 0 0 8 0 0 3 11 8 5 0 8 11 11 11 0 0 3 13 3 8 0 13 3 3 3 11 3 3 5 13 0 11 5 3 8 0 3 11 11 3 0 3 11 13 11 3 3 3 11 5 11 11 8 8 8 5 11 0 11 3 3
2 11 0 5 3 5 0 13 5 0 8 3 3 8 11 8 0 0 0 13 11 3 13 8 0 13 11 5 0 13 5 3 13 13 8 11 8 11 11 8 13 5 5 3 0 13 0 8 13 11 8 13 8 11 11 3 5 8 11 5 5 13 5 0 3 13 0 13 3 0 3
2 11 13 8 13 13 3 3 11 0 11 5 8 3 8 8 0 13 8 0 13 8 11 11 11 0 13 3 8 3 8 3 8 5 0 11 0 11 13 8 13 3 8 3 8 0 13 0 5 0 0 0 3 13 3 13 11 11 0 5 0 0 3 5 13 3 11 5 13 3 8
2 8 5 11 8 8 0 5 11 3 3 8 3 11 0 11 11 8 5 3 11 5 0 8 3 3 8 0 11 13 5 3 5 3 5 3 0 5 3 8 13 0 3 3 5 0 8 11 0 11 5 8 13 0 8 5 8 5 3 0 13 0 11 13 8 0 5 11 13 8 3
2 0 11 11 13 0 3 13 3 5 5 5 8 5 13 11 5 3 5 5 3 11 8 8 11 13 5 3 0 8 13 13 13 0 0 3 3 13 5 3 0 11 8 8 5 0 5 8 0 0 11 5 8 0 8 5 3 11 0 3 8 3 13 0 0 0 0 5 5 3 11
2 5 8 3 13 5 0 0 8 0 3 0 13 8 13 3 11 11 3 3 5 3 8 5 11 5 0 11 3 8 8 8 5 13 3 8 0 3 3 0 5 0 11 3 11 11 0 5 0 11 0 8 8 13 13 13 8 8 11 8 0 8 0 11 0 8 5 0 5 11 13
2 13 3 13 0 8 13 11 5 3 11 3 0 5 5 11 5 3 8 8 0 0 3 3 0 13 0 13 5 8 3 8 13 11 0 13 11 5 13 5 3 0 3 3 8 11 0 0 3 8 5 0 11 5 8 11 3 8 5 8 11 13 8 8 0 0 0 11 0 0 8
2 8 0 13 11 0 13 3 0 3 0 11 0 3 5 0 0 0 8 8 5 5 5 11 5 11 8 3 0 3 3 13 11 0 0 3 0 0 3 3 5 13 3 8 3 5 5 3 13 11 11 0 0 3 0 11 0 5 8 11 5 8 0 3 3 0 11 0 8 11 11
2 8 13 3 8 8 11 3 3 11 0 3 11 5 5 3 0 5 3 8 11 3 5 0 8 8 3 3 5 0 0 3 0 5 5 8 3 8 5 8 8 5 11 11 5 3 5 0 8 5 13 0 3 0 5 5 13 11 8 0 8 8 11 11 3 13 13 11 0 11 13
2 13 3 8 11 3 0 11 0 8 5 8 0 13 8 8 11 11 5 3 0 0 11 13 0 11 11 0 8 13 5 11 5 8 11 0 5 5 0 3 5 0 0 8 5 8 3 5 8 0 5 13 11 0 0 0 8 8 5 8 13 13 3 5 0 0 8 13 13 0 3
2 5 8 5 8 8 11 11 13 0 8 8 8 3 0 0 0 5 5 3 0 13 3 0 0 5 0 8 11 0 0 5 0 0 8 11 3 8 0 5 5 0 0 3 0 5 0 0 8 11 11 3 11 8 13 0 13 11 8 8 11 0 0 3 13 3 11 11 13 5 8
2 0 8 8 11 3 8 3 11 8 0 0 13 5 8 0 11 11 13 3 3 5 11 5 8 3 11 0 8 13 13 3 0 13 13 13 5 8 0 3 8 3 8 5 0 8 5 0 11 11 11 0 11 3 0 3 0 11 0 11 11 11 5 5 3 5 0 11 3 0 8
2 8 3 3 8 0 0 11 8 0 3 8 13 0 11 3 0 11 11 13 8 5 8 5 5 0 5 11 8 8 8 3 8 13 0 8 0 13 5 11 0 13 8 5 8 5 0 5 0 3 3 0 11 8 5 3 13 0 13 5 8 11 5 11 3 8 13 0 11 5 11
2 0 3 0 11 3 0 5 8 0 5 5 3 0 13 5 0 3 11 8 11 8 3 3 3 3 13 11 8 11 0 13 0 3 11 3 11 11 0 3 5 0 13 11 5 5 5 11 11 3 0 3 8 3 5 13 0 8 0 11 13 0 11 11 3 8 3 5 3 13 11
2 5 11 8 5 3 5 3 3 3 11 11 11 0 0 13 3 11 8 0 8 5 11 3 3 8 0 3 11 11 11 0 0 0 8 11 0 11 0 0 3 3 8 11 5 3 5 3 8 8 0 8 3 13 11 8 11 3 5 0 13 11 0 8 13 3 8 8 13 11 11
2 13 0 5 8 0 13 11 13 11 5 3 13 13 8 11 8 8 8 8 0 3 8 13 13 11 11 0 8 0 13 11 3 5 13 0 3 13 5 13 3 3 8 0 13 5 0 0 3 3 5 0 8 5 5 5 8 8 13 8 0 11 5 11 3 8 8 0 0 8 11
2 8 3 13 8 8 3 11 3 3 13 13 8 3 8 11 8 8 8 3 3 13 3 0 13 3 13 11 13 0 8 8 8 5 3 5 0 11 5 3 3 13 13 11 11 13 11 8 8 0 11 3 0 5 0 5 5 5 8 13 5 0 0 5 3 8 8 3 8 3 3
2 0 11 8 5 3 13 11 11 3 8 11 8 8 3 8 3 5 8 8 5 0 5 11 11 0 13 3 5 3 3 8 8 5 11 13 3 11 0 8 5 8 11 3 5 5 8 8 11 8 8 8 5 5 8 11 0 0 13 5 0 8 0 0 13 5 5 11 11 8 13
2 8 11 11 11 5 13 5 8 5 3 5 13 11 11 11 11 11 5 0 3 0 8 13 3 5 0 11 11 11 0 3 8 5 0 8 5 8 3 11 13 5 13 3 11 11 8 5 13 0 3 8 8 13 0 5 3 11 13 8 8 5 5 0 3 0 3 11 11 13 13
2 8 8 0 8 0 5 8 13 8 8 3 8 8 0 0 0 3 0 0 13 11 0 5 5 3 3 5 3 11 8 5 13 8 5 5 8 8 5 8 8 8 11 0 0 8 0 0 13 3 11 0 5 13 5 0 8 5 3 13 8 0 13 13 0 11 0 0 5 0 11
2 0 3 0 8 11 8 13 8 8 11 0 8 3 13 11 11 11 8 8 3 11 0 5 8 0 0 5 5 11 0 8 3 8 5 13 11 5 5 11 13 0 11 8 0 5 11 13 0 8 8 8 13 0 3 8 13 11 0 11 5 11 5 0 0 0 13 11 11 0 3
2 3 5 0 8 8 8 13 11 5 0 13 11 0 11 8 3 13 11 8 5 8 5 3 3 11 13 11 5 0 8 13 13 0 8 5 13 11 5 3 13 5 3 11 11 0 3 13 3 13 0 0 13 5 8 11 13 11 13 8 0 5 3 8 5 11 0 0 8 8 3
2 11 13 0 5 11 8 3 8 11 5 5 3 5 5 3 5 13 11 5 0 0 8 11 5 8 3 0 0 5 11 11 8 11 11 13 5 3 5 13 0 0 3 8 0 5 5 11 0 11 8 3 3 8 5 8 3 3 5 3 11 3 0 0 0 11 0 0 5 8 8
2 13 5 13 5 5 13 11 0 8 3 8 5 5 13 8 5 3 0 11 5 8 0 11 0 3 11 8 3 11 11 8 13 3 13 8 5 5 3 3 8 5 0 0 5 8 0 5 13 8 13 8 0 8 3 3 11 13 0 11 3 13 8 11 11 5 3 13 0 5 13
2 5 8 3 13 3 8 8 11 8 13 3 8 5 0 3 3 3 13 0 11 0 11 13 13 11 11 0 3 8 0 5 0 5 0 0 8 3 5 8 3 0 8 11 3 3 3 5 8 11 13 13 5 3 11 5 5 13 0 3 5 8 11 3 8 8 13 5 11 0 0
2 3 8 0 8 8 0 5 11 5 3 13 13 5 0 0 5 11 3 5 13 13 8 8 0 11 3 11 13 11 0 13 5 3 5 3 3 0 5 5 11 3 8 5 3 0 8 3 3 5 8 8 3 13 0 8 0 5 5 11 5 3 3 11 11 13 11 0 3 0 0
3 0 4 0 6 6 9 1 6 0 7 7 0 1 0 6 9 3 3 1 0 4 0 0 3 6 1 4 0 9 3 0 10 9 4 9 3 9 1 6 4 9 3 9 0 6 3 7 1 9 9 4 1 3 3 9 7 3 1 9 3 6 4 3 1 9 9 4 4 4 4
3 1 0 7 9 7 9 9 6 3 10 1 3 4 7 9 3 9 9 3 1 3 3 7 1 9 9 4 1 1 4 1 3 7 9 1 0 3 1 6 6 7 9 4 3 1 4 9 6 10 7 7 0 9 3 1 3 9 9 0 7 3 1 0 4 7 0 3 4 0 4
3 3 6 0 1 6 4 3 6 3 6 10 1 3 7 9 6 7 1 9 0 7 0 6 6 3 0 0 1 7 9 3 7 9 4 7 7 6 1 3 3 7 6 1 1 6 0 1 10 4 7 1 1 1 7 4 3 4 9 1 3 6 4 6 6 0 4 10 0 6 0
3 0 1 4 0 1 7 9 1 9 6 10 3 4 1 3 0 6 0 3 0 3 4 9 3 6 9 6 9 3 9 0 9 1 0 1 3 9 0 4 4 1 0 6 3 1 6 3 6 3 0 6 3 6 1 10 4 4 10 9 6 9 0 1 3 1 7 0 1 1 4
3 4 1 0 3 0 0 7 7 4 9 6 1 9 6 1 3 7 1 1 3 1 0 3 6 6 4 7 6 3 7 4 9 4 9 6 4 10 3 4 3 1 0 7 6 4 7 6 3 4 4 7 3 3 1 7 1 0 3 7 3 1 1 0 6 6 0 7 3 3 9
3 9 4 7 0 3 0 4 9 0 6 9 9 7 1 7 1 3 1 7 9 4 3 9 1 9 7 6 10 6 6 4 4 3 0 6 0 9 0 7 4 3 7 0 0 7 7 1 7 4 6 3 3 7 4 0 7 4 4 9 1 1 0 1 9 4 3 7 0 0 3
3 9 3 3 7 4 0 0 7 1 0 3 9 9 4 4 7 7 9 6 4 9 0 7 0 3 6 1 0 1 9 1 10 3 7 3 1 7 1 9 4 3 6 0 10 4 7 1 6 4 0 7 9 4 0 7 7 7 3 4 4 9 6 7 4 0 6 1 6 7 3
3 3 7 7 9 6 4 1 0 4 3 1 9 0 10 6 9 6 6 3 4 3 7 7 9 4 9 4 9 0 1 7 6 1 7 7 9 1 4 6 1 4 7 4 9 6 9 4 10 0 6 1 10 1 0 6 7 4 9 9 4 4 1 0 9 10 3 7 9 7 3
3 9 4 9 1 7 6 6 1 0 6 4 7 7 6 4 6 9 1 4 6 6 1 3 0 0 1 9 9 4 3 0 6 7 4 0 6 1 9 0 6 1 7 0 7 9 0 6 4 7 1 9 6 9 9 3 9 7 7 10 4 0 10 4 7 7 9 7 3 4 7
3 1 6 1 1 6 3 9 7 3 0 9 1 0 10 3 9 7 1 7 6 7 0 9 6 6 4 6 7 3 10 4 1 4 4 6 3 4 7 4 0 6 3 1 6 6 4 7 10 4 7 3 0 1 1 7 3 1 0 1 0 4 6 6 6 3 1 9 7 9 6
3 4 4 9 1 7 1 7 3 7 3 0 1 7 9 1 7 1 9 1 1 0 6 6 9 7 7 0 3 1 3 7 6 7 3 6 6 0 0 1 3 3 4 0 9 9 6 4 3 6 9 1 3 3 7 0 4 7 4 3 1 7 9 9 7 10 1 0 9 9 1
3 7 7 1 0 9 7 3 7 9 9 3 0 0 9 9 1 3 9 6 3 1 0 0 4 9 9 4 9 10 4 3 3 6 6 1 0 4 6 6 1 3 1 7 0 9 4 10 4 3 6 1 3 6 0 7 4 3 10 1 6 3 1 4 6 6 7 6 7 0 10
3 6 9 3 10 0 3 0 0 3 0 9 9 0 9 1 1 0 7 3 10 9 6 1 1 10 1 1 4 6 1 3 4 3 6 1 3 1 6 0 7 4 9 9 1 7 9 9 7 7 4 1 10 3 3 1 9 7 4 0 10 7 0 9 6 3 1 1 3 0 3
3 1 6 7 0 9 9 0 3 1 7 0 7 9 0 4 1 6 0 1 6 9 6 1 0 1 3 7 3 1 4 7 6 4 6 0 4 7 6 10 1 9 1 7 7 0 6 4 4 0 0 9 3 4 3 7 1 3 7 7 4 4 9 10 1 4 7 4 4 3 6
3 6 6 9 4 3 10 1 3 1 1 4 6 7 4 0 3 3 6 9 4 6 3 10 9 4 3 9 3 0 1 10 4 3 3 3 9 9 9 0 1 7 0 0 4 3 1 4 1 3 4 1 4 9 4 7 3 7 4 3 4 3 10 9 7 9 6 1 9 0 10
3 3 6 6 6 7 0 6 9 4 1 0 9 3 3 9 0 6 10 3 1 9 1 10 3 6 0 7 3 1 3 9 10 7 4 0 6 4 0 6 3 1 4 1 9 7 9 0 1 4 4 7 1 7 6 7 0 7 1 3 0 4 9 4 7 3 7 1 7 7 3
3 1 6 3 7 4 1 9 10 1 7 3 7 3 4 4 3 0 6 1 6 7 9 3 0 6 0 6 4 7 1 0 7 0 10 7 10 7 0 9 7 0 1 6 9 1 0 6 3 0 1 6 9 4 0 1 6 6 0 7 1 3 0 6 9 0 0 1 1 7 3
3 9 6 6 4 9 1 4 9 1 1 1 7 3 9 6 6 1 0 10 3 9 1 9 7 9 3 0 7 4 1 3 1 3 9 9 3 3 7 0 1 4 0 0 7 4 6 9 3 3 3 0 3 4 3 9 10 7 6 1 9 4 0 4 3 7 3 6 6 0 0
3 3 3 9 0 7 3 7 1 4 3 4 3 1 1 4 6 6 9 0 10 9 1 6 9 3 6 7 4 7 4 9 1 9 9 6 9 4 1 1 9 1 7 4 9 6 0 6 1 9 3 3 6 9 1 7 7 0 0 1 7 4 1 7 6 6 0 9 1 1 7
3 0 6 9 3 6 9 9 6 6 3 7 9 0 4 4 0 6 9 6 0 0 6 7 7 9 0 10 7 4 9 4 6 7 9 10 6 0 6 7 4 7 7 1 7 6 6 0 0 0 0 4 0 1 7 7 6 9 9 6 7 10 10 4 7 6 10 7 10 1 7
3 4 7 6 0 7 4 9 7 6 4 3 7 9 10 1 0 9 3 9 4 0 6 9 4 3 3 7 4 4 3 9 3 1 1 9 0 3 7 1 1 7 3 6 7 0 6 4 7 3 1 9 10 7 7 4 3 6 0 4 6 7 0 7 3 1 9 10 1 3 1
3 6 7 9 7 7 9 0 4 4 10 1 3 6 9 7 1 9 0 7 4 3 0 1 4 9 1 7 1 3 7 4 6 9 9 6 1 6 1 7 3 0 0 6 7 0 4 6 0 3 0 9 1 0 3 7 10 7 3 7 3 3 7 0 1 4 3 3 0 4 6
3 1 3 3 0 6 6 4 9 1 9 3 3 0 1 3 1 10 0 4 6 9 7 0 4 1 9 0 4 9 4 6 9 0 7 9 6 1 7 9 0 4 1 4 1 4 0 1 6 3 7 9 7 4 1 0 9 4 9 7 6 3 7 9 3 7 6 6 6 6 9
3 1 7 4 9 3 6 1 0 7 9 0 4 0 6 6 4 4 7 6 4 6 7 9 0 9 9 6 6 0 7 1 6 4 9 1 3 1 0 4 7 4 9 9 4 9 9 4 4 4 7 0 0 9 10 0 7 3 6 4 10 6 4 10 10 0 0 1 4 9 6
3 1 6 1 3 3 6 0 7 3 3 4 9 4 1 9 0 1 4 6 4 0 1 3 9 0 10 4 4 9 6 6 9 9 3 3 0 3 3 7 3 7 1 1 1 6 4 3 0 7 6 3 3 6 3 6 4 9 7 1 7 10 1 0 7 7 7 10 3 3 6
3 0 0 1 1 10 1 6 7 9 1 9 0 3 1 3 0 6 0 4 6 0 0 3 4 1 0 0 1 4 6 1 7 6 1 6 1 6 10 9 6 1 0 9 4 6 10 1 1 4 7 0 0 4 1 4 1 3 7 7 1 6 9 10 6 3 7 0 3 4 3
3 7 6 6 0 1 1 4 1 6 9 9 4 6 0 4 3 3 1 1 9 10 9 6 7 7 6 0 9 1 0 0 7 1 4 1 6 3 9 0 3 3 6 7 4 0 7 0 9 9 9 3 0 1 1 0 4 3 4 3 4 4 4 3 9 1 1 3 9 7 9
3 9 1 9 0 0 7 4 3 7 10 3 7 6 4 10 3 6 4 0 9 4 0 0 1 3 6 0 0 3 10 6 1 4 3 6 0 4 1 6 0 4 6 4 6 9 1 10 1 3 1 0 3 3 1 6 1 0 4 0 0 0 7 10 7 6 4 9 1 0 3
3 0 9 0 6 0 3 9 1 7 9 7 10 7 1 6 6 9 7 7 1 3 7 1 4 9 9 4 4 0 4 6 3 9 4 10 0 0 6 7 7 0 3 4 6 0 1 3 0 3 0 6 1 6 9 7 1 4 1 7 6 0 4 10 1 3 3 9 7 3 7
3 10 7 9 3 7 3 9 6 9 1 7 0 4 10 3 7 0 9 4 0 9 1 0 7 6 4 0 7 3 0 0 1 0 3 0 4 9 9 4 4 9 0 3 4 10 7 7 4 10 10 7 1 3 9 1 9 0 1 0 9 1 0 3 7 4 7 1 1 3 4
3 6 7 3 0 6 9 3 4 0 1 3 0 4 7 4 7 6 6 6 9 9 3 1 7 0 0 7 1 9 4 0 4 6 7 3 4 3 7 9 1 3 0 3 1 0 1 0 3 7 7 3 7 7 7 9 9 10 7 3 10 10 0 3 9 7 3 0 6 0 9
3 7 9 6 10 0 0 3 7 1 6 3 6 7 3 7 3 0 1 9 1 0 1 4 0 0 4 0 4 9 0 0 0 0 1 10 3 4 1 0 9 3 3 6 7 7 0 6 9 3 6 1 1 9 3 0 6 0 1 9 3 3 10 4 0 7 3 0 1 0 9
3 3 7 3 0 0 7 0 9 4 1 3 6 10 0 4 6 9 1 9 4 1 4 9 3 10 0 1 0 6 7 9 6 0 10 0 4 6 10 6 1 1 4 0 0 0 10 4 3 1 6 1 3 9 6 4 0 7 7 3 4 6 3 7 1 3 3 1 6 3 6
3 9 7 3 1 0 6 1 7 4 1 7 9 3 7 7 9 6 7 9 0 1 7 1 6 1 6 3 6 0 3 7 6 10 0 6 0 1 3 3 6 0 4 7 3 4 0 6 7 4 4 3 7 6 0 0 7 0 9 0 3 10 0 4 1 1 4 3 9 1 10
3 1 0 7 3 0 7 1 3 0 10 1 4 4 4 0 4 7 3 1 1 6 1 4 9 1 6 6 9 1 3 1 3 3 4 0 7 3 9 7 6 7 9 7 3 0 4 1 10 0 3 4 1 3 9 1 10 0 3 4 3 3 10 7 4 9 0 4 9 7 6
3 7 0 9 6 1 7 3 1 1 6 4 6 1 0 4 4 7 0 4 7 3 0 1 10 6 3 6 3 0 3 1 1 1 9 0 0 6 3 9 1 1 1 1 3 6 9 10 0 9 1 1 6 7 0 9 3 4 7 7 0 4 9 4 7 3 6 6 6 7 0
3 6 3 1 6 9 7 1 6 7 3 0 10 3 3 3 3 3 3 3 10 6 6 9 0 0 4 9 3 3 1 1 3 3 9 9 0 0 10 4 4 7 0 3 1 7 6 0 0 6 9 3 7 6 4 6 3 3 7 4 7 7 6 3 0 3 3 7 10 4 4
3 3 9 6 3 0 6 3 3 0 1 3 0 10 7 7 1 7 7 0 0 1 3 6 3 3 3 1 6 7 9 6 7 7 7 0 4 0 0 6 6 9 9 6 6 6 1 3 9 4 6 0 4 3 10 7 1 9 4 7 7 0 7 3 6 7 1 7 4 6 6
3 1 9 1 7 0 6 7 9 4 3 9 7 7 7 10 6 3 4 9 7 4 3 7 3 3 4 6 7 10 10 7 10 7 9 1 7 1 7 0 7 6 9 3 1 6 7 3 0 4 6 0 0 1 3 4 6 9 3 6 6 3 3 7 1 4 6 10 6 3 9
3 0 3 4 9 6 1 9 0 7 0 3 9 4 0 9 0 3 9 6 6 4 0 3 3 3 1 9 4 9 3 1 6 3 1 6 6 3 3 9 0 1 9 1 0 1 9 4 7 4 7 3 6 7 4 6 4 1 1 1 0 7 1 6 9 10 3 7 4 4 10
3 7 4 10 6 6 1 4 7 10 0 1 4 7 1 6 0 6 7 9 7 1 1 9 0 6 9 0 6 9 0 7 3 4 6 7 1 6 4 1 1 0 1 7 0 4 4 7 3 1 10 4 6 1 10 1 6 6 6 3 4 6 1 9 0 3 9 6 1 6 1
3 6 7 9 6 0 3 7 7 6 0 7 1 4 3 1 7 6 6 7 3 1 1 6 4 6 0 7 0 0 9 0 7 6 0 4 6 7 10 0 4 1 0 3 9 1 0 1 3 3 7 1 1 1 3 4 1 0 3 10 9 0 6 3 4 3 7 0 6 1 7
3 6 9 3 6 1 9 3 3 4 7 6 0 6 4 1 9 7 4 4 3 1 6 0 7 1 4 9 4 3 9 0 0 7 3 6 6 1 10 7 1 0 1 0 7 6 9 7 0 6 7 4 7 6 9 1 9 9 7 1 9 0 0 6 6 7 6 9 1 0 6
3 9 7 0 1 0 3 1 7 9 6 7 0 6 6 0 1 1 6 3 0 0 9 9 7 0 3 0 1 0 1 0 3 7 1 6 10 3 9 7 6 3 7 0 0 0 1 4 6 4 3 1 7 9 7 3 9 9 1 9 6 0 9 0 9 6 0 6 7 9 4
3 6 1 6 4 9 7 1 6 7 4 0 1 6 9 4 9 7 3 6 4 1 6 3 7 6 1 3 6 6 10 0 4 1 1 6 3 7 1 4 9 6 6 7 6 0 7 6 6 6 4 0 4 3 1 4 4 9 4 4 1 6 4 4 4 9 4 1 1 3 9
3 9 6 4 6 7 4 6 0 7 0 7 4 7 0 3 0 9 7 6 4 6 1 7 9 0 6 9 9 4 9 6 4 0 6 0 6 3 0 4 9 4 6 4 7 1 0 4 6 1 3 3 1 7 9 3 6 0 1 1 6 9 6 7 7 4 1 9 4 7 3
3 7 6 4 9 1 1 4 6 9 9 7 0 3 7 9 9 7 1 4 6 7 7 7 4 4 4 1 10 0 0 1 7 7 4 1 1 3 3 4 1 6 1 0 4 9 10 0 1 0 4 6 7 6 10 6 7 3 0 4 1 3 4 6 3 1 6 7 3 0 4
3 3 7 3 10 7 0 1 6 1 1 0 3 10 6 1 1 1 7 4 1 0 9 1 0 6 4 0 1 3 1 0 9 4 7 3 9 0 9 4 1 6 7 4 3 4 9 7 0 6 7 4 3 6 9 0 0 9 4 4 3 1 6 9 1 3 0 0 0 6 6
3 9 7 10 9 4 0 6 1 7 4 7 1 7 0 7 3 7 6 6 7 7 9 6 3 3 0 4 6 10 0 6 6 9 7 1 4 9 6 6 9 1 9 7 4 1 9 7 6 0 4 6 6 0 3 7 4 4 0 9 10 9 4 7 1 9 10 9 0 7 4
3 4 9 3 3 1 4 9 7 9 6 4 7 7 3 4 10 1 1 1 0 1 10 1 10 0 1 0 6 0 6 4 3 7 4 9 10 4 1 9 3 0 4 9 3 0 4 7 9 1 0 6 3 6 0 10 0 6 9 4 6 0 4 3 9 1 7 3 4 1 9
3 0 7 3 0 0 6 4 7 10 1 0 1 6 4 7 0 3 9 1 1 3 1 7 6 9 10 0 0 9 3 4 1 3 1 9 7 7 9 10 10 6 6 1 6 9 6 4 6 1 4 0 0 4 6 3 4 9 0 9 1 6 0 9 1 3 4 3 1 10 6
3 6 1 7 1 9 6 7 0 7 9 1 7 6 6 7 4 4 3 6 7 7 9 1 9 0 9 4 9 3 7 3 1 7 9 6 7 7 3 6 1 0 0 9 0 9 3 0 9 9 3 10 0 4 0 6 1 9 4 3 0 3 7 0 7 6 7 1 10 4 7
3 1 9 6 7 3 0 3 1 0 10 7 0 9 4 3 6 7 1 0 10 6 6 0 3 3 4 3 7 1 6 1 7 3 9 0 7 3 4 6 6 0 4 3 7 7 4 7 3 6 9 1 7 0 7 6 3 9 7 4 6 3 4 6 0 3 7 7 1 4 7
3 1 4 10 7 4 9 0 3 4 9 0 0 0 6 10 9 9 9 9 0 9 0 9 7 0 9 9 3 1 1 1 0 6 3 6 1 4 9 4 0 4 4 10 0 4 0 3 0 1 4 9 0 4 0 7 0 0 7 3 4 9 1 9 3 1 1 9 3 1 4
3 7 9 6 9 7 3 4 1 0 0 7 7 1 0 9 0 9 6 6 1 3 0 3 6 7 3 7 0 7 3 1 7 9 4 1 0 7 1 6 4 1 6 3 0 1 0 3 9 6 7 10 6 0 6 0 1 6 6 9 9 1 1 9 3 0 7 7 1 9 0
3 0 9 3 3 4 0 0 6 3 6 3 4 7 1 3 1 7 4 1 7 3 9 3 6 0 0 3 9 3 1 6 9 1 9 10 9 3 6 7 3 9 4 1 6 7 3 9 9 3 9 6 3 4 7 0 0 3 1 9 0 6 1 9 9 3 7 9 0 6 7
3 6 7 7 10 3 9 3 9 7 4 7 1 7 7 1 0 4 1 6 6 0 1 9 4 6 3 7 0 4 0 4 3 6 3 6 0 7 0 7 7 7 1 6 9 3 3 6 0 7 0 1 0 1 1 3 7 0 3 7 3 3 7 3 6 1 4 0 3 6 0
3 3 4 0 3 6 9 9 6 9 6 9 0 1 7 1 4 9 4 3 6 1 7 7 10 0 7 4 0 3 7 4 0 7 0 6 4 3 9 4 9 0 9 6 3 1 0 6 3 4 0 9 7 0 7 1 6 3 0 3 6 7 0 3 4 0 7 0 0 0 3
3 0 3 10 9 0 9 6 3 0 9 0 0 7 0 1 1 7 7 10 7 6 6 1 1 9 9 3 7 6 4 4 4 7 3 1 9 6 1 1 6 4 7 7 3 3 3 6 3 7 6 3 1 1 10 3 7 6 6 0 4 1 0 10 9 7 7 1 7 7 3
3 9 1 6 0 6 0 7 1 0 9 4 6 6 9 10 4 4 1 9 6 10 9 6 9 9 3 3 7 3 10 4 1 9 7 1 6 4 4 4 4 3 4 7 0 3 7 3 4 1 3 4 6 1 6 4 9 9 4 9 0 3 4 7 7 1 3 7 1 1 0
3 6 4 7 6 0 3 6 1 0 0 3 1 1 4 0 0 7 3 6 9 0 4 3 1 9 4 1 4 0 7 0 9 6 7 4 7 9 1 1 9 1 7 0 3 7 1 10 6 3 7 7 9 10 4 3 3 4 4 6 9 0 6 7 9 0 4 0 4 1 3
3 7 3 3 1 7 9 7 4 3 4 3 6 3 9 7 6 6 3 6 3 6 4 7 6 4 9 9 7 0 6 3 0 1 6 9 3 4 9 9 6 9 3 6 3 9 6 6 9 4 7 7 4 9 4 7 0 6 9 10 10 10 0 9 6 4 4 7 3 1 7
3 3 9 4 6 0 0 3 0 3 3 3 4 6 7 4 7 4 0 7 1 1 6 0 0 3 6 9 7 1 1 7 7 3 1 7 9 9 0 4 6 9 10 1 3 4 7 0 0 7 6 3 1 6 6 0 3 3 1 7 9 7 1 0 3 6 4 6 9 1 7
3 4 0 1 0 9 4 1 3 9 1 7 1 1 9 4 10 4 3 7 6 4 9 9 0 4 4 6 3 6 9 1 1 6 7 0 3 9 6 7 0 1 7 0 3 7 4 9 4 4 3 1 1 1 7 9 6 7 1 1 1 6 6 1 0 7 6 3 9 9 1
3 3 1 9 1 7 3 3 9 3 6 7 0 0 10 3 7 7 0 7 4 6 7 10 4 9 1 6 9 7 3 3 7 4 7 4 6 1 10 9 4 6 4 9 7 7 9 9 1 0 7 3 9 1 4 0 9 7 1 9 9 0 9 1 6 0 6 0 1 3 6
3 6 1 3 3 4 9 4 1 7 3 1 7 4 0 3 6 9 7 4 6 9 7 1 9 3 7 9 3 7 1 0 3 10 9 3 1 0 0 7 10 7 1 4 6 3 1 1 6 3 3 0 0 0 10 9 4 7 4 7 7 7 1 4 4 9 0 6 0 4 7
3 3 6 0 4 3 1 0 0 9 0 9 0 1 9 3 6 4 7 0 9 7 4 1 9 1 4 4 3 0 9 7 4 4 9 4 1 3 7 7 4 3 0 9 0 7 0 3 1 3 7 4 9 1 9 9 0 7 9 0 0 6 7 9 1 6 7 0 0 9 3
3 3 4 3 0 9 10 3 3 3 0 4 0 3 0 9 4 6 0 0 0 4 7 6 4 1 3 3 1 3 1 6 7 9 3 7 6 6 6 7 3 1 4 7 9 0 6 4 1 0 7 3 7 1 1 7 7 4 4 7 6 4 0 0 7 4 3 3 0 10 1
3 4 4 7 1 0 6 10 9 10 9 3 6 4 6 1 6 7 3 7 1 6 10 0 0 4 9 9 3 6 7 6 3 0 9 3 3 7 3 3 7 9 0 4 7 1 7 6 9 6 1 9 6 7 6 6 3 0 3 4 10 6 0 3 4 7 4 4 4 0 6
3 3 1 4 3 9 3 3 6 0 9 0 7 6 0 6 1 1 1 9 3 7 1 7 3 9 7 9 1 9 4 6 0 6 0 6 6 1 4 3 4 4 4 1 6 9 10 1 3 3 3 7 4 3 4 3 1 3 0 6 4 9 3 1 9 0 1 4 0 9 0
4 0 0 2 1 5 5 0 4 4 5 1 6 2 2 5 0 0 4 4 6 5 1 1 1 1 2 6 5 0 1 5 2 1 5 5 4 2 1 4 6 5 0 0 1 6 2 6 5 1 0 1 5 5 6 5 2 1 2 5 2 6 5 5 2 5 5 6 0 4 5
4 5 0 1 2 0 2 0 4 0 0 6 5 5 2 1 1 2 4 0 2 0 1 0 6 0 1 1 2 6 5 1 4 5 2 0 5 2 2 1 1 1 2 0 1 4 0 4 6 0 2 2 0 1 2 0 5 0 1 6 4 2 4 1 1 5 4 1 0 4 0
4 2 0 0 4 2 0 2 1 2 2 1 0 0 5 0 6 1 1 6 5 5 2 6 0 6 5 1 1 1 0 5 4 0 0 0 2 0 5 2 5 2 5 0 4 6 1 6 4 4 0 1 5 0 0 2 1 1 4 2 2 1 1 5 2 2 5 5 1 0 4
4 2 1 5 0 4 2 2 0 2 1 0 0 6 4 1 2 1 2 2 0 1 1 4 2 4 0 5 2 0 4 4 4 5 4 2 0 1 5 2 0 1 4 5 1 5 5 5 6 0 0 1 5 1 4 5 5 4 1 5 4 4 0 1 0 1 0 0 5 4 5
4 5 5 5 5 0 0 0 2 1 1 4 0 0 4 4 6 1 0 4 5 4 1 2 5 6 5 5 2 4 4 1 2 0 1 1 0 4 2 4 0 4 2 5 2 0 5 2 5 1 4 2 1 2 2 1 4 6 1 4 6 2 4 1 2 4 1 5 5 2 0
4 0 6 0 1 4 0 4 6 5 0 0 0 1 4 1 2 0 4 5 0 0 6 2 2 4 4 4 4 1 0 5 0 4 6 0 0 1 0 1 0 1 2 0 2 5 2 5 4 5 4 2 6 4 4 4 2 2 4 1 4 4 4 5 4 2 5 0 0 1 4
4 2 2 4 4 0 1 0 5 5 0 0 0 0 2 1 4 5 5 2 2 4 5 0 1 5 5 0 6 0 2 5 0 1 1 0 2 0 2 0 0 0 4 4 6 1 4 1 5 5 6 4 0 1 6 6 5 1 5 1 0 2 2 5 2 1 1 0 1 6 2
4 2 1 6 5 2 0 2 0 1 1 0 1 1 5 0 0 0 1 1 4 4 2 1 0 4 5 0 2 2 4 1 2 1 5 6 2 1 0 2 6 5 2 2 5 5 2 0 4 4 4 4 6 0 5 1 6 0 2 0 5 2 5 0 1 0 6 5 2 1 1
4 0 4 4 2 1 6 6 2 0 0 6 5 0 2 2 5 1 2 2 6 1 5 1 5 2 1 2 5 0 4 4 0 5 2 0 2 0 1 5 2 5 2 5 4 4 1 0 1 1 0 4 0 2 2 5 5 1 0 2 0 4 0 4 2 5 0 4 1 6 2
4 4 0 5 0 2 4 4 2 2 0 2 2 2 4 5 2 2 4 6 5 4 1 0 2 2 5 6 1 0 1 1 1 2 2 0 2 0 1 6 1 1 5 1 2 1 1 0 1 5 0 2 2 4 5 6 2 4 4 0 2 5 6 5 1 4 0 5 0 0 0
4 4 4 0 1 1 6 1 1 5 2 0 4 1 4 2 2 5 5 6 0 4 1 0 1 0 6 0 2 4 1 0 5 2 2 0 1 1 0 5 0 6 5 2 5 1 6 1 5 2 1 0 4 1 0 0 4 2 6 2 5 4 6 1 0 2 5 6 1 2 5
4 2 0 5 1 4 5 5 1 1 4 2 0 0 4 4 5 1 2 1 4 1 5 0 6 1 5 5 5 5 1 0 4 4 5 4 1 5 0 2 5 4 2 6 4 0 6 0 2 5 2 5 2 6 2 1 2 0 1 2 0 0 0 1 5 5 5 1 6 4 2
4 0 1 6 1 6 4 2 0 5 0 0 6 0 4 2 1 0 1 0 5 5 0 6 5 6 5 5 4 2 5 4 0 2 4 2 4 0 4 1 5 0 5 2 1 1 5 0 4 1 4 4 1 1 2 4 0 5 1 2 0 4 5 6 2 4 4 2 1 5 0
4 4 4 1 1 1 0 6 5 5 1 0 0 1 0 0 0 2 1 1 2 4 1 0 4 5 1 1 1 2 1 1 4 6 4 2 2 1 5 4 6 4 2 5 5 6 5 4 5 4 5 2 1 2 1 0 2 5 4 5 1 1 4 5 5 1 2 5 1 2 4
4 2 2 0 5 4 4 0 2 5 4 2 1 1 4 0 6 0 5 0 1 4 0 4 4 0 2 2 4 2 1 4 2 4 4 2 5 2 4 0 4 2 1 0 2 1 0 1 1 0 2 0 1 0 1 2 4 2 6 0 2 2 2 5 2 1 6 4 2 2 1
4 0 0 0 6 5 4 6 4 0 2 0 5 0 4 2 0 2 5 4 2 1 1 6 0 2 4 6 6 1 4 1 6 2 0 6 5 6 5 1 5 1 4 1 0 1 2 6 5 1 5 0 1 2 4 0 6 1 1 1 1 5 4 6 5 2 1 1 2 1 0
4 1 2 0 4 6 1 2 5 6 1 5 4 1 2 2 5 0 4 4 2 1 5 2 5 0 0 5 1 0 4 1 6 0 0 0 0 0 1 1 4 0 1 6 2 5 2 4 1 5 4 0 1 1 2 1 0 0 6 4 2 2 1 0 4 4 1 5 5 2 2
4 5 2 6 5 0 1 1 6 6 4 2 0 5 0 4 0 4 0 2 4 4 1 4 0 5 4 1 0 0 0 4 2 1 2 5 6 6 1 6 0 4 1 2 0 1 0 2 1 4 2 6 5 5 5 0 4 0 2 1 0 4 4 6 5 4 0 2 4 2 4
4 1 1 0 5 1 1 5 1 5 5 0 1 5 5 5 1 0 0 0 1 0 0 2 0 5 0 4 2 1 5 0 1 4 4 1 5 6 0 5 2 5 0 4 0 5 1 4 5 2 6 5 1 6 0 0 1 2 2 1 5 0 0 4 5 2 4 5 6 6 1
4 6 4 2 6 6 0 1 2 2 6 4 5 6 0 1 5 5 2 6 0 2 0 4 1 5 0 4 6 1 5 4 1 2 1 0 5 4 0 2 5 1 1 4 1 6 0 0 6 0 4 5 5 5 1 4 4 0 5 2 2 5 1 0 2 6 6 4 1 2 0
4 1 4 5 4 1 5 1 5 0 4 4 5 4 0 2 5 4 0 4 5 0 4 2 5 4 1 5 4 1 2 1 5 1 0 0 5 1 1 4 2 5 4 1 6 4 0 1 1 2 2 4 6 2 4 0 0 0 1 4 1 2 5 5 2 2 1 2 6 1 2
4 0 6 1 1 0 5 0 4 5 1 1 2 1 0 0 1 0 1 2 4 4 0 0 5 5 1 0 0 4 5 6 4 1 1 5 4 2 5 1 4 5 1 5 5 0 5 0 4 6 5 4 0 1 6 1 2 0 4 2 1 1 0 5 1 2 2 0 4 1 2
4 2 6 5 6 5 2 1 4 2 0 6 4 0 0 5 5 5 0 6 2 2 2 0 0 2 6 6 5 2 0 6 2 1 4 2 4 4 1 1 5 1 4 5 5 0 2 6 6 5 0 4 0 2 2 0 2 5 1 1 0 1 0 4 1 1 2 2 0 5 2
4 5 1 5 2 5 4 2 6 5 2 4 1 4 4 5 0 4 0 4 0 6 0 5 0 2 4 2 0 2 2 4 0 6 5 2 2 4 6 0 4 6 1 0 5 1 0 0 0 4 1 5 1 0 2 2 4 1 1 2 6 4 5 2 5 1 4 4 4 1 6
4 1 4 2 5 4 2 5 5 5 2 0 0 0 4 5 4 5 5 1 4 0 1 4 5 0 4 0 6 2 5 2 1 0 0 6 1 2 2 6 1 1 5 4 5 0 0 6 5 1 1 0 4 5 4 2 5 2 4 4 5 2 0 4 0 5 6 2 5 4 5
4 4 0 2 5 2 0 0 5 2 2 1 2 1 0 1 6 0 4 2 1 2 2 2 4 0 0 5 2 4 5 5 5 0 2 5 0 5 2 0 0 6 4 0 2 2 5 1 4 2 2 2 6 1 2 5 4 0 2 5 1 4 4 6 2 1 0 2 5 2 5
4 4 5 2 5 1 4 5 2 5 2 5 1 2 0 4 5 1 6 2 0 2 2 0 1 5 0 0 5 5 2 2 6 4 6 1 1 1 0 4 5 4 5 1 1 5 5 2 1 5 4 6 6 6 4 1 2 5 4 6 1 1 1 6 2 0 5 5 4 2 4
4 5 0 5 2 2 5 2 4 5 2 2 4 2 1 6 1 4 0 5 0 1 6 2 6 4 6 5 0 1 2 5 4 6 5 2 2 0 6 4 1 0 0 2 5 0 4 5 1 0 4 0 5 1 1 6 0 4 4 5 1 6 4 6 5 5 2 5 2 2 5
4 2 1 4 2 0 2 6 6 4 5 4 2 0 5 2 4 2 2 0 6 2 4 1 1 4 2 0 4 0 2 4 5 5 2 1 6 6 1 5 4 5 1 4 4 5 4 4 5 2 6 5 1 4 0 0 5 4 4 2 1 0 1 1 1 4 1 6 4 2 0
4 5 5 6 2 4 4 5 4 1 1 0 2 2 0 4 4 5 1 2 1 1 4 2 5 4 2 2 4 1 0 2 5 6 6 1 5 5 0 4 0 5 1 0 1 5 2 2 5 2 0 1 6 4 4 2 0 5 2 4 5 2 1 4 4 6 2 1 5 6 0
4 5 2 6 0 1 1 5 2 4 1 5 2 5 1 0 4 1 5 1 2 4 5 4 0 5 5 0 5 0 6 0 4 0 0 6 6 4 6 5 0 0 2 2 5 1 2 0 4 1 2 0 5 5 2 2 0 0 5 2 2 4 2 1 2 6 4 4 4 6 0
4 0 5 0 1 5 1 2 1 4 4 6 0 4 6 0 6 4 1 1 0 0 1 5 6 5 1 2 1 2 5 2 0 4 5 5 2 1 2 4 6 4 6 0 1 1 4 1 4 5 2 5 5 5 2 1 2 5 2 5 0 2 0 6 5 1 2 2 0 1 6
4 0 5 0 0 2 1 2 6 6 1 4 0 1 0 1 0 5 0 1 1 0 2 6 4 5 2 1 5 0 5 6 5 0 1 1 4 0 1 5 0 5 2 2 1 4 0 0 1 6 1 2 5 0 4 5 1 0 5 4 1 1 4 5 2 0 1 5 5 2 1
4 5 4 1 5 6 0 4 5 4 6 0 6 6 4 4 5 5 1 0 1 1 0 0 0 1 0 1 1 4 0 6 1 6 0 5 2 2 4 5 5 4 0 4 2 1 0 4 6 0 0 2 1 1 1 2 2 0 5 2 1 1 2 4 4 1 4 5 1 4 2
4 2 2 2 0 1 4 6 0 1 5 4 2 1 4 4 1 5 2 5 5 0 0 0 4 5 6 2 2 0 4 2 2 4 4 0 1 4 0 5 4 5 0 6 0 1 0 2 0 4 0 0 4 4 1 5 4 1 5 5 2 2 4 4 0 0 6 2 2 0 1
4 0 4 5 4 2 1 5 5 2 2 6 6 2 0 1 4 4 5 5 4 1 1 2 4 1 5 2 5 1 0 5 6 4 0 2 0 0 5 5 1 5 2 1 4 6 0 1 5 0 2 4 1 5 4 2 0 4 0 4 4 2 2 2 4 1 0 2 1 1 4
4 0 4 2 4 1 6 1 0 0 4 2 0 0 4 2 2 4 4 0 6 4 5 1 5 0 2 0 1 1 4 2 1 0 4 0 0 0 0 5 2 1 2 1 4 5 1 0 5 4 1 5 6 6 2 0 2 1 5 0 1 4 6 1 2 1 5 1 2 2 5
4 4 4 0 2 6 0 4 5 5 5 2 2 0 4 6 2 0 0 5 2 4 5 0 6 1 1 6 2 4 1 1 1 0 0 0 2 0 0 4 0 1 0 5 0 1 4 2 2 5 4 0 5 0 0 5 5 5 6 1 0 5 0 2 2 1 2 2 4 1 1
4 2 6 4 0 1 4 2 0 2 0 0 5 4 5 0 0 0 0 5 5 4 0 2 0 5 5 4 1 1 6 4 0 6 0 0 0 2 4 0 4 0 1 2 6 5 4 4 2 2 1 4 6 0 5 1 1 4 2 0 4 5 0 1 5 2 0 0 6 0 0
4 0 1 1 6 0 2 6 6 2 5 4 0 2 2 5 2 0 0 6 6 6 5 5 6 2 5 2 1 6 5 6 5 0 1 1 1 2 1 0 0 2 6 0 0 5 0 0 2 0 1 1 5 0 0 1 2 2 2 1 4 2 2 2 4 0 0 1 2 1 1
4 2 0 1 4 0 5 5 5 1 2 5 4 4 0 1 4 0 1 0 6 0 4 0 0 2 1 5 6 2 0 4 5 0 2 0 4 6 5 1 1 0 0 1 2 4 0 5 1 4 5 5 1 2 5 1 5 2 1 0 0 2 0 5 0 4 4 4 0 0 1
4 5 0 6 1 4 0 0 0 2 6 5 6 4 4 2 6 5 0 1 1 0 1 2 2 2 4 0 2 0 2 4 4 0 2 2 4 6 0 0 1 0 0 0 1 4 2 1 1 0 2 2 5 2 4 1 6 4 2 0 1 5 4 2 2 0 4 1 4 5 2
4 6 0 4 5 5 1 0 0 4 2 1 4 1 5 4 4 1 0 5 0 0 0 5 6 2 1 5 5 1 5 4 6 2 2 1 4 0 2 6 1 4 5 0 2 1 0 5 1 1 5 4 1 6 6 0 1 5 0 2 4 5 0 2 4 5 5 2 1 2 0
4 1 4 0 4 6 5 5 1 0 1 6 4 1 5 0 2 6 1 6 4 1 6 2 1 4 5 2 0 5 4 0 4 0 4 5 1 0 1 5 5 2 5 5 0 2 2 2 2 1 1 4 0 2 5 5 2 2 1 6 4 2 1 4 1 0 2 0 6 1 5
4 4 6 1 2 1 1 1 1 2 5 1 1 4 1 0 1 0 5 0 1 1 5 0 4 1 2 0 4 0 2 2 0 1 5 1 2 0 1 4 5 2 5 5 1 0 4 5 2 0 0 0 0 6 1 2 1 0 1 2 4 0 4 2 0 1 6 5 2 0 0
4 4 0 0 0 5 2 4 4 1 4 2 0 2 1 5 0 5 0 1 0 2 4 4 6 2 0 0 2 1 5 4 2 1 0 6 5 5 0 2 1 2 6 1 1 2 0 2 5 4 2 0 4 0 4 0 5 0 2 4 4 5 4 5 2 0 6 0 5 2 1
4 5 5 2 1 2 0 2 4 4 5 4 2 2 0 5 5 2 0 0 2 1 4 2 2 5 1 2 1 0 4 5 0 5 2 4 4 0 6 2 5 4 0 5 2 4 5 0 2 5 4 0 1 1 4 4 0 1 1 6 0 0 0 6 0 2 1 5 4 2 6
4 5 5 5 4 0 5 1 0 5 6 6 6 1 5 0 5 2 1 6 1 2 5 4 4 0 0 2 5 2 5 4 5 5 0 2 1 5 4 1 1 6 1 1 5 0 0 4 0 0 0 5 5 1 2 4 2 2 4 5 5 5 1 1 5 2 4 4 2 1 2
4 1 2 0 1 4 0 6 1 6 5 5 1 1 5 0 5 1 1 5 2 1 1 2 0 0 0 5 0 5 2 0 4 4 4 6 5 5 5 0 0 4 4 0 4 0 5 1 4 0 4 5 1 1 5 5 5 0 1 2 1 4 6 0 2 1 1 4 4 4 5
4 6 4 5 1 0 1 4 1 2 1 1 1 1 5 5 5 2 2 2 4 1 5 0 1 2 1 2 5 0 0 5 2 5 2 4 5 0 5 6 0 6 4 0 4 0 4 5 1 2 0 0 0 1 2 6 6 0 6 1 5 6 1 2 0 1 5 0 1 4 5
4 4 4 5 5 0 4 5 0 6 2 5 6 1 1 5 1 4 6 4 5 1 4 2 0 2 6 1 0 1 5 0 6 0 0 6 5 1 5 4 2 1 5 1 4 0 5 0 0 2 0 0 1 2 1 2 4 5 4 4 2 5 1 0 0 4 0 6 0 5 4
4 4 2 1 6 4 1 0 1 5 5 0 4 1 0 4 6 4 5 2 6 0 4 4 0 4 6 5 0 4 0 4 6 1 4 2 6 2 0 2 2 4 1 4 5 4 5 1 1 1 1 1 0 0 4 2 4 5 2 0 0 0 6 1 1 2 5 2 1 2 0
4 5 0 2 4 1 5 5 1 4 1 6 1 4 0 1 5 5 0 2 5 4 2 5 4 2 2 6 1 4 2 5 5 2 4 6 5 6 2 5 2 0 4 4 5 0 0 5 4 6 4 2 2 0 5 2 4 2 2 0 4 2 2 0 5 2 4 4 5 6 1
4 5 6 5 1 0 0 4 0 4 4 4 1 2 4 4 1 6 1 5 2 5 5 2 0 1 0 5 4 4 4 2 1 0 5 2 5 2 1 2 4 0 4 5 2 1 1 1 4 4 2 4 2 0 0 1 2 0 6 4 5 2 5 1 1 5 0 1 0 0 4
4 4 0 4 1 6 2 2 4 1 1 6 0 1 0 0 1 0 2 4 4 5 6 4 5 2 4 6 1 1 2 1 2 1 4 2 1 0 0 5 2 5 1 0 4 2 1 4 0 2 5 2 5 1 1 0 1 2 1 5 6 2 5 5 2 5 0 5 0 0 1
4 5 6 1 0 4 5 5 0 2 4 0 2 1 0 2 4 4 0 1 2 2 0 4 0 6 6 2 1 4 6 0 4 1 0 4 6 4 4 2 4 0 0 0 0 2 2 0 4 5 4 0 5 2 6 2 0 1 1 5 1 1 1 4 2 2 4 0 4 0 4
4 0 2 0 5 5 1 5 0 5 4 0 1 4 0 0 4 4 5 0 0 2 4 0 6 5 6 6 0 1 4 2 5 2 2 5 6 0 4 6 5 1 0 4 0 2 2 6 4 1 6 1 2 5 2 1 2 0 0 1 5 2 5 0 0 5 2 2 2 6 1
4 2 1 6 5 2 1 5 5 0 2 5 2 2 1 1 1 5 5 5 0 5 0 5 1 2 1 1 6 6 0 0 0 5 6 1 2 1 4 4 4 4 4 2 1 4 2 0 5 4 1 2 0 5 0 4 6 4 0 5 5 1 2 4 2 5 2 2 4 1 1
4 6 0 4 2 2 1 1 0 2 5 2 1 5 1 1 1 6 4 0 1 0 4 5 5 5 2 5 0 6 5 2 4 2 5 0 1 1 2 2 1 4 4 6 0 6 0 5 1 5 1 0 6 0 2 1 4 2 5 0 5 4 5 5 0 0 6 6 2 6 2
4 6 0 4 5 4 0 5 1 5 2 6 4 6 4 1 2 5 6 6 1 0 6 4 5 0 1 4 2 0 4 0 5 6 2 2 4 1 5 4 4 0 0 1 4 0 4 1 4 0 5 5 0 4 4 1 1 0 4 0 0 1 5 2 2 4 2 4 0 1 0
4 1 4 0 0 2 4 2 0 1 4 1 2 1 2 1 4 2 5 1 2 4 1 5 2 0 0 1 5 1 0 2 0 4 0 4 2 4 2 4 0 6 2 2 0 2 0 4 5 6 4 4 5 2 1 0 4 0 2 0 0 0 5 0 6 5 4 4 2 0 4
4 4 2 4 4 0 5 1 4 6 0 0 4 5 4 1 4 6 4 0 1 1 5 5 5 0 1 2 2 2 1 4 2 4 1 1 6 0 0 1 6 1 4 1 4 4 1 1 1 2 2 2 0 6 1 5 1 5 2 2 0 4 0 0 0 1 5 5 2 0 0
4 5 5 4 0 4 0 1 0 4 5 1 4 4 4 1 2 0 1 0 2 1 0 6 0 0 0 2 4 5 4 5 4 0 0 5 0 4 5 1 2 5 6 5 4 4 0 6 0 6 5 5 2 4 1 6 4 2 1 2 2 4 1 0 6 2 2 6 0 2 1
4 1 2 5 4 6 5 4 0 0 1 4 0 2 1 2 2 4 5 1 1 2 0 0 1 1 6 0 1 5 4 6 0 0 5 1 1 1 1 2 1 0 5 0 5 5 4 2 4 6 2 1 0 5 5 1 5 2 5 5 6 2 2 0 0 4 1 4 1 0 6
4 2 2 0 4 2 4 5 1 0 1 0 1 1 2 0 2 2 6 4 2 0 1 5 0 4 5 4 4 1 5 1 6 5 1 1 1 4 2 4 5 2 5 5 1 2 2 2 0 1 0 2 6 0 1 5 0 1 4 5 4 6 4 4 5 0 0 0 1 1 5
4 0 6 0 6 1 0 5 2 1 0 1 2 4 0 6 5 5 4 0 1 0 2 2 2 4 1 5 6 6 0 1 1 1 4 6 4 2 0 1 4 0 4 4 4 1 1 1 2 5 5 2 0 1 4 0 6 1 6 2 4 4 4 1 4 1 0 1 2 0 1
4 2 2 4 0 5 0 2 0 4 1 5 4 2 4 5 2 2 0 2 1 0 1 4 6 1 1 6 4 1 5 1 5 4 1 5 5 1 5 4 5 4 1 5 1 6 5 5 5 4 5 2 4 1 5 1 5 2 1 5 0 4 1 4 4 2 2 0 1 6 4
4 1 4 1 5 6 6 4 1 0 2 2 0 1 1 5 2 2 1 5 6 2 0 5 2 2 2 4 4 1 5 1 1 5 4 1 5 1 2 4 0 0 4 1 2 1 2 1 4 2 2 2 5 5 2 2 4 2 5 4 6 1 1 1 5 1 0 4 0 4 6
4 6 1 4 2 4 2 5 0 2 0 5 2 4 1 1 4 1 0 5 0 6 1 4 1 5 6 1 1 2 1 0 4 2 6 2 0 1 5 2 5 5 0 0 4 2 6 0 5 0 2 5 1 1 4 4 0 4 0 6 0 5 4 6 2 2 2 2 0 0 5
4 5 2 4 0 4 5 5 1 1 6 4 5 4 0 4 2 4 1 4 5 5 1 4 0 4 1 1 0 5 2 0 0 0 5 0 4 1 0 5 0 0 1 6 2 1 5 1 5 0 1 1 2 5 5 4 1 1 5 6 4 5 6 6 5 0 6 4 0 1 0
<end>