<number of tasks>
70
<number of stations>
7
<type of the robots>
4
<limit of the robots>
1 2.34
2 4.83
3 6.36
4 6.62
<task times>
1 158 207 181 74
2 235 242 88 73
3 230 168 87 65
4 260 205 124 97
5 248 158 101 104
6 201 131 69 138
7 218 147 91 70
8 171 124 93 86
9 166 73 65 67
10 209 155 102 95
11 230 166 65 45
12 235 128 149 103
13 303 147 102 151
14 239 207 76 77
15 299 298 134 183
16 107 174 52 74
17 141 118 104 89
18 162 89 68 57
19 111 70 47 56
20 162 122 80 77
21 213 118 134 98
22 209 311 183 74
23 230 147 164 101
24 137 276 120 57
25 137 83 52 42
26 141 99 71 132
27 154 155 63 88
28 171 116 53 76
29 201 168 74 151
30 371 226 121 95
31 166 114 71 56
32 222 133 63 74
33 269 255 120 128
34 120 182 157 62
35 98 99 49 89
36 120 102 74 41
37 192 259 138 145
38 166 155 88 175
39 137 178 146 103
40 230 257 82 139
41 256 238 116 70
42 166 147 61 109
43 226 104 47 59
44 175 131 58 54
45 154 236 83 92
46 162 158 63 116
47 213 149 83 48
48 294 137 94 45
49 205 170 101 151
50 226 191 69 109
51 175 274 135 65
52 333 170 80 74
53 102 184 82 47
54 137 89 93 98
55 196 176 71 63
56 179 346 173 177
57 384 106 134 92
58 248 197 94 71
59 137 97 72 88
60 307 220 66 60
61 256 124 49 76
62 226 104 124 98
63 239 137 118 136
64 141 114 76 56
65 115 158 63 106
66 149 116 99 113
67 98 91 79 44
68 162 137 127 127
69 282 133 77 166
70 120 116 65 65
<precedence relations>
1,2
1,41
1,69
1,70
2,3
3,4
3,68
4,6
4,7
5,6
5,24
5,30
6,8
7,8
8,12
9,10
10,11
11,12
12,13
12,14
13,23
14,23
15,16
16,17
16,18
17,19
18,19
19,20
19,22
19,57
20,21
21,23
22,23
23,25
23,31
23,33
24,25
25,26
25,27
25,28
25,29
26,35
27,35
28,35
29,35
30,31
31,32
32,35
33,34
34,35
35,36
35,44
35,48
35,51
35,53
35,56
35,60
35,61
35,62
36,37
37,38
38,39
39,40
40,42
41,42
42,43
43,50
44,45
45,46
46,47
47,50
48,49
49,50
51,52
52,54
53,54
54,55
57,58
58,59
59,60
61,65
62,63
63,64
64,65
64,66
64,67
<setup time between tasks by robots>
1 0 13 4 17 0 9 9 9 13 9 21 13 13 0 9 0 21 0 13 17 13 4 4 0 21 0 4 13 4 4 9 9 13 9 17 17 21 0 4 9 13 9 9 4 9 13 17 0 9 9 21 17 0 21 0 4 17 13 17 21 17 13 21 17 4 17 4 9 13 9
1 9 0 17 17 4 9 4 17 13 0 0 21 0 0 13 13 4 17 0 0 13 17 21 17 9 17 21 13 4 4 9 4 9 0 4 9 0 21 13 21 0 13 13 21 21 21 4 4 4 9 13 17 0 9 4 0 13 0 17 0 9 21 9 21 0 17 21 4 9 0
1 4 17 0 0 13 13 13 17 13 4 21 0 0 17 4 4 17 9 17 13 13 17 4 4 13 9 21 4 21 9 13 9 17 17 13 9 9 4 0 21 9 21 0 0 17 17 4 0 4 13 9 17 9 9 0 13 4 9 9 0 0 13 21 13 21 17 4 17 4 13
1 17 4 4 0 0 9 9 0 9 0 0 17 0 4 17 13 0 0 9 0 21 21 0 13 4 0 17 17 4 17 0 9 21 0 17 4 21 21 13 13 9 4 0 9 21 21 4 9 9 0 4 4 13 13 0 21 4 17 0 17 4 9 21 4 13 4 9 13 17 21
1 21 9 9 13 0 9 0 13 17 17 13 17 4 0 9 13 4 13 0 9 17 17 17 21 0 4 0 0 9 21 13 0 17 9 17 17 21 0 9 4 13 21 4 9 9 21 0 9 21 4 0 4 21 0 17 4 17 9 17 17 21 13 17 0 13 9 0 17 9 13
1 4 13 17 21 0 0 9 13 0 0 0 0 9 0 13 4 17 0 0 13 13 4 4 9 0 0 13 13 4 17 4 0 9 0 17 9 4 13 0 17 21 4 21 0 4 4 4 9 9 4 0 4 13 21 13 17 17 4 0 9 9 21 9 9 4 13 0 17 9 17
1 9 21 0 9 21 4 0 17 0 9 9 4 4 0 13 9 17 17 21 9 21 0 4 4 17 4 0 0 9 4 4 17 4 9 4 4 9 9 21 21 4 0 13 0 21 13 17 4 9 4 21 21 17 17 0 21 13 13 0 9 21 17 21 17 17 4 4 9 0 21
1 9 17 21 13 4 21 0 0 4 9 13 0 0 13 17 17 17 0 4 9 0 0 13 4 21 4 0 4 4 17 0 21 4 9 13 9 0 4 0 13 9 21 21 4 17 17 4 4 9 9 13 4 17 4 21 13 4 4 9 17 13 13 4 21 4 13 17 13 21 0
1 0 9 13 9 17 9 0 9 0 17 21 13 13 4 4 17 21 17 13 13 4 17 4 0 0 9 0 4 13 0 21 4 9 9 0 21 21 13 0 21 17 17 17 4 21 4 13 4 0 4 17 9 17 13 0 4 17 9 9 17 21 4 9 0 9 0 0 9 21 9
1 13 9 4 4 21 13 17 0 0 0 17 13 4 9 9 21 13 21 13 17 21 4 4 13 0 4 9 17 4 17 13 9 21 9 4 21 4 4 4 4 17 4 13 17 4 17 9 21 13 4 13 9 4 13 4 9 4 17 13 17 17 0 9 4 9 17 9 17 9 4
1 4 4 13 13 0 9 4 9 21 13 0 9 4 13 21 17 9 13 21 17 21 0 0 9 13 17 17 9 13 9 0 9 9 21 0 13 0 13 17 13 4 17 4 0 17 13 4 4 9 13 4 17 4 17 17 13 17 0 21 4 13 9 9 21 21 9 9 0 17 4
1 0 4 21 0 9 4 0 4 9 17 0 0 21 9 13 21 4 9 4 17 4 13 0 4 17 4 13 17 0 0 9 13 17 13 9 0 13 0 21 0 13 17 4 13 9 21 9 4 9 0 17 13 13 4 17 21 4 17 4 4 17 13 21 0 0 13 0 0 0 4
1 13 13 9 13 9 4 13 17 17 13 4 13 0 9 0 4 0 0 4 13 0 9 13 4 21 21 21 4 13 21 4 17 9 21 17 21 4 9 4 17 17 17 13 13 17 13 4 9 13 4 9 17 9 13 4 4 17 13 4 9 13 13 0 4 4 9 13 4 4 0
1 13 13 9 0 4 13 13 17 21 0 21 4 17 0 13 13 0 13 13 21 4 0 21 4 17 13 21 9 0 9 17 13 17 4 13 9 21 13 13 17 13 0 21 0 4 13 9 17 4 4 0 17 0 4 17 9 4 9 4 13 4 17 21 0 0 4 0 4 17 4
1 9 17 4 13 21 13 17 4 13 13 9 13 13 9 0 9 9 13 21 0 0 13 17 13 21 13 4 17 13 4 0 9 13 4 13 9 0 13 9 21 17 4 21 13 21 17 21 0 21 13 13 17 17 9 9 21 21 0 4 9 13 9 4 21 13 21 0 9 0 13
1 9 21 9 13 0 0 4 4 4 4 17 0 0 13 9 0 9 17 17 17 0 9 13 17 13 0 4 9 9 17 4 21 9 9 21 0 0 13 13 21 17 13 17 21 17 9 17 21 0 4 9 4 17 0 4 4 0 0 4 9 0 13 9 13 13 13 13 9 13 9
1 0 13 0 17 21 21 21 21 13 13 9 17 0 9 13 9 0 4 13 13 9 13 13 9 17 17 17 21 17 0 13 9 17 21 13 17 0 17 17 0 17 13 13 4 17 0 17 9 21 4 17 17 9 9 21 4 4 17 4 13 13 13 17 0 17 13 21 0 0 4
1 9 13 17 9 13 13 9 9 0 17 13 0 4 13 9 0 9 0 13 0 17 0 9 4 4 0 13 21 21 13 13 9 13 9 13 13 17 21 13 9 13 0 4 0 13 9 17 4 17 0 0 21 21 0 13 4 4 0 9 9 17 21 21 0 17 4 9 9 0 17
1 17 9 13 21 0 9 9 13 17 4 9 4 13 9 0 13 13 4 0 13 9 4 9 0 17 4 21 17 17 0 17 13 21 9 17 0 0 21 0 17 9 21 13 9 4 9 0 4 17 4 13 13 9 0 21 9 13 13 13 21 9 0 13 0 17 4 13 21 13 13
1 17 17 9 0 17 21 0 4 21 17 21 21 0 21 21 13 4 21 13 0 4 21 4 21 0 4 0 13 17 9 9 13 21 9 13 17 17 13 0 4 4 13 13 13 13 4 0 4 17 17 21 17 4 17 17 17 4 9 21 17 0 0 13 13 21 0 9 0 4 4
1 0 13 4 4 17 4 17 0 0 21 21 4 17 17 13 17 9 21 9 9 0 17 21 21 0 4 0 13 17 21 9 17 13 4 9 13 4 13 13 17 4 4 9 13 0 9 4 13 17 17 13 4 13 9 13 13 4 0 9 17 21 21 4 13 4 21 21 17 13 9
1 13 21 4 4 13 4 13 9 13 0 21 4 4 9 17 0 4 17 13 0 4 0 0 4 4 13 9 0 17 21 4 4 9 13 0 0 17 0 9 0 17 21 4 9 4 4 21 4 9 13 4 0 9 4 21 0 17 21 0 21 4 13 17 13 0 13 0 9 17 4
1 4 13 17 4 13 17 0 13 13 0 21 21 4 21 13 0 4 0 0 21 0 9 0 13 13 0 17 4 4 0 21 0 9 17 17 13 13 17 17 13 0 0 9 0 13 0 4 0 9 21 9 4 13 4 13 17 13 4 0 21 0 4 9 17 21 13 21 9 13 13
1 17 0 0 4 4 0 4 17 0 21 0 17 17 17 21 9 0 9 13 21 9 9 17 0 21 4 21 13 0 0 13 4 9 0 13 0 9 17 0 21 13 13 13 17 21 0 9 17 21 0 13 17 13 4 17 13 21 9 17 9 21 4 9 9 17 13 21 9 9 21
1 17 17 4 4 4 0 9 21 9 0 13 0 17 13 13 17 17 17 17 9 17 21 21 4 0 13 13 21 4 17 4 13 21 17 9 13 9 13 0 9 9 17 0 9 21 13 9 4 4 13 21 17 0 17 4 17 17 4 17 9 13 9 4 4 0 21 9 0 0 21
1 0 17 9 13 9 4 9 13 9 17 17 17 13 9 17 17 21 9 9 17 9 0 17 4 9 0 17 17 17 4 21 4 21 13 21 4 0 9 0 0 17 17 4 0 4 17 21 9 9 17 0 4 9 9 13 13 13 9 4 4 9 21 9 4 13 21 17 0 13 21
1 9 0 4 17 9 9 4 0 4 9 0 13 17 0 13 13 4 13 0 17 13 0 21 9 9 9 0 9 21 0 4 17 9 9 0 9 0 17 4 17 13 13 21 4 17 4 0 13 13 13 17 9 0 13 0 9 0 21 21 17 9 17 13 13 13 21 17 17 0 0
1 0 13 17 0 17 17 21 9 13 13 17 9 13 0 4 4 4 0 13 0 9 4 0 0 17 9 0 0 13 4 17 13 13 9 4 9 13 21 17 4 17 13 0 17 17 4 9 9 17 9 9 13 13 0 9 9 4 13 0 13 9 21 21 13 0 13 13 21 17 13
1 13 21 21 17 13 9 4 0 17 9 4 21 17 0 4 0 0 13 13 9 0 17 21 21 13 13 4 4 0 4 9 21 13 9 13 0 0 13 13 21 0 4 13 21 4 13 21 0 17 4 0 4 17 17 4 21 17 0 0 0 0 0 9 13 13 9 21 21 9 13
1 4 0 0 0 4 13 21 21 21 0 17 13 21 4 21 4 9 17 21 17 21 17 4 9 4 17 21 4 17 0 13 9 17 4 21 4 0 4 9 13 4 9 4 9 9 9 4 17 9 13 21 0 0 9 21 21 9 0 0 9 9 9 21 13 17 4 21 0 9 9
1 9 13 21 0 17 17 4 9 21 0 4 21 0 13 4 17 21 13 17 13 17 21 4 0 0 9 4 9 17 13 0 9 13 0 13 9 9 0 4 0 4 21 4 9 13 13 17 0 17 0 13 4 4 4 0 13 17 17 4 4 4 0 4 17 17 21 21 17 17 21
1 0 0 17 0 4 13 13 9 17 13 4 0 13 9 9 9 4 21 17 0 9 0 0 13 0 17 21 13 13 21 13 0 0 17 9 21 13 17 21 4 9 9 9 9 13 9 17 17 21 17 17 13 17 21 17 21 21 9 4 13 9 13 17 17 0 9 4 0 4 4
1 4 17 4 9 13 13 13 21 13 21 17 0 4 21 9 9 13 9 9 17 4 0 13 4 21 13 17 13 4 4 21 9 0 21 9 9 13 13 17 13 9 13 13 17 17 4 17 0 0 17 21 9 0 17 9 21 0 9 13 13 4 21 0 9 4 21 17 0 0 21
1 4 0 0 0 4 21 9 9 4 4 17 21 4 4 21 13 17 21 4 13 0 0 0 17 0 21 0 13 21 4 0 4 13 0 21 9 4 4 13 9 4 13 4 13 21 13 4 17 17 17 17 9 0 4 13 9 21 21 9 9 0 21 21 0 9 13 17 21 9 9
1 4 0 21 13 17 13 21 13 0 17 17 4 0 13 17 0 9 21 9 9 13 0 17 13 21 4 9 9 0 21 13 17 13 4 0 4 17 0 9 9 4 17 17 13 0 17 0 17 9 9 4 9 0 9 0 4 0 9 17 9 13 9 9 21 13 13 13 4 21 17
1 21 0 4 9 9 0 17 9 4 4 21 13 17 0 13 21 21 21 13 21 17 0 9 4 9 13 21 9 17 13 9 4 4 4 4 0 4 17 13 9 21 0 9 17 4 9 17 13 21 13 21 0 17 17 9 17 17 0 13 21 0 4 9 9 13 17 0 21 13 17
1 17 4 21 17 17 17 9 4 9 21 17 13 13 0 9 9 0 13 17 0 4 4 0 13 21 0 0 13 17 9 9 21 0 21 9 4 0 13 17 21 4 4 17 9 13 17 9 0 0 9 0 21 4 0 9 17 21 13 9 4 4 17 21 21 13 17 17 0 4 17
1 21 9 4 9 0 4 4 9 9 4 21 17 9 13 0 0 0 0 9 13 17 21 17 17 13 4 13 9 17 4 17 4 0 4 0 0 4 0 13 21 13 13 0 17 17 0 13 9 21 13 9 4 17 9 0 13 9 17 13 13 0 9 13 21 21 9 4 13 0 0
1 9 21 0 0 0 13 0 9 9 4 4 21 4 9 13 13 13 4 13 4 4 9 13 4 13 4 0 17 9 13 0 9 13 17 9 17 21 17 0 17 4 9 4 9 13 4 0 13 13 4 0 4 9 9 4 17 13 17 17 9 17 13 17 0 21 13 17 17 13 17
1 17 13 0 17 9 21 9 4 9 9 0 4 9 13 4 4 4 0 0 4 13 0 0 0 0 0 4 17 4 21 17 4 0 0 0 9 13 13 9 0 17 0 9 17 9 9 13 17 4 13 13 0 4 0 4 13 4 0 17 21 17 13 17 21 4 0 13 0 9 4
1 13 4 21 13 13 9 9 0 13 9 9 21 9 17 21 4 9 17 13 9 4 9 0 13 21 21 0 9 21 0 17 13 9 21 4 0 4 0 9 0 0 0 13 13 21 4 9 9 13 9 13 9 17 21 4 9 13 0 17 4 21 0 0 9 17 13 17 17 17 17
1 13 0 21 13 9 17 0 21 13 9 4 13 9 17 4 4 4 21 17 9 0 13 17 0 4 21 21 21 4 17 4 9 17 13 0 4 4 13 4 4 0 0 13 17 9 0 4 21 13 17 0 9 17 17 9 13 17 9 0 4 17 0 21 17 17 4 21 17 17 17
1 4 9 17 9 13 13 9 4 4 13 0 17 21 0 17 9 4 13 17 4 4 4 17 4 17 9 17 17 17 13 17 21 21 9 13 4 0 4 4 17 21 17 0 9 9 0 4 21 13 0 21 4 21 4 9 9 17 13 9 4 13 21 4 17 9 13 21 21 13 17
1 4 17 9 0 13 17 9 4 4 0 9 0 4 9 4 0 9 21 0 0 17 13 0 17 21 21 0 13 13 0 13 4 21 9 9 17 0 21 17 13 17 21 4 0 21 13 21 4 9 0 21 9 9 9 0 17 17 0 17 21 9 0 9 9 21 9 21 17 4 0
1 13 13 21 17 0 4 13 4 0 21 9 0 13 13 13 4 9 9 9 21 17 0 0 9 4 4 13 21 0 9 9 17 21 21 17 13 21 0 9 0 0 17 13 17 0 0 17 13 13 4 9 9 21 13 21 4 21 9 4 4 4 9 17 17 0 9 17 21 9 9
1 0 9 9 0 13 21 9 9 0 13 13 0 9 4 9 17 4 21 13 21 9 4 13 17 0 17 4 4 9 17 21 9 9 13 4 0 4 13 9 4 13 9 9 0 4 0 4 21 9 9 4 17 13 21 17 0 21 21 17 0 21 4 13 4 17 0 17 0 21 13
1 0 4 13 9 9 13 0 0 13 0 17 9 17 13 4 17 4 13 4 13 21 21 4 13 0 4 13 13 9 13 9 4 0 17 4 0 0 0 17 4 21 9 13 21 21 0 0 21 17 13 9 9 13 9 9 4 4 4 13 13 21 0 9 9 17 17 4 4 0 21
1 9 21 0 17 0 4 0 4 4 4 13 9 9 13 13 0 17 17 4 0 9 17 4 0 21 17 0 4 4 17 4 4 17 13 13 9 9 13 13 9 21 9 13 0 21 9 9 0 9 17 9 17 9 17 13 13 13 4 21 4 9 17 9 9 21 17 9 13 17 21
1 13 4 4 13 21 13 17 17 0 21 0 13 4 9 4 0 0 9 17 9 0 21 4 17 9 4 13 0 9 21 0 4 4 17 9 17 0 9 4 0 17 0 0 4 9 9 17 9 0 17 0 0 17 13 13 0 9 4 17 0 0 17 13 4 17 17 13 0 17 0
1 9 9 21 17 17 9 9 0 9 17 9 9 4 0 21 4 0 9 0 0 9 4 17 0 0 21 13 17 9 0 17 9 0 9 17 9 4 17 0 13 17 17 9 0 0 9 17 0 17 0 0 0 4 4 0 9 21 9 0 17 21 17 13 0 4 17 4 13 17 9
1 0 0 0 4 13 21 13 17 21 0 17 17 0 9 4 13 4 9 9 21 21 17 17 4 4 21 21 0 4 4 13 21 9 17 9 17 21 21 17 13 21 4 17 21 4 4 9 4 13 17 0 4 4 9 17 0 17 9 21 17 4 0 17 0 17 9 9 13 0 9
1 0 4 17 9 13 4 13 4 4 13 0 0 4 0 4 0 0 17 17 9 9 17 4 17 17 21 4 13 21 0 17 17 9 4 13 17 0 13 0 17 17 17 21 13 21 9 9 4 17 21 13 0 17 9 4 13 0 0 0 21 17 13 21 21 13 13 0 21 9 4
1 21 4 0 0 13 21 0 17 9 0 9 0 9 21 17 4 0 4 21 21 0 9 21 0 17 13 9 0 13 9 0 21 13 13 4 13 13 4 17 9 0 17 13 17 17 9 13 21 0 9 4 4 0 13 13 0 4 0 13 0 4 9 9 13 17 4 21 9 4 9
1 4 9 17 13 9 17 21 4 4 4 0 17 4 0 4 21 21 0 13 4 0 21 9 4 4 0 9 4 9 13 9 21 17 0 17 21 9 13 13 4 0 13 13 0 4 9 17 9 17 21 17 17 4 0 17 13 9 0 13 9 17 17 13 21 0 4 17 4 4 17
1 4 21 21 9 21 4 17 17 4 9 13 13 4 17 0 9 4 4 9 4 17 13 4 21 0 17 17 4 21 0 0 17 13 4 13 9 9 17 17 9 13 21 0 9 9 17 9 9 13 9 21 9 4 4 0 4 9 21 21 9 4 4 4 4 0 0 21 9 9 13
1 17 21 17 4 0 9 9 13 9 4 17 17 17 21 13 13 4 9 21 13 9 4 13 21 0 21 9 0 21 17 9 0 0 17 9 4 21 13 0 17 13 0 17 13 0 4 9 17 0 4 17 17 4 21 9 0 4 9 21 4 13 0 9 17 9 17 4 4 4 9
1 21 21 0 4 9 9 17 13 0 13 9 17 0 17 0 21 4 0 17 0 17 13 4 13 9 21 9 4 13 17 13 21 13 13 13 17 9 4 4 21 9 13 13 4 13 13 13 0 0 9 4 4 13 13 0 9 0 13 13 9 0 13 4 9 17 13 21 21 0 17
1 4 21 17 4 0 9 9 9 21 13 9 4 0 21 17 4 0 17 4 13 4 13 0 9 17 0 0 21 0 0 13 17 9 9 0 17 4 13 13 21 0 9 13 9 4 13 13 0 9 4 9 9 9 9 17 4 0 0 21 0 0 9 0 9 4 9 21 4 9 0
1 9 17 4 4 13 4 0 17 17 21 17 0 0 9 0 21 9 21 0 0 9 13 17 4 4 0 21 0 0 0 9 21 17 13 9 21 13 4 9 4 0 13 9 9 0 13 0 9 21 9 21 0 4 21 0 0 9 17 0 13 9 0 13 13 4 4 17 21 17 9
1 17 21 21 21 0 21 17 4 21 9 9 0 4 9 4 13 9 4 17 0 4 0 9 4 13 0 21 0 17 21 21 17 21 13 4 0 9 0 13 17 17 13 21 9 9 9 13 13 4 17 4 9 17 17 4 0 21 21 9 0 0 0 0 17 9 9 21 9 21 21
1 17 17 9 4 4 4 0 13 17 9 9 17 13 9 9 17 17 9 0 4 0 13 4 0 4 0 17 4 0 9 13 13 21 13 4 13 13 0 0 9 17 13 4 4 21 21 0 17 9 13 21 9 17 4 17 0 17 17 13 0 0 17 9 21 0 21 17 4 0 21
1 4 21 17 21 13 21 13 4 13 9 4 4 17 4 17 13 0 13 17 13 9 0 21 17 0 0 21 0 9 9 21 9 4 17 17 13 21 4 13 0 21 17 17 9 4 17 21 21 13 9 21 0 0 13 17 13 9 9 17 4 13 0 21 21 21 4 0 21 13 0
1 0 17 9 4 0 4 13 4 0 9 21 13 21 0 17 0 17 0 0 13 4 21 9 21 0 9 17 9 0 17 9 9 17 4 9 9 0 13 17 13 9 9 0 0 0 0 0 4 17 17 17 4 9 9 17 9 9 17 9 21 0 4 0 9 17 9 13 17 9 21
1 4 4 0 17 9 17 0 4 21 9 0 13 21 4 17 9 0 13 17 9 17 9 17 0 17 13 17 21 9 4 4 9 4 13 21 4 4 4 4 21 9 21 4 21 21 17 0 0 4 9 13 21 9 9 17 4 0 13 0 13 13 17 9 0 13 9 9 9 17 0
1 21 0 21 9 21 21 13 4 17 9 0 9 0 0 21 21 17 17 13 9 13 17 9 17 0 17 0 4 0 9 4 17 4 17 9 17 9 17 0 17 0 21 21 4 0 0 9 9 21 4 13 9 21 9 4 17 13 21 17 13 21 9 21 21 0 0 9 21 17 0
1 17 17 9 21 17 13 9 9 0 4 13 13 21 13 17 9 17 9 4 17 13 4 17 4 0 0 17 17 21 9 9 0 13 17 0 21 9 0 9 17 9 9 17 0 0 17 4 9 17 0 21 13 13 21 21 9 13 13 21 17 13 0 4 13 17 0 0 13 0 4
1 0 13 9 17 0 13 17 21 17 0 17 21 9 13 17 9 17 4 0 17 4 0 4 0 21 9 13 13 13 13 0 9 13 4 13 17 21 21 9 13 4 13 17 21 9 13 9 13 9 9 13 13 0 17 17 0 21 4 21 4 9 0 9 13 13 4 0 4 17 0
1 17 4 21 13 13 4 17 13 4 17 17 4 0 9 4 13 21 4 17 9 13 13 4 17 0 9 0 17 13 9 13 0 13 4 21 9 4 17 21 4 0 4 9 9 21 4 13 9 4 4 21 13 13 17 0 13 13 0 13 13 17 0 4 17 9 21 0 0 21 17
1 0 9 17 13 17 4 13 13 17 0 17 4 4 13 21 17 13 21 17 17 4 17 4 9 4 21 9 0 9 4 4 4 21 0 0 0 17 21 13 17 17 13 0 4 9 0 9 13 4 17 17 4 17 21 17 17 0 17 0 21 21 13 13 0 13 4 0 9 0 0
1 17 17 0 4 17 4 0 4 13 9 13 4 21 17 0 21 0 13 13 13 17 17 21 9 17 4 9 9 0 13 21 0 13 9 13 17 0 13 13 0 0 9 13 13 4 0 4 17 0 9 9 9 21 0 21 17 17 9 0 9 0 9 17 0 9 17 17 4 9 0
2 0 4 4 4 2 15 6 2 12 0 4 6 6 10 12 8 15 15 0 10 12 8 10 2 8 10 4 8 0 0 0 12 10 17 8 2 0 6 0 12 6 4 6 12 4 0 17 17 17 0 8 15 6 10 0 12 17 0 10 15 10 2 2 2 15 15 0 0 10 17
2 17 0 12 0 2 8 10 0 8 0 2 10 0 17 15 8 4 2 10 6 2 8 6 2 6 8 12 17 6 6 6 15 0 6 8 6 17 2 17 8 17 8 12 0 4 0 12 4 6 15 15 4 2 17 10 8 6 17 10 8 10 8 17 0 10 4 4 4 12 15
2 8 6 0 12 8 2 0 6 10 2 4 8 12 12 10 12 2 8 10 8 0 0 6 8 8 12 15 6 0 6 6 15 10 2 8 2 0 2 15 8 2 4 0 17 0 4 8 6 4 15 2 0 8 4 8 0 2 8 15 6 12 4 12 12 4 8 6 0 15 10
2 15 2 6 0 15 10 4 15 15 6 10 15 0 4 12 0 12 15 4 10 17 8 8 12 2 0 2 6 6 8 17 0 15 15 4 15 8 4 2 10 4 12 6 17 6 0 8 2 4 6 10 12 6 0 2 12 2 6 12 17 10 8 6 4 10 6 4 0 2 0
2 10 17 10 15 0 8 10 12 6 17 0 17 6 10 17 10 10 0 17 0 0 0 10 2 2 2 6 4 2 0 0 2 12 12 4 10 2 10 4 6 4 8 15 0 2 0 17 0 15 4 4 2 0 0 8 10 4 12 10 6 12 15 4 0 4 12 0 10 0 6
2 0 12 8 10 2 0 15 10 12 15 4 15 2 4 2 6 12 12 2 15 17 12 0 0 8 0 6 10 12 10 12 2 10 6 6 6 0 15 17 0 6 6 15 12 6 12 6 0 6 12 0 0 8 10 12 10 17 10 6 6 12 10 15 17 4 12 15 17 8 12
2 4 0 10 6 0 6 0 12 2 0 10 6 8 4 8 2 12 10 8 2 2 4 15 4 4 6 15 6 4 0 6 2 2 12 12 15 15 0 12 0 8 17 12 8 8 6 15 6 8 8 2 0 4 4 15 8 12 6 15 10 4 4 4 2 0 0 2 15 0 12
2 10 15 8 4 15 2 0 0 17 15 17 2 6 12 0 4 12 4 8 0 10 10 2 10 4 0 15 10 10 15 15 12 8 10 12 8 6 4 4 6 10 8 4 17 0 17 10 0 0 8 6 8 15 8 6 17 6 12 2 2 6 8 2 10 2 2 12 4 6 10
2 8 0 0 8 6 8 17 17 0 4 10 17 8 15 4 4 12 6 0 12 15 8 6 12 0 15 2 2 8 10 0 10 10 0 10 10 10 17 6 6 8 12 4 15 2 6 15 15 12 2 6 0 6 0 8 4 12 15 2 4 2 15 10 4 2 12 15 4 0 15
2 15 6 12 4 8 4 6 15 6 0 0 12 6 4 0 4 2 12 12 12 0 6 0 12 4 2 6 2 2 15 4 6 6 15 10 12 8 2 10 12 17 0 0 0 4 0 15 15 6 2 2 2 2 6 12 0 0 15 17 2 10 15 8 10 15 15 12 2 10 2
2 8 8 15 10 2 2 8 10 6 6 0 8 8 2 17 17 2 17 0 12 2 8 0 8 12 15 0 2 0 8 8 6 2 8 6 15 2 2 8 15 12 6 10 0 2 12 10 17 4 17 10 6 12 6 17 15 10 6 12 2 8 4 2 0 4 0 17 10 10 6
2 17 4 15 8 12 8 17 2 10 6 12 0 10 12 4 8 17 12 2 10 2 2 6 6 4 12 12 12 12 0 6 12 12 0 12 15 4 6 2 15 2 8 12 8 8 6 2 12 17 15 8 6 6 6 2 17 17 12 15 4 6 15 12 10 0 2 4 6 4 10
2 0 4 2 0 8 2 17 12 2 10 6 0 0 4 12 0 10 15 10 4 6 0 0 15 0 8 17 8 0 2 12 6 10 12 4 10 12 0 4 10 4 0 2 0 17 15 2 15 12 8 12 2 8 8 4 6 10 15 8 4 15 2 8 0 4 6 10 17 15 0
2 10 0 12 4 10 8 6 8 15 10 12 2 8 0 0 8 12 4 8 6 15 8 17 0 4 15 2 8 6 8 8 15 2 0 15 6 10 6 15 15 4 12 4 17 17 12 15 15 10 12 10 6 10 0 6 17 6 8 10 4 15 17 2 15 6 6 8 6 10 8
2 0 8 12 8 10 10 0 4 17 2 0 12 4 10 0 4 12 8 10 6 17 8 2 0 2 12 17 12 10 0 12 10 2 8 12 6 4 4 4 8 12 10 17 4 4 4 17 2 4 12 15 0 12 6 8 12 15 6 12 17 15 12 15 0 6 17 12 4 15 17
2 6 6 0 8 6 12 2 12 8 8 2 0 0 15 12 0 0 17 0 6 8 4 4 10 4 2 6 15 2 2 4 10 12 4 6 15 8 6 17 6 12 10 2 6 12 8 8 12 0 4 6 12 10 12 10 0 0 10 12 10 8 2 12 17 6 0 4 17 15 17
2 0 0 0 6 0 12 8 8 2 10 6 4 2 0 17 10 0 10 15 12 10 8 8 8 12 8 6 6 8 8 4 2 0 12 15 12 12 2 0 10 10 15 17 2 12 10 8 4 0 4 4 4 6 6 8 2 15 8 4 10 8 15 15 4 6 0 15 0 0 4
2 10 8 6 6 2 0 10 2 2 0 4 12 6 12 10 8 4 0 15 8 2 15 6 2 2 4 4 15 2 15 10 4 6 12 8 12 4 10 17 6 17 4 17 0 12 8 8 0 0 4 2 10 2 17 4 10 15 12 0 0 10 8 4 0 10 4 6 12 8 2
2 15 6 12 0 0 8 15 10 17 0 8 2 10 17 10 6 17 10 0 0 10 4 15 0 6 2 8 8 4 0 4 2 0 2 15 17 10 4 10 10 6 6 2 4 6 0 17 4 4 12 0 2 4 12 4 8 8 10 10 6 4 15 12 12 15 8 0 10 0 6
2 12 0 12 12 6 4 2 0 10 12 6 15 2 6 2 15 10 12 12 0 2 15 10 4 4 12 10 12 0 15 17 15 10 10 4 6 6 15 15 15 10 17 10 6 8 6 10 6 8 15 8 8 17 6 12 4 2 6 8 10 15 12 4 15 2 8 12 8 8 15
2 12 15 10 4 8 10 0 4 10 17 6 17 0 2 0 10 6 10 8 10 0 17 10 12 8 6 4 17 4 0 2 8 15 4 15 17 2 4 15 2 17 6 12 15 0 0 0 10 12 8 8 6 10 10 15 4 4 0 0 2 2 10 10 2 4 8 8 8 4 12
2 10 10 0 12 8 12 2 12 10 10 4 6 4 0 8 2 17 8 8 12 4 0 12 8 8 8 17 0 8 4 4 10 2 6 6 0 15 12 6 12 2 17 12 4 10 10 12 12 8 12 2 12 17 0 12 12 4 12 4 15 4 8 15 4 8 2 6 8 6 2
2 2 2 12 2 12 10 15 0 12 10 2 6 12 12 0 2 10 8 0 12 2 4 0 10 10 2 8 4 6 2 10 17 15 15 15 10 6 8 15 12 2 8 4 15 6 15 15 0 10 8 8 15 4 12 4 4 15 4 0 12 8 4 6 10 4 10 2 0 15 12
2 10 15 15 17 2 2 12 6 8 17 6 8 0 8 0 10 8 10 12 10 17 4 12 0 15 0 12 4 17 15 12 0 0 2 0 8 2 15 2 15 10 4 12 4 12 6 15 4 12 8 6 6 4 4 8 4 4 15 12 10 10 17 4 17 10 0 10 12 12 12
2 2 6 12 12 2 2 6 10 4 2 4 6 2 15 2 17 4 0 12 2 6 0 4 12 0 8 6 6 17 8 17 10 0 6 12 17 4 0 15 0 2 10 10 0 10 2 0 12 17 8 2 4 2 2 6 2 12 10 4 6 2 0 2 6 4 4 12 4 2 6
2 17 2 10 4 4 10 2 2 10 12 10 8 6 17 0 15 10 10 17 2 10 8 8 12 15 0 0 0 6 10 17 2 15 0 0 0 2 2 4 4 4 10 4 8 12 0 4 6 15 2 2 15 12 0 12 6 10 8 17 2 12 10 12 2 0 2 0 10 4 4
2 12 0 6 8 2 0 10 8 6 2 8 2 15 10 4 15 4 17 12 2 12 8 8 12 12 4 0 12 10 0 6 8 0 8 12 4 4 2 6 6 10 12 4 2 0 15 6 8 2 12 10 17 12 15 10 2 15 4 6 10 10 2 0 12 12 12 4 10 15 15
2 12 6 6 6 15 4 2 4 12 10 0 10 10 2 2 15 8 2 6 15 6 0 8 12 10 15 10 0 8 17 12 15 10 17 12 2 0 15 4 15 6 15 10 12 4 15 0 12 15 10 0 10 15 12 12 12 10 6 6 15 2 2 8 15 17 12 17 15 15 6
2 6 15 6 8 4 15 17 4 15 0 8 10 6 6 10 8 2 2 17 8 12 6 8 2 6 12 12 8 0 2 10 10 6 8 4 6 10 6 4 15 8 4 17 0 4 12 12 8 15 4 0 10 15 4 8 0 10 15 6 6 12 4 12 8 6 12 0 15 12 15
2 6 6 15 8 8 8 4 17 6 10 4 8 6 2 8 6 0 2 10 15 4 8 15 12 4 10 10 6 15 0 4 17 6 10 10 15 8 4 15 15 15 0 4 4 17 12 0 4 12 6 10 10 2 6 6 0 6 15 2 0 17 17 0 10 0 10 0 15 12 17
2 8 10 12 8 8 17 2 4 12 4 17 2 4 8 12 15 4 2 8 10 4 4 10 2 8 17 0 15 2 6 0 10 6 12 6 2 8 6 8 15 15 6 12 8 0 8 15 2 4 6 12 6 10 15 15 15 4 15 12 10 12 6 12 6 6 4 15 4 4 6
2 10 15 12 17 8 12 4 15 8 15 8 10 6 10 8 0 0 15 4 8 0 0 10 8 6 2 6 12 0 15 15 0 2 12 4 10 2 6 10 0 2 4 12 0 8 12 17 4 4 0 4 2 6 8 10 2 12 2 8 8 15 6 10 0 6 12 15 15 2 4
2 4 17 2 8 15 6 8 8 10 4 2 10 2 12 15 17 4 8 15 10 8 8 15 8 8 10 6 2 12 2 4 0 0 10 15 0 2 10 4 6 15 0 8 17 6 2 15 2 12 2 0 4 10 10 6 0 0 2 4 2 4 6 0 2 12 0 0 2 6 8
2 4 8 8 0 4 4 10 4 10 8 0 8 4 15 12 4 15 0 2 6 10 10 12 4 0 8 8 10 8 8 15 2 6 0 15 6 0 8 17 2 4 2 4 8 2 17 6 8 4 12 15 15 17 4 4 17 17 4 0 8 8 10 0 10 15 15 15 8 10 6
2 2 17 8 17 4 15 2 4 10 17 6 8 15 8 17 12 17 10 6 6 2 10 0 10 0 2 0 10 6 2 0 2 15 10 0 12 15 6 2 15 2 8 4 10 15 2 8 17 6 6 17 8 10 6 4 8 2 2 10 4 15 15 10 12 10 8 15 12 10 2
2 10 2 0 10 15 10 6 6 0 12 12 4 2 2 0 15 15 6 2 8 15 12 15 4 2 6 6 2 4 15 4 4 6 2 15 0 15 0 12 17 6 8 10 4 6 0 0 15 6 2 8 4 6 12 12 12 6 15 4 17 6 2 8 4 4 10 8 17 8 15
2 12 10 4 10 12 0 12 4 12 8 0 6 8 2 10 10 17 0 6 10 10 4 10 4 10 4 4 10 4 15 15 2 2 15 12 10 0 6 17 0 2 2 15 10 6 10 10 4 8 15 2 12 10 10 12 6 0 12 8 15 15 0 6 0 10 15 15 15 6 17
2 4 0 6 12 12 15 15 17 2 10 0 4 2 6 0 15 10 6 12 4 4 12 10 2 0 2 12 8 8 15 15 8 0 4 6 2 12 0 2 6 10 12 15 17 10 0 15 12 8 2 15 12 10 12 12 2 6 4 0 6 6 2 2 8 6 15 8 6 6 0
2 10 4 2 15 10 12 15 6 2 17 17 2 17 4 8 0 8 4 6 12 0 4 17 0 6 12 2 10 10 10 10 12 6 15 2 0 10 2 0 0 0 10 8 8 8 15 0 12 0 8 8 6 12 15 6 2 17 6 17 8 8 4 2 10 4 8 8 4 2 12
2 2 6 12 4 10 10 10 10 8 15 6 6 4 17 8 6 17 4 4 8 2 15 4 0 2 17 10 10 15 0 6 4 0 15 10 10 10 8 15 0 6 10 6 0 12 15 12 0 10 10 15 8 0 10 6 8 12 17 4 2 8 8 4 2 12 10 6 4 10 12
2 0 0 6 0 17 6 10 2 2 12 2 6 0 10 2 0 12 4 6 6 12 4 15 10 4 0 0 2 15 15 4 12 10 4 2 6 8 6 0 8 0 0 6 15 15 15 0 12 10 10 4 2 8 8 4 0 6 2 10 12 17 10 0 0 6 15 10 12 2 12
2 6 10 8 8 4 17 8 6 0 8 10 17 12 8 8 10 15 0 4 10 2 6 6 8 0 8 8 12 0 6 15 6 10 2 15 6 4 0 15 4 12 0 2 0 17 2 15 2 17 10 4 6 15 17 0 10 2 10 4 12 10 15 12 17 12 6 12 12 8 10
2 2 17 4 0 6 12 6 0 15 4 12 10 0 2 4 6 4 6 15 0 0 12 8 15 15 2 0 2 12 6 2 12 0 6 6 10 8 2 17 12 2 12 0 0 0 0 12 2 2 0 15 10 0 2 8 2 6 12 15 2 2 17 4 8 6 8 6 4 4 6
2 15 10 2 17 6 12 15 15 4 0 6 2 0 15 15 2 0 4 6 4 10 6 10 8 17 15 8 10 4 12 6 8 6 8 2 8 10 17 6 2 10 0 4 0 2 8 10 0 8 4 6 12 4 0 15 15 8 0 4 6 15 4 17 6 4 2 15 8 15 0
2 8 0 4 12 12 6 10 17 6 6 8 8 15 8 6 17 12 0 10 2 0 4 10 10 4 10 12 17 0 0 17 12 8 12 6 0 6 2 12 6 12 8 6 8 0 6 15 2 17 10 2 17 6 4 4 17 15 12 12 17 12 10 10 17 6 2 17 4 2 6
2 2 15 0 12 6 0 10 15 2 0 10 6 6 12 2 0 15 4 4 12 2 8 2 15 0 8 10 12 0 10 0 8 12 8 4 6 0 8 2 4 0 2 10 2 12 0 15 8 4 0 4 10 12 10 6 15 15 10 2 15 6 6 15 2 6 15 15 4 17 4
2 6 2 10 0 12 15 4 17 2 15 17 2 17 6 4 2 12 2 17 15 8 2 8 2 0 8 15 15 15 0 2 12 15 0 4 0 15 4 2 2 12 8 6 4 10 0 0 17 6 17 4 10 12 0 0 15 2 4 15 8 17 12 4 2 17 0 8 15 4 0
2 4 2 15 10 12 12 15 12 4 12 10 8 10 17 2 12 8 2 15 2 4 6 15 4 15 10 0 8 4 2 10 8 15 17 8 4 0 12 6 17 10 8 4 15 12 6 4 0 10 2 4 0 2 2 0 0 12 0 0 10 0 2 12 15 4 8 10 4 0 8
2 10 10 6 6 8 8 12 15 10 12 15 0 6 12 8 6 6 2 6 0 8 15 12 12 8 2 8 6 10 10 12 2 0 10 8 2 12 17 2 4 6 12 17 2 17 6 2 4 0 17 10 8 8 10 17 0 4 2 12 12 15 10 6 10 2 4 12 8 4 10
2 10 2 15 2 12 2 15 17 4 8 17 12 2 17 8 15 15 6 6 2 10 10 4 2 6 6 2 12 10 2 2 4 10 15 0 12 2 12 6 17 8 10 8 4 12 2 12 2 10 0 15 12 8 8 8 12 0 2 0 2 12 10 8 0 2 10 12 0 2 15
2 8 15 10 2 6 10 12 4 0 2 8 2 4 2 2 12 4 15 6 4 0 4 12 6 6 2 4 2 8 0 4 4 4 17 12 10 2 8 0 15 12 6 4 2 2 12 8 15 8 0 0 8 17 10 0 2 8 8 17 0 10 2 2 0 8 12 0 6 12 15
2 0 0 12 4 8 6 12 8 6 15 12 15 0 8 15 8 0 8 15 12 15 2 2 17 15 6 15 8 12 8 0 0 8 10 4 12 12 10 17 12 4 6 2 4 10 2 10 6 10 0 0 0 4 10 4 17 12 15 15 4 2 6 17 8 12 12 15 12 8 2
2 6 0 4 4 4 4 0 10 10 8 4 12 8 8 10 12 4 4 0 17 8 12 2 12 10 0 2 12 10 17 6 17 4 15 2 6 4 10 0 15 10 4 0 2 12 2 4 6 10 10 12 15 0 8 17 8 4 12 0 10 2 8 2 4 8 4 2 6 6 8
2 15 8 4 12 12 6 4 2 12 10 12 8 4 15 10 6 4 2 10 0 2 8 4 10 12 15 2 12 10 2 17 4 12 12 10 8 2 15 6 0 15 0 0 17 8 2 10 15 8 10 0 8 6 0 17 8 4 6 6 15 2 17 6 4 2 15 12 2 0 4
2 4 6 15 2 8 4 8 8 8 2 2 15 10 17 8 2 2 12 2 10 2 8 15 8 4 0 10 0 10 15 4 2 4 0 8 12 4 8 8 15 4 2 10 10 10 15 15 4 12 0 10 4 15 10 0 10 12 2 12 0 15 15 8 0 0 2 15 12 0 0
2 6 12 15 0 6 10 4 10 6 0 8 2 6 0 6 10 10 15 0 0 4 8 4 2 8 12 10 2 2 12 4 8 8 12 2 2 0 2 0 12 0 0 15 17 15 15 6 10 10 12 6 12 8 15 6 0 4 4 2 15 0 15 0 8 12 6 0 10 12 17
2 12 15 12 2 10 10 8 8 10 6 0 2 12 10 10 12 15 8 6 2 15 0 10 8 15 12 2 8 0 4 4 10 6 15 17 2 2 8 15 12 12 2 10 2 0 15 10 8 12 6 8 8 17 4 10 0 0 12 2 12 2 10 15 0 0 4 15 15 12 6
2 6 12 8 6 12 0 17 6 4 12 4 12 12 4 8 15 8 10 8 4 6 12 8 2 8 8 2 6 6 0 10 15 6 4 4 6 0 4 6 4 4 10 8 6 0 15 4 2 15 2 4 8 15 10 17 2 2 0 10 0 12 12 4 10 6 0 8 10 12 0
2 15 10 4 4 10 15 0 15 12 10 6 15 12 4 4 12 8 4 2 12 4 15 2 8 4 15 15 6 4 2 8 12 0 6 2 0 0 12 10 0 12 6 10 4 12 6 17 0 6 10 10 12 15 8 4 8 12 12 0 0 2 0 10 15 8 17 4 15 17 10
2 17 0 12 10 0 15 2 6 17 0 4 6 2 8 4 17 15 12 0 12 4 6 10 10 8 0 6 12 12 15 12 0 12 12 17 6 6 6 0 15 15 8 10 0 12 4 6 12 15 15 6 2 6 6 4 4 17 6 2 0 0 4 2 4 8 8 17 15 17 2
2 0 15 6 0 10 8 0 4 6 8 12 6 15 12 2 0 8 2 15 8 10 4 12 10 15 2 10 12 2 0 8 0 10 6 17 10 6 12 4 12 0 12 6 15 8 17 10 10 12 8 15 8 4 10 12 15 0 8 8 8 0 6 8 15 17 10 8 0 4 10
2 15 15 6 12 6 12 10 12 12 4 0 17 6 6 0 12 10 4 2 15 0 4 8 0 8 12 6 12 4 0 4 4 15 4 0 0 17 17 0 12 15 2 6 2 12 12 8 17 8 8 8 6 15 8 0 6 0 0 10 10 2 0 0 0 17 0 15 2 15 10
2 6 12 6 8 6 12 6 8 15 4 15 12 17 8 2 8 0 0 8 0 2 10 0 12 15 10 4 10 0 4 10 2 10 12 8 6 6 10 6 10 8 12 10 6 8 12 2 10 2 0 4 12 2 2 15 6 2 2 15 12 10 12 0 8 2 0 12 12 10 0
2 8 0 4 0 15 0 10 15 8 8 17 15 0 15 2 4 10 4 8 4 0 4 10 12 6 15 15 10 2 4 6 6 10 2 8 8 15 15 8 10 15 10 0 10 6 6 8 10 4 10 12 12 8 4 10 8 15 10 17 12 6 6 15 0 10 6 15 4 8 4
2 8 10 10 6 4 4 4 0 15 4 6 4 4 4 15 12 10 17 10 4 12 2 6 2 2 8 4 10 6 6 15 8 17 12 6 8 2 15 12 12 12 10 8 8 2 8 15 8 12 6 17 10 8 10 12 0 2 10 4 12 8 17 0 6 0 15 15 6 0 10
2 0 10 12 15 12 6 0 2 10 4 17 10 2 10 12 17 15 4 15 12 8 15 6 2 8 15 4 2 12 17 6 6 2 10 15 15 10 17 0 6 15 6 12 12 6 4 17 4 2 17 17 6 12 4 15 8 6 6 4 15 12 8 6 4 0 0 8 6 10 10
2 15 17 8 10 15 10 0 6 15 2 10 12 0 15 12 4 0 0 10 15 8 12 6 0 4 12 17 10 15 6 6 6 4 6 6 10 2 4 4 12 8 8 2 15 0 17 6 15 0 12 12 15 0 2 15 17 6 0 2 15 15 10 4 6 8 0 0 0 8 2
2 12 8 4 12 0 6 2 0 10 4 2 6 0 17 4 12 4 8 4 8 0 6 6 17 2 17 8 0 12 8 2 8 0 12 10 0 12 12 15 4 6 15 8 2 17 12 17 15 6 15 0 8 4 2 10 12 4 6 0 12 8 0 12 6 15 4 6 0 4 10
2 6 2 0 4 2 15 6 10 17 10 0 8 15 15 17 8 4 0 17 2 0 8 4 4 6 15 4 10 15 10 10 6 2 15 6 2 2 10 4 12 4 4 17 12 12 10 6 8 8 0 10 8 4 2 17 2 17 12 10 8 8 6 4 4 17 8 17 2 0 4
2 10 4 10 12 2 10 12 8 2 10 8 2 4 8 12 12 0 6 10 2 12 2 8 15 8 10 2 6 2 15 10 12 10 2 10 4 15 15 6 0 2 15 8 8 12 4 0 0 6 0 10 6 2 12 10 8 15 4 15 12 4 15 10 10 6 0 10 10 15 0
3 0 11 3 6 11 9 9 5 5 8 2 8 11 8 3 3 0 2 2 11 5 3 3 2 11 0 0 0 3 8 9 2 2 5 8 2 11 5 9 3 3 0 9 6 5 8 6 5 0 2 2 9 8 11 8 2 2 0 8 3 2 8 2 2 9 5 2 9 0 5
3 2 0 8 5 6 8 9 0 9 3 3 5 0 5 6 5 6 11 8 11 5 2 0 11 2 3 0 2 8 11 9 2 3 8 0 11 6 2 0 0 2 0 8 2 0 9 3 8 6 0 9 9 0 6 5 2 3 3 2 3 0 2 0 3 5 3 2 3 2 6
3 5 9 0 2 6 8 3 9 8 0 5 3 9 8 0 8 0 8 3 9 0 9 8 9 11 0 0 6 11 6 6 3 8 6 3 8 5 2 8 6 11 5 11 9 9 6 5 3 3 6 6 3 8 5 0 2 8 5 8 8 3 11 8 6 0 8 0 6 11 5
3 3 0 6 0 6 3 11 5 11 0 9 8 8 5 8 0 3 2 2 2 8 2 2 6 2 5 2 11 9 6 0 6 8 9 3 5 9 9 2 11 8 5 5 8 2 11 8 0 2 11 8 8 0 8 2 8 3 8 2 2 3 9 3 3 3 6 5 5 8 3
3 0 2 2 5 0 0 8 6 6 6 9 0 8 0 5 9 6 9 6 0 0 0 6 3 8 6 5 11 2 9 0 8 8 6 8 3 8 8 5 11 6 8 8 6 2 3 3 8 0 0 9 6 3 9 9 9 3 6 5 2 3 2 2 2 6 3 8 5 2 8
3 0 0 11 2 2 0 0 5 3 5 11 2 9 6 0 5 5 8 11 3 9 8 5 3 6 5 6 6 2 9 2 9 2 6 6 8 6 11 5 0 6 8 6 8 0 0 11 0 8 11 8 0 11 2 5 2 0 9 9 5 8 2 11 8 11 5 2 6 3 2
3 2 8 11 5 3 3 0 8 5 2 6 5 8 8 8 0 11 3 0 5 0 0 8 3 6 8 11 5 0 9 0 6 9 0 9 6 9 0 0 8 3 6 5 6 5 2 0 9 6 2 9 3 2 5 0 2 0 8 11 5 2 5 3 3 5 3 5 11 5 0
3 0 3 11 9 2 3 3 0 2 3 8 8 6 9 6 6 3 8 8 9 8 5 3 0 3 3 0 3 3 6 2 9 8 5 0 8 9 11 0 2 0 11 6 3 2 2 5 0 9 5 2 5 5 8 6 5 6 8 3 6 0 3 6 2 0 11 9 6 5 0
3 9 5 2 3 6 3 2 3 0 3 8 2 8 5 2 8 9 3 11 11 9 8 8 2 5 5 2 5 0 2 11 3 0 9 2 8 9 6 5 0 6 5 2 0 5 8 2 8 5 0 5 0 6 6 2 6 2 3 9 11 2 11 2 3 9 6 8 2 5 3
3 3 2 5 6 6 8 9 2 11 0 9 9 8 11 9 2 3 9 8 2 9 3 2 9 3 3 5 0 5 8 2 8 8 2 0 6 11 6 11 9 2 0 9 8 2 5 2 5 9 0 3 6 3 6 3 9 3 0 3 6 9 2 0 3 3 5 8 2 0 3
3 3 5 6 6 9 0 2 9 8 9 0 2 5 8 2 2 11 8 0 3 2 5 6 6 0 2 3 3 2 3 8 9 5 9 2 9 8 5 3 11 8 8 3 5 2 3 9 8 9 11 5 9 3 3 5 11 3 3 8 5 2 3 8 5 6 6 2 6 0 5
3 0 8 3 9 8 5 9 9 6 0 8 0 6 2 6 6 5 2 9 5 2 3 3 0 9 11 9 3 5 2 6 0 2 3 9 5 3 9 3 6 6 6 0 3 5 6 6 8 6 11 2 11 6 11 6 2 3 0 3 9 9 9 8 8 9 6 11 8 6 2
3 8 8 6 3 6 3 5 8 0 9 5 5 0 3 5 3 5 2 8 6 2 6 6 0 11 6 2 3 3 6 3 6 9 0 5 0 8 3 2 0 9 5 11 8 6 5 9 8 6 5 8 2 2 2 8 6 5 11 0 0 3 0 8 9 6 2 6 0 0 2
3 11 2 2 5 6 3 2 2 5 0 2 0 6 0 0 9 9 6 6 5 6 0 2 0 3 5 5 8 9 9 3 3 9 11 5 3 0 6 5 3 6 6 0 5 8 11 0 3 3 0 3 11 8 8 5 3 11 6 2 8 0 9 6 3 0 6 2 2 3 9
3 3 0 2 2 3 5 0 8 2 6 2 2 9 6 0 5 9 6 2 2 3 9 9 0 9 8 9 3 8 6 6 8 0 8 2 3 3 8 2 5 2 5 8 6 0 9 9 3 6 9 5 3 2 6 2 5 11 2 5 11 11 2 5 6 5 2 9 0 9 9
3 6 3 9 6 5 8 5 5 11 5 3 6 5 5 2 0 8 0 3 6 8 2 9 6 5 0 2 3 11 8 5 0 9 9 9 3 2 0 3 5 6 6 6 5 11 2 3 2 5 6 0 5 0 2 5 8 0 2 9 6 6 8 2 3 8 6 0 0 6 6
3 2 0 8 11 0 3 2 0 0 9 11 0 8 3 11 0 0 5 9 2 0 2 8 0 0 8 8 11 5 9 5 0 3 0 3 8 8 2 0 6 2 6 8 0 9 3 6 5 6 6 8 3 3 6 3 2 8 8 0 8 8 5 5 6 3 0 5 8 2 11
3 0 8 5 0 9 11 0 3 2 2 3 11 8 0 0 2 2 0 6 5 0 5 5 0 6 5 5 11 8 2 3 2 0 3 5 11 8 3 11 0 5 3 9 3 0 6 0 6 5 2 6 8 2 8 2 9 3 0 8 8 0 8 3 9 5 8 9 3 6 0
3 3 8 0 9 3 9 8 9 3 9 2 0 9 2 3 9 11 9 0 2 0 9 11 0 0 3 5 5 6 0 5 3 3 2 6 5 2 6 8 0 5 8 2 3 0 2 9 2 2 0 9 2 8 3 6 2 11 0 5 2 0 0 5 6 2 0 3 2 9 0
3 5 2 6 3 2 11 0 9 8 8 5 5 5 3 8 3 5 2 8 0 2 8 5 3 0 9 5 2 6 2 5 6 5 5 3 3 5 6 5 3 0 9 5 8 2 9 9 3 2 5 11 11 0 9 6 5 0 3 11 6 2 6 5 3 0 9 11 6 6 5
3 2 0 3 9 5 3 8 0 3 3 2 11 2 8 3 2 6 11 0 5 0 0 8 2 2 6 5 6 0 9 3 11 11 0 9 0 11 9 0 5 2 5 8 11 5 11 6 2 8 9 8 6 2 3 5 2 0 6 5 9 0 0 2 8 2 3 0 8 0 6
3 5 3 8 0 0 5 6 11 5 9 8 11 8 0 3 9 3 9 6 2 11 0 5 5 3 3 2 9 6 2 9 11 5 11 0 8 2 3 6 8 2 9 5 2 5 2 5 11 8 3 0 8 11 5 0 2 0 3 11 6 5 8 8 11 2 9 9 2 5 0
3 9 3 2 9 6 6 6 2 8 8 11 8 5 2 11 0 9 0 3 11 0 8 0 3 0 6 8 8 0 0 6 8 8 3 0 6 2 5 3 11 6 5 5 3 8 3 11 3 3 2 3 5 9 9 5 8 11 11 9 8 2 9 3 11 0 9 2 5 8 2
3 2 8 0 3 3 3 11 2 9 9 5 11 6 8 0 6 2 11 5 5 3 6 3 0 5 8 3 3 8 5 3 0 5 0 8 3 2 3 0 8 2 0 5 5 6 8 6 3 0 3 8 11 2 8 0 11 11 9 2 8 3 3 9 11 9 5 6 2 3 0
3 9 3 8 8 3 3 11 0 5 2 0 6 8 3 3 9 3 9 0 6 9 5 5 5 0 3 3 5 8 0 11 8 6 2 9 11 6 6 9 9 8 11 6 0 8 2 8 9 0 5 2 5 0 3 0 11 11 8 9 8 11 0 0 9 5 0 3 2 3 9
3 9 9 2 2 0 6 3 6 9 8 0 6 8 11 8 6 2 11 5 5 0 2 5 6 5 0 3 0 5 6 5 9 8 9 6 9 5 9 5 3 5 8 0 5 3 8 9 2 3 6 9 5 9 8 2 0 2 6 9 9 0 0 2 5 5 0 11 8 9 0
3 8 5 0 2 3 6 0 8 0 2 5 3 8 5 3 9 6 3 2 3 6 8 8 0 9 8 0 3 11 9 8 5 11 5 6 3 11 6 5 8 8 9 11 0 0 3 0 0 8 5 2 5 3 2 11 2 3 3 8 9 2 3 11 8 0 3 3 3 9 9
3 0 2 9 3 5 3 6 0 0 8 6 9 3 8 3 2 0 2 6 2 0 5 0 8 11 3 3 0 2 6 5 2 8 6 3 8 11 3 6 0 0 3 8 0 6 2 9 2 8 5 2 2 9 3 5 9 9 5 3 8 0 6 9 9 3 0 9 3 6 8
3 2 2 9 0 5 9 5 11 2 3 8 0 0 11 0 6 8 6 3 8 9 6 9 3 5 0 11 6 0 8 5 0 6 0 2 2 11 0 6 9 11 9 0 3 0 9 2 6 11 3 9 9 5 6 9 8 2 5 0 9 11 3 11 9 6 3 3 5 11 5
3 0 8 2 2 6 6 6 2 3 0 3 0 11 2 8 0 6 8 0 0 11 0 6 11 3 11 5 2 0 0 2 2 5 9 11 0 6 2 9 8 8 8 3 3 0 3 3 6 0 3 5 0 9 3 9 11 11 9 5 6 11 9 5 3 11 5 6 0 6 11
3 0 6 2 2 3 3 5 3 0 5 5 5 6 3 11 11 9 9 8 2 9 6 9 0 8 0 9 6 6 2 0 0 9 9 5 5 11 8 5 3 8 3 3 9 3 0 9 5 2 0 5 3 0 5 8 5 0 2 5 0 3 6 8 0 8 0 11 5 5 2
3 11 0 2 5 8 3 5 9 8 5 3 0 8 0 3 9 0 6 3 5 2 9 0 3 6 2 11 2 6 3 11 0 0 9 8 3 9 0 2 6 6 9 6 0 5 9 8 11 3 2 8 9 2 2 9 6 5 3 3 5 0 9 0 3 8 8 3 2 11 0
3 2 2 11 6 5 2 2 2 11 6 2 8 2 2 0 9 2 5 3 2 5 9 6 0 3 2 0 8 5 6 5 9 0 8 0 2 0 11 6 2 11 6 3 9 5 2 11 9 8 8 11 5 3 8 11 9 11 0 3 0 3 3 9 0 6 11 0 9 9 5
3 2 0 2 8 8 3 5 9 0 11 0 6 6 3 6 2 0 11 6 8 2 8 5 6 0 5 3 8 3 3 2 3 3 0 0 6 5 8 3 0 3 5 6 6 9 3 3 5 0 8 2 0 8 3 6 9 0 8 11 8 11 3 9 6 9 2 6 11 6 9
3 3 0 6 2 6 11 6 8 5 3 8 0 5 5 0 9 2 11 6 9 9 6 9 2 11 2 9 11 6 3 0 2 6 0 0 3 9 0 8 5 8 8 6 8 8 0 2 5 8 8 0 3 5 5 9 9 11 8 2 8 6 2 0 3 5 9 11 5 0 5
3 5 6 9 2 2 5 8 2 0 8 3 5 0 3 8 11 9 0 8 0 6 9 8 5 2 0 2 5 8 5 0 8 9 9 5 0 0 9 9 3 6 9 2 0 0 3 3 11 8 0 8 11 8 6 5 0 6 2 2 6 9 9 8 5 6 6 2 6 9 0
3 3 3 9 3 6 9 6 6 8 9 2 3 8 9 11 5 3 0 3 11 0 5 9 3 0 8 0 11 5 5 11 3 6 3 6 6 0 5 3 0 3 6 0 9 8 5 2 9 3 3 6 8 2 2 11 5 2 11 0 6 3 5 9 2 2 9 8 8 2 9
3 11 5 6 6 2 11 5 2 9 2 3 0 5 8 6 2 8 2 0 6 5 5 6 8 3 3 6 6 6 5 11 9 9 11 5 0 6 0 5 5 3 11 3 8 6 6 6 6 2 3 0 9 5 3 9 0 5 5 6 2 9 5 11 8 9 8 5 11 8 0
3 6 9 8 11 3 8 9 2 2 3 2 3 3 5 8 9 6 9 9 8 3 2 3 9 6 6 3 5 3 3 6 0 3 9 2 6 5 8 0 8 0 9 5 0 5 6 3 6 6 2 6 6 9 3 11 6 9 11 11 3 3 8 5 8 0 5 8 3 8 5
3 3 0 8 2 6 8 5 11 3 8 6 9 0 0 5 9 6 0 8 5 3 8 0 5 9 8 0 9 2 0 0 0 9 2 5 6 8 2 5 0 8 11 9 6 3 11 5 3 2 9 8 3 3 8 6 9 3 8 3 9 2 3 0 2 6 3 8 8 3 9
3 2 2 9 8 3 9 2 6 2 8 9 5 6 11 6 5 0 6 0 6 6 3 3 8 0 11 9 9 8 0 3 5 8 8 2 6 3 8 0 3 0 3 11 0 8 2 8 0 9 6 5 9 3 9 6 11 6 8 5 8 8 3 3 2 11 9 6 2 11 0
3 3 8 9 3 5 0 9 6 6 9 9 2 9 2 11 3 2 2 0 0 9 3 5 8 6 8 5 9 6 0 6 2 9 3 9 8 6 2 8 9 6 0 8 9 9 9 2 2 9 8 5 8 3 9 0 5 0 6 0 6 2 9 6 0 5 6 0 2 6 2
3 6 11 6 11 5 8 8 0 8 6 6 8 8 9 5 8 6 6 0 3 9 8 5 3 6 5 9 0 5 3 0 0 8 0 2 3 9 5 6 11 0 6 0 9 8 0 9 9 6 6 2 8 6 5 11 2 2 5 2 6 9 6 0 5 0 2 8 9 6 9
3 3 11 0 8 8 0 5 2 9 2 9 8 8 9 5 8 8 9 6 8 2 9 5 6 6 3 3 5 0 8 6 2 6 0 9 8 8 3 2 6 2 6 11 0 9 2 6 3 6 8 9 9 8 0 3 9 3 9 2 9 0 6 2 6 2 8 3 8 9 5
3 6 9 9 0 2 2 5 9 3 9 0 0 3 9 9 6 9 6 5 3 8 0 11 5 2 3 2 2 6 2 9 3 5 8 5 3 2 0 3 9 6 9 5 8 0 5 0 5 11 3 2 2 8 3 0 6 9 9 0 6 6 8 5 5 0 5 5 6 3 11
3 9 11 5 0 2 9 6 0 3 2 5 5 11 3 0 2 8 8 5 9 0 8 8 2 11 0 0 0 6 6 5 3 5 0 9 11 11 3 2 2 6 9 11 9 11 0 0 3 8 11 0 11 3 8 0 8 0 0 11 2 3 9 0 11 9 5 0 0 0 9
3 11 5 5 11 9 0 0 9 11 8 2 6 3 8 2 3 2 9 5 2 3 3 2 9 9 3 6 6 2 6 9 3 11 6 8 11 3 2 9 2 3 9 6 8 6 2 0 5 0 6 2 3 5 11 0 0 0 9 5 11 8 9 9 2 8 2 5 9 8 0
3 6 0 5 0 0 2 5 3 0 2 8 8 8 2 8 0 9 6 3 9 6 9 0 5 3 2 3 8 0 5 0 3 2 5 8 6 3 6 6 2 5 8 5 6 6 6 0 0 6 6 6 9 2 9 8 6 0 2 11 6 5 0 5 0 9 2 3 3 3 6
3 3 2 5 8 9 9 8 8 8 3 5 2 2 2 5 3 9 3 0 3 5 3 5 3 11 11 2 11 5 8 8 3 6 8 2 0 5 3 6 0 3 0 8 6 0 9 0 9 0 6 8 3 11 2 9 6 2 9 6 11 8 9 8 2 8 8 9 9 8 2
3 9 8 3 0 6 3 2 0 8 9 6 2 6 5 2 5 11 5 8 5 2 8 9 2 2 11 9 5 0 9 6 11 5 2 0 8 9 5 3 2 0 3 2 6 9 5 6 6 3 0 11 0 3 3 6 3 2 9 0 0 3 2 6 6 6 6 5 5 11 3
3 6 3 9 2 6 8 0 3 3 8 6 6 5 2 5 5 6 9 9 3 9 6 5 2 8 5 0 8 11 0 0 3 2 5 6 8 6 0 3 3 5 9 5 9 3 0 6 2 9 8 0 9 9 0 3 6 6 6 8 6 3 9 2 6 5 3 6 3 9 0
3 3 6 6 5 11 5 0 3 3 8 6 8 3 6 3 0 11 6 6 2 9 8 3 11 2 2 9 3 9 9 2 8 9 9 11 2 9 8 6 9 9 2 5 5 2 2 9 3 5 6 2 0 2 8 2 9 9 9 8 9 3 6 2 8 8 0 2 9 2 9
3 0 11 2 6 3 6 2 2 6 9 5 6 5 5 3 9 3 11 5 6 9 0 5 11 11 0 9 8 9 5 3 3 2 9 0 3 3 2 0 0 6 11 11 3 6 9 6 2 5 0 8 5 0 9 6 0 11 9 8 2 6 8 6 11 9 6 2 0 6 5
3 3 6 0 0 5 11 5 9 9 8 2 6 5 5 8 6 6 5 8 5 5 9 9 11 5 6 8 11 0 5 0 9 3 9 11 2 6 5 3 8 8 2 8 6 8 11 0 11 3 3 0 9 6 0 2 9 0 0 11 6 9 0 0 3 11 11 9 3 3 3
3 3 2 5 5 9 0 5 5 9 0 6 0 2 0 0 0 6 6 9 5 3 5 8 3 0 9 3 2 11 11 9 2 9 11 3 0 3 9 0 6 0 2 8 5 2 2 5 2 2 11 8 6 0 2 0 0 5 9 6 5 8 0 0 6 3 3 8 5 8 3
3 8 2 5 8 3 5 0 9 8 9 6 8 2 3 8 3 0 0 2 0 5 6 8 0 2 9 2 8 5 9 9 0 8 0 11 2 8 8 2 0 2 3 5 3 8 8 5 9 6 8 5 3 0 2 5 0 0 11 9 3 2 6 9 8 0 6 9 2 2 8
3 6 8 0 2 5 3 2 8 6 0 9 0 3 0 5 11 6 2 0 0 3 0 3 8 5 6 0 8 8 11 3 2 8 8 8 2 8 5 9 9 9 3 3 9 6 3 8 0 11 6 9 6 9 2 6 0 0 6 8 5 5 8 5 5 2 2 8 8 2 6
3 3 5 9 5 2 8 2 5 3 11 3 6 6 5 3 0 2 3 5 0 2 3 2 0 9 6 5 6 0 2 6 5 0 5 8 3 2 8 8 3 9 6 2 3 2 9 5 9 9 5 6 6 11 2 3 8 5 0 6 11 6 6 6 6 0 2 2 8 6 3
3 0 2 11 0 2 8 2 9 9 6 6 3 6 8 8 0 8 3 5 6 2 0 0 2 9 0 3 5 6 2 6 9 6 9 6 0 8 3 8 5 3 5 5 8 5 6 6 8 5 8 3 0 0 5 0 5 2 5 0 11 3 3 0 3 8 9 6 6 0 9
3 5 2 6 8 5 0 2 5 0 5 2 8 11 0 6 5 0 5 3 3 6 5 3 5 3 3 11 8 0 0 8 2 0 0 0 9 11 11 0 8 5 8 0 0 3 9 3 6 2 9 9 2 3 11 9 0 9 9 3 0 8 9 3 9 2 9 5 0 6 6
3 2 3 8 0 8 0 3 9 2 0 6 8 6 3 5 8 8 9 8 5 11 11 6 5 6 0 5 5 8 3 5 2 11 6 8 0 8 6 3 2 2 3 9 9 9 5 9 0 0 0 0 8 2 2 8 9 0 2 6 9 0 2 2 6 9 8 9 0 3 9
3 11 5 0 5 9 3 0 3 0 8 9 9 2 8 11 9 5 2 9 9 11 11 2 5 2 2 9 5 0 2 6 6 0 8 0 9 3 2 6 6 5 6 2 9 5 8 2 6 2 8 5 0 3 0 2 0 9 6 8 2 0 0 0 2 9 6 9 6 11 0
3 0 11 0 6 3 9 8 9 2 11 8 6 8 6 0 6 2 6 0 0 3 6 6 0 11 0 2 9 6 5 8 5 5 2 3 8 9 0 3 6 3 5 5 8 2 6 11 6 8 3 8 6 11 5 9 3 3 0 11 5 9 0 0 5 2 9 9 9 5 0
3 8 6 9 3 6 9 2 2 5 2 6 2 9 2 0 8 11 3 0 11 0 2 8 8 8 8 3 3 9 0 8 3 8 6 2 6 2 8 6 9 11 0 0 8 9 0 3 3 8 3 6 8 3 6 5 0 5 8 5 3 8 5 8 0 8 6 0 9 5 3
3 2 8 5 0 3 0 0 6 8 0 5 9 5 3 8 0 8 5 9 8 9 11 11 2 6 5 8 9 3 8 6 2 8 5 8 8 6 9 9 6 8 9 9 11 3 3 2 3 9 0 9 8 5 8 11 0 6 0 6 0 6 5 2 6 0 0 8 6 9 6
3 2 2 0 2 8 11 3 5 11 3 5 2 11 0 3 2 11 8 5 9 9 3 0 3 0 3 8 0 5 11 3 9 6 2 2 5 5 6 8 8 8 2 2 2 9 11 8 5 0 9 0 11 0 9 6 0 0 8 3 0 3 2 6 9 8 0 6 8 9 9
3 8 0 8 0 6 3 0 8 9 5 5 0 8 6 0 8 9 3 3 8 6 6 5 2 6 0 0 3 5 0 6 6 3 6 11 3 9 2 3 8 0 0 6 2 3 3 11 6 2 9 9 6 2 6 3 0 0 11 3 5 2 5 9 0 6 9 0 3 6 6
3 3 3 8 8 3 2 5 9 6 6 0 3 9 9 9 8 3 3 6 6 6 9 8 3 5 11 6 6 8 0 6 9 8 0 5 5 8 6 8 5 11 9 5 3 0 0 9 0 6 9 9 9 0 8 3 2 2 5 6 9 5 8 0 5 11 9 8 0 2 11
3 3 3 0 2 6 0 6 9 9 0 0 0 9 8 2 0 3 2 11 5 9 0 3 5 2 9 6 8 11 5 9 9 2 2 3 3 0 6 0 11 5 11 11 5 2 6 2 2 6 6 0 5 5 11 9 9 9 5 6 0 2 3 5 8 6 0 2 3 0 0
3 9 11 5 0 6 2 3 8 8 3 9 3 0 0 3 2 8 9 5 8 2 0 2 3 5 6 2 0 0 3 3 8 3 3 3 6 5 5 11 0 6 3 9 9 6 9 5 9 6 5 6 6 11 6 2 0 9 6 9 0 0 11 6 2 3 0 0 9 6 0
4 0 0 6 8 8 8 9 9 8 0 0 6 0 2 5 9 2 3 9 5 8 2 9 6 5 6 5 8 9 6 2 2 3 5 0 6 5 5 6 6 6 0 3 3 5 9 5 2 2 0 3 5 3 6 6 5 3 0 6 3 5 2 9 3 2 3 0 5 2 6
4 6 0 9 5 6 6 8 0 0 6 5 8 6 3 0 6 9 9 6 2 5 8 6 3 5 0 2 6 9 3 2 5 8 3 6 8 0 0 2 3 5 0 6 9 2 3 8 3 3 2 0 3 5 2 0 3 0 9 2 5 3 8 9 6 8 0 2 5 0 8
4 0 8 0 9 6 3 9 8 3 3 3 6 2 0 2 3 6 5 2 9 6 3 0 0 0 8 5 9 6 8 3 0 8 6 0 5 3 2 2 6 5 3 9 6 6 8 5 3 5 3 8 6 0 2 6 6 0 8 6 3 3 3 8 0 9 5 5 2 8 0
4 2 9 2 0 5 8 0 6 6 0 5 2 5 9 3 2 6 0 3 3 0 6 8 8 0 6 3 8 5 6 0 6 9 9 9 8 6 2 9 9 3 5 6 9 0 5 2 3 8 6 2 0 6 8 5 5 6 5 9 5 0 0 3 5 8 2 2 2 9 3
4 5 6 3 3 0 2 8 6 8 5 3 0 9 6 8 6 6 0 3 5 9 0 3 0 0 6 3 6 2 9 3 9 0 3 3 3 6 6 5 6 5 6 2 6 5 3 6 2 8 0 9 6 0 8 0 5 9 8 6 8 6 2 3 6 9 9 2 5 8 6
4 9 9 3 6 5 0 2 9 8 6 5 6 6 3 0 5 2 6 0 6 6 0 8 8 9 3 9 0 3 9 3 3 3 6 5 5 5 2 6 5 0 8 2 2 3 5 5 6 8 2 6 8 0 5 5 3 8 5 0 6 8 9 8 2 9 8 0 6 2 2
4 9 9 6 0 5 5 0 5 2 0 6 2 9 8 3 5 8 6 9 9 5 6 0 6 3 6 5 6 5 0 0 9 9 0 8 2 8 9 6 5 5 3 0 6 9 3 6 9 9 9 0 2 8 3 8 0 0 5 0 6 6 3 0 2 9 0 3 8 2 6
4 3 0 8 0 2 6 0 0 8 9 5 6 9 9 5 6 9 6 0 0 3 6 0 0 2 6 6 9 2 9 6 6 3 2 5 8 5 2 0 0 8 9 5 8 9 8 5 3 0 5 6 8 3 8 3 6 3 0 8 9 8 6 8 3 3 3 6 2 6 5
4 2 0 2 6 5 0 2 6 0 9 5 8 3 9 2 0 3 9 0 2 2 5 6 5 8 5 9 0 5 3 6 6 8 3 6 5 9 2 9 2 0 5 2 0 0 3 0 0 2 9 2 8 9 3 0 5 5 2 6 2 9 0 3 8 9 6 2 3 6 5
4 9 5 2 0 8 6 8 3 5 0 9 5 9 6 5 5 0 0 6 2 0 0 8 3 3 0 0 5 8 5 6 8 0 0 0 5 9 9 8 0 0 6 8 6 2 2 5 3 0 5 6 8 6 6 9 5 5 9 8 6 3 5 3 9 8 8 8 6 8 8
4 8 3 5 9 6 8 8 5 3 6 0 5 6 5 9 0 5 8 5 5 6 6 6 5 3 6 3 6 3 5 6 6 9 9 8 8 6 5 0 3 5 6 3 0 6 6 6 6 5 3 6 2 8 3 5 8 0 8 0 8 6 5 8 0 8 5 9 2 2 2
4 5 0 3 3 2 0 3 0 8 6 0 0 0 2 5 8 8 3 0 6 0 0 5 5 6 0 6 9 0 0 2 8 0 9 0 8 3 5 9 5 6 2 0 3 6 0 8 8 2 8 9 8 6 3 9 2 2 9 9 5 5 0 3 0 8 3 8 2 6 3
4 8 8 6 8 3 3 9 9 3 8 0 2 0 8 5 3 2 0 5 3 0 2 3 0 0 8 8 5 6 2 6 5 5 9 3 3 9 0 2 5 5 6 2 9 2 5 0 0 3 6 2 9 5 2 5 0 6 2 2 5 6 2 6 3 6 8 5 0 9 9
4 5 9 3 9 2 3 9 6 0 6 2 8 3 0 6 2 0 2 8 6 9 5 0 5 5 2 8 9 8 2 5 5 0 9 3 2 8 0 5 5 6 6 8 2 8 0 9 2 2 3 5 0 0 5 5 6 6 5 3 6 6 2 9 6 2 0 8 0 5 3
4 2 2 8 2 3 6 6 8 3 5 0 3 6 0 0 2 9 5 5 0 2 0 6 8 6 9 5 8 0 0 2 5 5 6 2 6 6 8 2 3 2 3 6 6 8 0 5 9 3 6 5 3 9 9 6 0 6 6 6 6 5 2 8 0 8 6 5 8 9 5
4 6 6 0 5 2 3 5 2 9 9 0 9 6 6 2 0 0 9 2 6 9 3 5 2 5 9 9 3 0 3 5 9 8 2 3 2 3 2 6 5 8 8 2 9 8 2 3 6 2 3 8 5 0 5 2 6 6 0 5 5 9 9 8 8 2 8 5 5 3 6
4 3 0 5 5 6 3 8 8 8 3 3 8 2 5 6 6 0 8 6 8 0 6 8 5 0 6 9 3 5 5 2 6 0 2 2 5 2 3 3 6 6 9 2 8 2 2 0 8 0 0 3 0 6 9 8 2 8 6 0 2 9 5 9 8 3 3 9 0 8 5
4 2 3 3 2 8 9 0 6 8 3 8 2 2 8 0 9 0 0 9 0 3 3 0 9 5 9 6 5 9 9 8 3 6 8 8 8 6 5 9 5 3 3 9 6 5 6 9 6 2 3 3 6 8 6 6 3 9 8 2 8 0 2 8 3 5 0 3 6 9 2
4 8 0 3 3 0 2 8 6 9 8 3 8 3 3 3 3 6 5 0 2 8 0 3 6 9 2 3 8 2 8 5 6 0 3 2 3 0 8 0 6 8 0 6 8 5 2 0 9 6 9 3 9 2 5 6 5 5 9 8 3 0 5 6 8 5 0 2 2 6 8
4 0 6 6 0 2 3 6 8 2 9 8 3 0 2 6 6 8 3 8 0 2 5 6 5 0 3 8 3 2 8 3 8 9 3 9 2 9 3 6 9 6 0 9 3 6 3 3 9 9 0 8 3 6 5 3 3 0 5 9 5 8 0 5 5 9 3 9 0 0 0
4 6 5 9 9 2 8 8 8 0 9 5 8 0 5 2 3 3 6 2 3 0 6 3 0 5 2 2 8 6 6 8 3 6 8 2 9 3 5 5 3 3 0 8 6 0 5 6 8 3 6 8 6 2 8 2 5 9 2 3 5 0 9 6 6 5 6 3 9 2 0
4 8 9 3 9 5 8 0 5 3 2 2 9 2 5 3 6 9 3 6 0 2 0 6 2 3 9 0 8 8 5 6 3 5 6 6 2 2 2 8 6 9 0 8 9 3 5 5 5 9 3 8 0 6 3 6 9 5 2 0 5 2 3 8 2 0 8 5 8 5 9
4 9 3 9 2 5 5 2 2 9 9 9 8 6 2 5 0 5 5 0 8 8 0 0 2 6 9 3 8 6 6 5 9 2 6 0 8 0 5 2 0 5 0 5 2 8 2 2 2 0 9 3 0 9 2 0 0 2 8 3 6 3 6 2 8 3 5 2 6 0 0
4 9 5 6 5 2 5 0 6 6 0 3 8 0 3 0 0 8 6 3 0 0 9 8 0 5 8 3 6 5 5 6 6 5 5 2 6 0 2 3 8 8 0 0 5 2 8 3 9 0 6 5 5 0 0 5 3 3 2 8 2 0 8 2 2 8 2 2 8 6 0
4 2 0 8 5 3 6 9 9 2 2 5 3 3 8 3 0 0 3 0 3 2 6 5 0 0 0 8 5 5 0 3 8 0 9 8 5 3 2 0 8 2 8 0 0 5 5 9 6 8 3 2 6 5 8 0 5 5 5 8 8 8 0 3 3 5 3 3 5 5 0
4 3 0 3 0 0 9 5 3 8 5 5 8 6 9 5 3 6 5 8 0 2 3 8 6 6 0 8 6 2 2 9 8 2 0 8 2 2 2 8 8 9 5 0 5 6 0 6 0 0 8 8 6 9 3 9 0 2 5 2 3 6 3 5 9 3 3 5 8 0 6
4 0 9 6 5 9 9 8 2 6 5 3 6 8 3 0 9 5 3 2 6 0 0 2 6 3 8 0 3 5 0 0 3 0 2 0 3 8 9 0 3 3 0 6 6 6 6 2 6 3 3 3 2 0 0 3 2 2 3 6 6 2 2 9 3 3 5 2 0 3 6
4 6 5 3 0 0 2 3 5 0 3 0 3 5 5 2 5 8 3 6 2 0 6 2 6 8 6 5 0 2 3 8 6 2 6 5 3 3 0 0 5 8 9 3 0 9 0 8 2 5 6 5 9 0 2 2 2 2 6 8 2 0 2 8 8 5 0 5 0 2 8
4 0 2 9 3 2 6 2 3 3 9 2 5 2 0 0 5 3 2 5 2 2 3 0 8 2 0 5 2 0 5 9 8 2 3 0 3 5 3 3 8 5 8 9 8 5 8 5 9 2 8 9 8 5 5 2 3 5 6 0 6 6 9 0 2 5 5 8 3 8 5
4 3 8 8 3 8 8 5 6 2 2 5 8 9 5 5 0 5 3 2 5 0 2 5 0 2 3 5 8 6 0 6 3 2 2 0 6 3 5 3 9 3 0 9 0 0 3 0 0 9 6 9 0 5 8 3 0 0 0 5 6 0 0 0 5 3 6 3 0 5 5
4 6 5 8 6 9 8 3 2 2 2 5 6 0 0 6 9 3 9 5 2 2 2 8 8 0 2 9 8 0 6 0 3 2 8 0 6 9 3 6 6 8 9 6 0 8 2 6 3 0 2 9 5 0 6 6 6 6 3 0 0 3 3 6 6 6 9 2 0 3 0
4 3 6 5 0 6 6 2 8 5 3 6 2 0 6 3 0 6 2 2 6 3 3 8 3 5 9 6 6 6 8 9 0 0 0 9 0 3 9 3 8 8 5 2 8 5 5 9 6 5 8 9 9 3 3 9 8 2 2 3 5 6 6 8 2 8 5 3 5 3 0
4 8 3 0 8 3 8 9 3 2 8 3 6 8 8 3 9 6 2 8 8 8 2 6 6 8 8 5 8 9 6 5 3 0 0 8 3 5 2 9 6 9 3 5 0 8 2 8 8 2 2 0 5 6 5 8 6 8 9 2 8 2 3 0 2 6 0 8 8 0 5
4 3 6 2 2 6 0 8 5 8 5 0 6 9 9 3 8 5 5 2 2 9 3 9 3 9 8 0 6 6 3 0 9 0 0 6 2 5 0 8 3 0 6 0 0 2 3 0 0 6 3 9 0 0 0 9 2 6 3 6 5 8 9 0 8 5 0 3 3 9 0
4 6 0 0 5 5 8 3 9 3 6 2 9 5 8 8 3 3 2 6 6 2 0 5 8 5 6 6 6 5 8 3 0 3 5 0 2 0 8 6 0 5 0 2 6 8 9 5 8 5 6 9 0 8 5 0 6 0 9 5 0 8 9 2 5 3 9 8 5 9 3
4 8 0 5 0 0 5 8 6 0 8 9 2 2 0 2 0 2 2 8 0 9 2 6 9 6 6 3 5 5 6 6 3 5 2 5 0 3 6 5 5 2 3 2 8 0 9 0 2 0 3 2 9 3 2 5 5 6 3 5 6 3 8 2 2 0 5 6 0 2 2
4 5 3 5 2 3 5 2 5 3 8 0 3 0 2 5 5 3 8 3 3 5 8 0 6 9 3 2 6 5 9 2 3 6 5 6 9 0 9 8 2 2 6 2 2 9 3 5 0 6 3 0 6 6 9 2 2 5 2 2 6 9 2 5 2 3 2 6 0 3 6
4 9 5 5 6 6 3 2 2 6 0 9 3 3 6 2 3 3 0 0 2 3 8 5 9 8 0 5 2 5 9 0 0 6 0 2 0 6 0 5 5 3 8 0 6 9 0 9 0 8 9 2 2 0 8 0 6 9 2 0 9 2 6 5 0 6 9 9 3 3 6
4 0 2 8 6 8 8 3 0 0 0 3 5 9 6 0 0 9 9 5 2 6 0 5 6 6 3 8 3 3 0 8 5 8 5 3 0 9 9 0 8 5 2 6 2 8 3 3 3 5 0 8 2 5 3 8 6 8 3 2 2 0 5 8 0 0 5 3 2 5 6
4 3 2 0 0 8 9 0 3 2 3 2 5 9 2 5 8 8 3 5 6 3 0 8 6 3 5 6 5 3 5 3 2 2 8 5 8 5 6 5 0 3 6 9 6 2 2 0 5 3 0 5 5 2 2 6 3 5 5 8 3 0 2 8 9 0 3 3 6 3 8
4 0 5 2 8 2 3 2 3 8 0 6 3 9 3 5 0 0 9 3 3 8 0 2 2 5 0 0 6 5 5 3 6 3 6 3 0 8 2 8 0 0 6 3 3 0 8 9 5 0 3 2 8 0 5 9 5 5 6 3 5 0 8 6 6 6 5 0 5 5 9
4 8 9 6 5 5 2 0 0 6 5 0 3 5 0 8 6 0 0 2 9 5 3 3 3 0 2 6 6 9 3 5 2 8 3 9 0 0 8 0 9 5 0 6 2 0 0 5 0 5 0 5 8 8 3 6 8 5 3 3 0 8 6 5 6 0 2 5 8 6 5
4 0 2 5 5 3 3 5 2 5 8 2 2 8 5 3 2 5 6 9 2 9 0 6 8 6 3 5 8 5 2 0 2 6 9 2 8 3 3 8 2 8 2 0 0 5 6 8 3 5 3 5 6 9 8 8 9 2 0 6 8 6 9 6 2 6 3 0 2 0 6
4 3 6 9 3 9 3 2 6 0 6 0 3 8 6 2 0 2 0 2 8 8 0 9 8 2 5 2 6 5 3 2 2 9 0 3 6 5 8 6 9 3 0 6 0 9 5 9 3 0 6 8 5 3 9 8 9 0 5 5 5 8 5 3 9 3 5 0 5 0 0
4 0 3 6 0 3 8 6 8 0 8 8 6 8 0 6 5 2 0 6 3 8 2 5 5 0 5 0 8 3 6 8 5 0 0 3 9 5 0 8 2 0 2 6 0 0 3 2 0 3 2 5 5 2 2 8 0 5 0 5 3 6 6 0 5 3 3 0 3 3 5
4 2 5 6 9 3 6 9 3 9 9 9 3 0 9 3 6 3 5 2 3 2 5 0 2 6 3 3 8 6 6 8 2 3 9 6 3 9 2 8 5 5 5 8 9 6 0 9 2 0 8 8 8 6 3 9 5 9 0 2 3 3 0 6 2 0 9 0 5 3 8
4 2 0 9 6 6 9 3 0 6 5 8 6 0 5 5 3 2 3 3 8 8 5 8 3 9 6 9 3 6 8 2 6 8 5 8 2 2 0 9 3 9 0 3 9 5 9 0 2 0 0 2 8 5 2 5 0 0 9 5 8 5 0 3 0 0 0 0 5 2 8
4 2 5 3 2 5 0 3 2 0 3 3 0 2 5 5 5 2 2 0 2 5 6 6 8 0 0 5 0 6 2 8 0 3 2 2 8 3 2 9 9 0 9 0 0 5 8 6 0 9 9 0 5 0 6 6 3 5 0 3 2 8 0 0 9 9 2 6 3 0 9
4 5 5 6 5 5 3 6 3 0 9 9 8 0 0 8 0 9 2 0 2 2 5 6 3 0 0 3 5 0 8 3 5 2 8 6 9 6 2 5 5 0 6 6 8 8 6 3 5 0 2 2 8 9 3 0 0 3 0 9 8 3 5 0 2 2 2 6 3 8 0
4 6 3 5 0 3 5 2 2 8 6 8 5 0 3 5 9 2 3 0 9 0 3 2 2 6 8 9 2 2 8 6 3 9 5 9 3 5 3 6 0 6 9 8 0 0 9 2 3 3 0 2 2 3 6 0 8 3 5 5 5 5 5 5 6 6 5 5 3 2 3
4 0 8 8 0 0 8 5 3 9 6 3 0 9 3 8 3 0 3 5 8 6 9 8 5 5 0 0 3 6 5 6 0 6 2 8 3 8 5 3 5 9 3 0 2 8 0 2 5 5 9 0 3 0 2 9 2 6 9 0 2 0 6 2 0 9 0 6 5 0 9
4 2 5 6 5 9 5 5 8 2 2 5 8 8 8 3 6 6 8 5 5 6 2 2 9 0 6 2 0 8 6 8 8 3 0 3 8 3 6 6 0 8 0 0 3 5 6 8 2 6 2 5 0 6 8 5 2 9 9 5 6 2 0 0 3 5 3 2 0 0 5
4 6 2 0 8 0 8 2 3 8 2 2 9 8 2 0 0 0 0 3 3 2 2 6 8 3 2 6 6 9 8 5 0 2 8 3 3 2 3 3 9 6 9 5 6 2 6 2 3 3 5 0 8 0 3 2 0 6 8 8 6 2 9 9 5 5 3 9 5 2 8
4 3 5 6 0 5 0 3 8 9 8 3 6 0 8 2 9 3 0 6 3 5 2 6 6 2 3 6 2 3 0 8 5 0 6 6 8 5 2 6 0 8 2 8 5 3 6 3 3 3 0 6 3 6 0 9 0 3 2 8 8 3 0 5 5 8 3 6 5 9 6
4 8 2 3 5 0 3 2 5 2 3 8 3 2 2 6 0 6 8 0 8 9 2 3 3 6 2 8 8 6 5 0 9 3 0 2 3 0 5 3 5 3 8 3 2 5 9 8 2 9 6 5 2 3 2 0 0 8 3 6 8 5 8 6 5 5 5 5 2 8 3
4 5 0 6 3 0 8 2 6 8 5 8 0 8 8 5 9 3 0 0 3 2 0 8 2 6 6 3 3 8 3 6 2 8 5 0 6 0 6 0 6 8 3 8 5 5 8 3 0 5 2 5 8 3 5 2 0 0 5 0 8 3 5 8 5 3 9 6 5 0 3
4 3 8 0 0 2 8 6 0 6 3 8 8 0 8 0 9 2 6 8 6 9 2 8 2 6 9 3 6 8 9 9 8 8 2 2 2 6 5 3 8 6 2 2 8 0 6 5 3 2 0 5 8 6 6 2 8 0 2 0 2 0 9 8 9 5 9 2 8 6 5
4 9 6 2 0 5 5 0 3 8 8 5 5 3 5 9 8 8 2 6 2 8 8 8 2 9 2 0 6 3 2 0 0 9 6 5 3 5 2 2 5 0 3 3 8 9 5 8 9 3 0 5 3 9 0 6 2 3 0 6 5 2 2 9 2 9 9 9 0 0 6
4 9 2 2 9 0 6 2 6 6 2 0 8 9 0 5 0 6 6 8 5 3 8 6 0 6 8 6 6 5 3 0 3 9 3 6 6 6 5 9 2 5 3 0 0 3 0 8 9 6 5 8 0 6 9 9 5 9 8 0 9 2 5 5 3 3 0 9 8 8 2
4 3 5 3 9 0 8 5 5 3 5 0 5 9 6 0 2 0 6 5 8 2 2 5 5 9 0 9 2 2 0 5 0 6 8 0 9 2 8 0 8 9 8 6 5 8 3 2 3 2 3 6 5 3 8 0 0 3 9 0 0 2 9 6 3 0 2 3 2 3 5
4 8 3 8 0 0 0 8 6 9 8 8 2 5 0 8 6 3 0 0 2 9 6 9 3 6 9 3 5 8 2 0 2 6 3 0 2 8 0 5 0 6 5 0 5 6 6 3 5 8 0 0 0 2 6 0 0 3 5 9 6 0 6 3 6 3 2 6 6 6 6
4 3 8 0 5 2 0 9 5 3 5 6 0 5 2 3 6 5 5 3 0 0 6 0 0 0 5 5 9 5 2 3 8 9 2 3 5 2 6 3 5 0 0 6 0 5 6 2 0 8 6 6 5 5 2 8 9 3 6 3 5 8 0 8 0 9 2 0 8 2 2
4 0 0 2 6 6 3 3 6 6 6 3 5 5 0 6 3 3 0 6 3 3 2 3 2 2 8 0 6 5 6 6 0 0 8 3 0 6 0 5 6 5 3 3 6 6 6 3 2 6 2 8 5 0 0 5 3 2 9 6 6 8 5 0 2 3 9 2 0 6 6
4 9 3 2 6 2 2 8 8 8 5 2 5 9 0 5 6 9 5 0 8 8 8 5 5 2 2 6 5 8 9 0 9 8 2 3 8 9 6 0 2 0 8 3 6 2 9 9 0 5 5 5 8 0 8 5 9 6 2 9 2 3 8 5 0 9 6 5 0 8 5
4 2 0 0 9 0 2 5 3 0 3 8 3 8 6 3 2 0 6 2 8 6 6 2 3 3 2 8 6 0 2 6 2 5 0 9 2 9 2 9 5 0 0 0 8 9 3 9 6 2 0 3 0 0 3 6 2 3 6 8 6 0 8 0 2 0 3 6 5 8 2
4 8 3 6 0 3 6 0 3 5 0 2 0 8 0 2 9 5 0 0 6 5 5 0 5 5 2 0 6 3 2 6 5 3 2 8 2 0 2 6 9 8 8 3 2 5 5 0 8 6 5 5 5 6 3 8 5 3 6 6 8 8 3 5 0 5 0 0 6 5 2
4 5 2 5 9 6 0 3 3 0 3 5 5 2 3 3 2 5 8 8 0 8 3 3 5 2 3 9 5 6 0 0 6 9 6 2 0 5 2 8 0 3 3 6 2 6 0 6 0 9 9 6 2 2 8 6 6 0 5 6 3 6 6 6 9 8 9 0 9 3 3
4 6 2 0 6 9 3 2 5 3 6 0 6 5 6 6 3 0 3 3 0 3 3 8 0 5 6 8 3 5 5 6 3 8 9 2 8 3 8 2 2 5 2 3 6 6 3 0 2 9 6 3 3 5 2 8 2 2 3 6 5 6 0 9 0 6 5 3 0 6 9
4 8 5 0 6 6 5 8 5 6 6 9 5 0 0 6 0 8 5 6 6 5 0 9 3 6 8 2 0 8 6 0 2 3 5 2 2 5 5 5 5 2 8 5 8 3 6 8 6 5 9 2 0 2 5 2 3 8 5 2 8 8 2 5 5 6 0 2 3 0 3
4 6 5 8 5 6 0 3 2 3 8 3 9 0 8 9 5 8 0 0 8 6 9 0 6 8 5 9 6 8 6 0 3 5 8 3 3 8 9 6 9 8 6 2 6 0 3 3 9 5 6 2 3 0 6 2 2 0 8 8 9 5 6 5 5 2 8 0 5 0 0
<end>