<number of tasks>
89
<number of stations>
21
<type of the robots>
4
<cost of the robots>
1 2.58
2 4.85
3 6.83
4 7.73
<task times>
1 275 134 88 62
2 182 138 183 34
3 167 264 102 35
4 244 373 224 67
5 186 80 113 41
6 260 142 82 84
7 337 307 97 62
8 368 198 95 52
9 236 115 161 40
10 438 184 98 89
11 221 155 88 69
12 182 229 88 78
13 225 186 138 91
14 353 295 162 39
15 248 142 123 49
16 260 115 76 58
17 217 231 102 43
18 473 249 179 38
19 298 107 158 31
20 476 93 116 60
21 271 334 149 41
22 558 266 82 74
23 294 171 140 79
24 155 87 107 44
25 263 262 113 45
26 213 212 88 101
27 341 126 119 66
28 527 151 190 63
29 577 254 85 67
30 302 85 142 74
31 201 179 105 40
32 442 293 110 88
33 376 99 85 54
34 260 103 85 36
35 329 130 113 76
36 500 190 89 44
37 217 138 80 34
38 337 200 107 70
39 248 305 174 80
40 329 113 83 41
41 267 340 120 102
42 643 375 113 57
43 291 151 82 78
44 302 216 92 45
45 287 206 94 69
46 426 326 117 45
47 198 101 132 34
48 263 266 135 47
49 147 118 89 76
50 260 278 193 45
51 213 126 79 74
52 298 157 227 52
53 201 138 241 85
54 519 342 162 49
55 411 186 82 66
56 349 177 129 63
57 182 196 116 38
58 267 167 142 49
59 271 82 82 79
60 391 278 186 76
61 260 186 200 72
62 267 227 99 87
63 298 138 228 47
64 205 107 78 49
65 368 105 80 58
66 186 148 79 80
67 182 206 164 28
68 341 272 97 48
69 380 138 170 40
70 476 190 98 56
71 446 134 94 66
72 232 151 127 102
73 287 128 113 48
74 209 118 107 35
75 302 87 76 49
76 298 101 59 45
77 333 245 107 65
78 260 159 120 28
79 310 68 69 41
80 201 237 79 65
81 198 155 89 34
82 511 249 180 49
83 275 200 247 44
84 139 111 76 36
85 325 225 117 43
86 353 258 110 34
87 244 175 138 79
88 438 258 151 100
89 229 289 111 62
<precedence relations>
1,2
2,3
3,4
4,5
4,6
4,7
4,8
4,9
5,10
6,11
7,12
8,18
9,18
10,14
11,12
12,13
13,14
14,15
14,16
15,17
16,54
17,18
18,19
18,20
19,22
20,21
20,28
21,54
22,23
23,24
24,25
25,26
25,27
25,29
26,37
27,33
28,29
29,31
30,54
31,32
32,33
33,34
34,35
35,36
35,37
36,38
37,38
38,39
39,40
39,41
39,42
39,43
40,44
41,53
42,53
43,45
44,52
45,46
46,47
47,48
47,49
49,50
50,51
51,52
52,53
53,68
53,69
53,70
53,71
54,55
55,56
56,57
57,58
57,59
57,60
57,61
57,62
57,63
57,64
57,65
57,66
58,67
59,67
60,67
61,67
62,67
63,67
64,67
65,67
66,67
67,73
68,72
69,72
70,72
71,73
72,78
72,80
73,74
74,75
74,76
75,77
76,81
77,78
78,79
79,81
80,81
80,87
81,82
81,84
81,85
82,83
83,86
84,86
85,86
86,87
86,89
87,88
87,89
<setup time between tasks by robots>
1 0 19 0 8 31 27 23 31 12 31 19 0 8 8 19 31 4 15 19 8 31 23 0 0 12 0 12 0 15 19 27 0 8 27 8 27 4 8 19 0 4 12 15 19 23 27 4 15 8 4 0 31 19 0 12 15 4 23 19 12 0 8 12 15 23 27 15 0 27 19 31 31 4 8 19 8 27 27 15 4 19 27 4 8 0 12 4 15 23
1 8 0 31 4 31 0 31 15 19 31 12 12 0 4 0 12 8 23 27 31 0 15 31 15 19 4 12 23 4 19 31 4 4 8 8 15 31 12 15 27 4 31 31 19 0 19 4 4 23 12 15 19 15 4 23 31 31 27 8 23 27 19 12 31 15 15 4 12 31 12 15 4 0 8 4 23 19 8 0 8 8 4 0 19 0 23 23 15 15
1 23 31 0 4 8 12 23 15 8 27 8 0 8 8 0 12 23 8 15 19 4 12 27 31 23 27 15 8 31 4 12 15 15 8 15 27 12 4 19 27 4 19 23 15 4 31 23 31 19 19 15 27 4 31 27 15 15 15 27 27 4 31 27 15 8 31 4 15 31 31 4 23 15 23 23 31 15 0 15 8 27 12 31 23 23 31 31 23 31
1 15 4 31 0 23 31 23 4 8 12 23 8 8 19 23 27 19 12 12 4 4 0 8 27 12 4 4 27 19 27 8 27 0 12 19 4 15 4 0 19 4 4 0 4 12 27 4 23 12 19 0 15 4 15 19 12 12 15 19 8 12 4 31 15 4 8 15 0 12 19 4 27 8 23 27 0 12 4 12 12 0 27 0 27 27 0 15 4 12
1 15 12 31 19 0 4 19 31 15 15 31 31 31 12 15 31 31 15 15 12 15 19 8 27 8 12 23 31 8 27 8 19 8 4 4 23 23 23 12 23 12 12 12 12 12 31 4 12 8 15 12 8 23 0 4 4 4 4 0 19 19 4 4 23 12 15 19 12 23 31 31 27 31 8 23 8 23 0 4 4 15 12 8 23 15 31 31 15 27
1 4 12 12 12 8 0 27 0 12 23 0 23 8 31 15 19 4 31 23 19 15 4 0 8 23 8 15 8 12 8 19 4 15 31 8 12 8 12 4 23 15 8 8 0 31 12 4 15 12 19 4 23 27 23 0 15 8 23 27 4 23 23 23 4 27 4 4 12 4 0 31 31 23 19 15 31 27 27 0 8 31 0 12 27 15 27 27 19 0
1 15 12 4 0 8 4 0 4 23 8 19 0 8 27 31 19 23 15 4 23 4 12 19 15 4 15 31 15 12 15 12 27 12 23 31 19 15 23 19 8 27 8 12 15 15 19 4 4 19 31 15 31 15 31 19 31 12 0 15 23 27 27 15 12 31 23 12 8 27 27 15 19 19 12 15 8 15 27 31 15 0 4 27 27 31 0 27 12 4
1 31 12 0 8 23 23 4 0 31 8 12 15 23 31 27 4 19 23 27 0 4 31 19 19 8 19 23 15 4 23 23 8 8 19 0 12 8 27 31 0 4 8 8 19 15 15 27 8 4 12 4 12 15 8 27 27 23 27 0 8 23 12 15 8 8 8 31 12 19 15 12 19 4 15 12 0 15 23 27 8 4 12 0 23 23 23 12 31 12
1 15 15 19 19 19 19 8 31 0 19 27 23 15 12 0 12 27 4 23 0 15 19 15 19 31 19 23 15 12 27 15 31 4 23 8 0 4 0 8 8 23 0 0 19 0 4 8 0 15 23 27 23 19 15 0 27 8 27 8 15 15 23 8 15 27 19 12 31 4 31 31 4 31 31 23 12 23 19 12 23 19 23 31 15 19 23 19 27 0
1 12 23 4 4 4 15 23 12 12 0 12 0 4 31 31 31 15 15 8 27 12 19 19 0 23 8 0 31 23 8 8 31 0 15 31 19 4 12 8 0 12 4 19 31 27 12 19 19 12 15 23 15 15 0 4 12 8 0 15 12 27 12 8 4 31 0 27 8 12 0 19 12 23 23 0 0 8 4 0 31 27 19 12 27 19 19 23 4 15
1 23 27 27 0 12 31 0 4 0 31 0 19 4 4 0 8 27 19 19 31 19 23 12 31 4 23 31 8 19 27 19 8 0 0 23 4 19 27 27 19 4 8 8 27 23 8 31 0 27 23 4 31 4 31 31 15 23 4 31 12 8 0 31 12 27 0 0 23 0 8 19 8 31 23 31 19 31 23 19 8 27 31 31 12 31 15 0 12 19
1 31 31 12 15 27 12 8 27 0 12 23 0 19 12 8 23 19 23 12 31 23 4 15 15 4 12 23 8 4 31 31 19 15 19 15 31 23 0 4 19 0 4 19 15 12 8 27 12 31 12 8 19 12 12 27 19 27 23 15 23 27 12 4 27 23 27 0 15 12 27 8 4 4 15 12 31 4 23 4 4 19 23 12 0 15 15 27 8 15
1 27 4 27 23 8 12 31 19 19 19 19 4 0 8 31 23 31 8 31 0 23 23 31 0 15 4 15 19 31 15 0 15 15 23 19 23 8 4 12 12 0 4 8 12 8 4 23 27 15 4 12 4 23 12 31 12 12 8 23 12 27 12 12 12 0 27 0 31 31 27 19 8 0 19 0 31 15 31 8 15 15 23 27 15 19 23 15 27 27
1 4 27 19 23 0 15 15 8 19 31 15 15 12 0 4 8 8 15 4 31 8 8 8 23 19 23 4 19 12 19 23 19 23 0 4 0 0 0 15 12 23 0 12 0 15 31 8 12 15 15 0 23 12 31 4 0 8 19 8 0 15 23 4 0 23 27 4 12 4 19 23 15 31 15 31 8 23 8 12 4 19 12 15 27 27 15 23 12 8
1 0 31 4 27 31 19 4 4 19 12 0 27 31 31 0 27 31 0 27 4 15 31 19 15 0 4 4 19 12 8 23 0 19 27 8 31 23 12 4 0 12 23 8 8 4 19 27 15 8 8 8 19 8 15 31 4 15 27 4 15 27 4 0 31 23 4 19 19 31 31 23 31 23 23 15 31 0 15 0 8 0 8 8 15 8 27 19 27 23
1 15 27 31 31 19 15 12 31 4 23 19 23 23 31 23 0 23 19 8 8 8 12 8 4 0 4 15 8 23 4 12 0 23 12 19 15 12 0 12 23 19 19 31 12 0 15 31 8 4 15 8 27 23 12 4 27 19 19 0 15 15 27 15 8 12 19 15 8 15 15 12 19 4 15 4 31 4 19 12 23 27 31 19 23 12 23 8 8 0
1 12 27 15 12 19 23 8 8 8 8 23 31 23 19 0 19 0 27 31 8 23 12 31 12 8 4 19 4 12 8 12 0 23 8 8 19 4 31 4 0 12 12 31 31 31 4 0 0 19 19 19 8 19 31 23 0 27 0 8 19 12 31 15 27 0 19 12 27 27 23 19 15 12 19 12 8 8 31 27 8 8 8 31 4 19 0 23 8 8
1 12 23 31 8 12 31 0 4 12 23 27 19 4 12 31 0 27 0 4 15 12 19 4 27 15 4 0 12 15 4 12 31 4 15 27 0 12 0 23 27 27 15 4 0 8 0 8 19 15 4 23 27 23 4 27 19 27 0 0 4 12 27 27 23 4 15 4 4 23 23 19 23 0 27 19 23 8 27 31 23 4 4 4 31 15 23 8 4 27
1 27 12 8 4 8 31 23 19 23 23 27 4 23 8 27 12 0 0 0 8 15 12 15 27 31 19 12 15 19 8 31 0 15 8 15 27 23 27 4 15 15 23 23 0 0 8 19 4 15 8 23 12 27 15 4 8 27 12 27 19 19 8 23 0 27 0 27 12 31 12 0 0 19 0 0 12 15 4 23 23 12 23 8 0 15 31 23 19 4
1 15 23 27 15 4 31 27 8 27 4 31 19 0 19 12 15 23 4 4 0 15 4 27 19 0 19 23 23 19 19 27 23 23 15 4 27 0 23 0 19 23 4 12 27 4 31 4 31 19 23 0 12 0 19 8 31 12 8 27 4 0 8 15 27 23 19 4 19 4 23 31 8 8 31 12 15 31 15 23 8 4 8 12 23 4 4 0 23 27
1 23 15 12 8 15 8 23 8 0 31 15 19 27 15 0 8 4 8 23 19 0 15 4 31 12 19 15 31 0 15 8 19 12 4 19 27 12 23 8 15 23 27 19 23 12 12 19 4 0 19 0 23 12 4 0 27 0 12 31 0 0 8 15 19 27 23 8 0 15 15 23 8 12 19 4 23 27 8 27 31 23 23 0 15 23 12 23 12 23
1 0 19 31 8 23 19 8 19 12 12 8 31 27 15 15 8 8 31 31 31 12 0 27 4 0 12 15 31 0 4 31 15 27 8 31 19 8 12 19 19 15 31 31 23 8 0 31 23 31 31 23 12 31 27 19 15 12 27 0 27 4 8 27 19 4 0 8 23 4 4 4 4 23 0 27 27 8 4 27 31 4 12 4 27 23 15 23 15 0
1 12 23 12 31 23 23 19 0 15 12 8 19 19 31 15 4 0 4 23 4 8 4 0 23 27 27 8 12 15 15 27 8 8 31 27 4 15 31 23 31 4 23 0 8 31 8 15 31 19 8 15 19 27 0 12 23 12 8 0 12 0 8 23 15 27 8 4 23 15 23 12 31 15 19 31 27 0 15 31 23 27 0 0 27 23 8 27 12 8
1 15 12 4 12 12 4 0 12 12 23 23 31 27 15 0 23 19 31 12 27 0 8 12 0 0 19 4 12 15 4 19 27 19 19 15 31 27 4 31 27 23 8 12 12 8 23 31 15 0 4 23 0 12 12 19 12 15 31 27 31 12 23 4 12 19 8 12 8 23 0 19 27 4 23 31 8 23 8 8 4 19 15 31 8 31 8 4 12 23
1 31 4 12 12 31 4 0 0 8 4 8 12 23 23 8 4 15 4 0 4 23 19 31 23 0 19 19 27 23 15 19 27 0 4 8 19 0 4 0 27 31 19 0 27 23 12 8 15 15 12 31 27 8 27 23 8 23 12 23 0 19 31 15 31 4 4 19 12 19 0 23 8 19 4 27 15 15 4 27 31 19 0 12 15 0 23 8 8 12
1 12 0 27 12 4 8 4 23 4 4 31 31 12 0 4 27 8 0 15 15 15 0 31 19 31 0 15 15 0 4 0 8 27 15 27 0 27 15 8 0 31 19 23 12 12 15 0 23 19 4 23 27 4 27 27 19 27 8 15 4 19 0 19 27 12 8 12 15 31 8 0 15 31 0 23 12 19 12 19 23 19 12 19 0 19 12 31 31 15
1 12 4 8 0 27 15 0 4 8 15 23 19 27 8 8 12 4 23 15 23 8 27 19 12 27 4 0 4 0 23 19 31 27 27 15 4 31 12 4 19 19 15 23 23 23 0 15 19 27 31 12 19 23 0 15 0 27 19 15 12 19 8 15 0 12 15 27 31 8 4 23 31 4 15 0 8 0 23 15 19 15 0 19 27 0 12 8 12 4
1 12 31 15 12 12 19 4 8 31 15 15 8 23 8 8 4 23 0 4 12 4 23 12 8 31 8 31 0 12 0 12 0 8 19 27 12 4 19 23 12 15 15 31 23 15 23 8 15 4 15 23 8 8 8 8 12 27 27 0 23 12 0 0 23 8 23 27 23 4 12 19 27 4 23 19 8 0 19 19 0 15 31 31 27 27 31 23 8 19
1 31 8 0 19 23 23 0 0 8 12 12 4 23 4 15 31 8 8 8 12 15 4 31 19 19 31 23 12 0 4 8 12 12 15 4 8 12 31 0 19 19 23 0 8 12 15 8 8 12 31 27 8 23 12 15 4 15 23 12 12 0 8 4 8 19 4 15 19 19 0 0 4 23 15 23 15 19 12 8 0 12 19 27 27 0 0 23 12 27
1 15 27 15 23 19 12 15 27 31 27 0 15 4 27 15 23 23 8 4 31 27 8 23 19 4 12 0 12 0 0 31 4 23 31 12 15 19 12 0 8 31 31 0 19 23 15 31 15 0 8 31 23 31 19 15 8 4 4 31 4 8 12 19 23 19 27 15 19 15 27 0 19 27 23 12 12 27 0 23 19 8 0 19 12 15 27 23 31 27
1 4 8 8 12 0 23 31 4 15 19 12 19 8 0 8 23 12 0 0 8 19 8 12 12 15 27 19 0 4 8 0 4 19 31 31 8 27 31 8 31 0 23 31 12 4 19 19 23 19 23 8 27 27 12 31 27 31 12 31 23 31 4 19 15 23 0 23 27 31 15 19 15 15 12 12 27 23 0 8 12 12 27 27 23 12 19 23 0 19
1 27 0 4 31 15 23 4 27 8 0 12 8 15 8 23 23 8 12 19 31 27 23 27 0 27 31 0 15 12 0 4 0 4 31 15 8 12 19 19 23 19 23 15 19 15 0 8 12 8 0 12 23 23 23 23 12 23 27 4 23 31 4 0 8 8 8 8 31 23 4 4 31 23 15 31 8 15 27 12 12 31 31 4 27 27 19 23 15 0
1 8 23 19 12 31 15 0 19 31 8 8 0 27 31 23 4 23 0 19 27 23 4 27 23 12 8 31 27 23 15 15 0 0 0 4 19 23 27 12 15 4 27 23 0 19 23 31 27 23 12 31 8 0 15 27 4 15 15 31 0 12 27 27 19 19 23 8 23 0 19 12 23 31 4 8 8 12 4 0 12 15 12 27 19 15 31 15 8 12
1 15 23 23 0 4 8 19 4 23 12 19 4 19 19 4 0 0 31 27 0 12 31 19 12 4 4 8 31 4 31 0 19 27 0 27 0 27 4 0 19 0 23 8 15 23 12 31 8 0 0 0 31 19 19 23 12 31 19 19 12 0 8 12 8 27 15 19 8 19 19 4 31 4 19 19 19 23 8 31 19 23 27 0 23 31 23 19 27 8
1 15 27 12 4 15 12 8 4 19 12 31 31 27 27 15 19 27 0 4 19 19 0 15 19 12 19 23 4 27 19 4 0 31 0 0 15 31 4 8 31 27 12 31 19 23 31 0 27 0 8 23 8 15 23 12 15 15 19 12 12 8 8 31 15 8 8 19 12 8 19 27 8 23 27 12 23 19 15 0 19 15 23 12 27 0 27 27 12 23
1 15 19 8 8 15 19 0 0 4 4 23 15 8 0 4 15 8 19 31 4 23 27 23 31 8 23 19 19 23 4 0 0 31 12 19 0 0 31 31 4 23 23 19 4 19 12 12 15 15 23 15 0 4 23 27 31 8 12 31 19 8 8 19 15 4 19 8 19 4 0 19 4 27 23 8 0 15 27 23 8 12 8 31 27 8 8 12 23 31
1 31 0 23 23 31 12 8 27 8 0 0 31 8 12 8 19 19 8 23 23 0 0 0 19 12 0 27 4 0 8 4 31 4 0 12 15 0 4 8 15 19 0 12 4 8 4 4 8 8 27 23 23 15 23 31 27 23 27 23 19 4 27 12 23 31 0 4 27 27 12 23 15 19 31 4 23 31 15 0 12 4 19 0 23 8 12 15 0 23
1 12 8 8 4 4 31 12 4 8 0 27 31 15 23 15 27 8 23 31 0 31 19 8 27 4 12 4 0 15 0 0 8 23 15 31 4 12 0 27 8 12 19 0 0 23 0 31 12 31 31 19 4 15 27 12 19 23 27 0 27 8 0 23 31 23 12 27 8 12 23 19 4 23 31 19 19 31 27 0 27 12 0 23 19 27 0 12 4 23
1 8 0 0 4 0 23 8 31 15 23 12 8 4 4 4 31 19 0 19 0 15 23 8 31 15 15 8 23 0 19 31 27 31 12 12 19 4 8 0 19 15 0 4 23 4 27 23 4 15 23 31 19 15 8 4 23 8 19 8 4 8 8 27 19 12 27 0 23 8 12 15 27 27 31 19 27 31 0 31 23 8 0 19 19 4 31 31 19 0
1 27 23 19 4 19 4 19 23 15 19 12 15 23 23 0 15 12 23 19 8 19 19 27 0 31 0 12 12 31 4 12 27 0 27 23 0 0 19 0 0 0 8 19 4 27 31 0 31 27 27 4 15 23 4 23 23 4 19 27 8 27 0 8 12 8 27 23 19 27 8 19 19 23 8 15 31 8 0 8 23 12 12 19 12 8 4 12 4 31
1 23 12 15 19 4 12 31 0 15 0 19 4 23 27 12 15 15 31 8 15 31 23 8 0 31 19 15 12 15 23 8 8 12 19 12 31 15 4 4 31 0 31 23 12 23 12 0 27 0 4 4 8 23 27 31 23 23 27 4 12 15 19 0 4 19 23 19 27 27 0 0 12 19 23 31 0 12 12 8 8 27 23 0 0 27 4 4 15 31
1 12 4 4 19 15 0 0 19 27 15 31 27 19 23 0 12 12 31 15 27 15 4 8 19 27 19 0 27 8 19 12 31 12 31 4 0 19 12 27 15 12 0 27 19 8 31 0 31 8 15 12 23 19 15 27 27 8 27 4 0 4 4 12 15 23 23 15 12 19 4 0 23 12 23 27 19 0 8 12 19 19 8 31 4 23 4 23 15 27
1 12 0 8 4 15 15 0 0 15 4 15 0 15 12 27 19 0 15 8 31 8 15 31 31 0 31 15 4 19 23 31 0 12 27 8 23 4 0 27 27 12 4 0 15 27 23 4 23 23 4 4 23 4 31 8 15 31 19 15 4 8 4 23 27 23 19 0 15 4 12 31 4 0 0 8 27 27 19 15 4 27 27 15 19 0 19 23 8 0
1 23 19 23 23 0 19 15 19 0 0 31 27 4 31 0 19 19 27 4 0 8 19 31 4 27 15 31 31 8 8 4 12 4 0 19 12 12 19 31 23 4 8 12 0 27 19 8 4 0 15 27 15 12 0 8 0 23 19 27 15 15 8 31 15 0 8 23 23 4 12 15 12 23 0 8 23 31 12 23 19 0 27 27 4 27 23 27 23 23
1 27 4 12 27 12 4 19 8 19 0 0 27 4 31 0 4 0 19 4 15 8 0 19 23 19 4 15 4 19 27 15 19 19 8 0 15 15 27 15 27 0 0 31 15 0 0 8 19 0 27 27 27 0 23 15 23 12 31 15 0 23 4 23 4 12 19 19 0 15 23 27 8 12 15 31 8 23 0 4 27 27 8 31 8 23 23 19 15 4
1 27 23 31 31 8 0 4 4 15 27 12 31 0 12 8 0 12 8 8 15 8 4 12 12 19 23 8 12 15 15 19 19 27 0 0 19 19 4 4 19 31 0 19 19 15 0 15 15 23 12 4 12 19 8 19 23 8 19 15 4 19 31 15 27 27 31 12 23 12 27 15 12 4 27 15 15 31 4 8 15 31 23 12 23 4 4 12 23 12
1 19 23 23 12 12 4 23 15 27 27 15 0 8 15 19 31 19 27 15 8 27 31 27 12 12 23 15 8 8 0 12 19 8 31 8 27 0 19 15 15 19 27 31 8 27 19 0 19 27 0 19 8 0 31 0 27 12 8 27 12 12 15 15 19 27 19 4 19 23 4 8 15 8 12 15 15 19 0 12 12 15 23 4 12 12 15 12 19 19
1 12 0 15 27 12 31 4 8 0 8 4 0 4 12 8 27 15 8 27 31 19 0 19 19 0 31 12 0 12 12 15 15 8 31 15 4 4 23 12 4 0 31 15 8 15 27 4 0 23 15 23 31 4 19 15 0 8 4 27 12 31 4 19 12 27 19 4 31 27 27 27 19 8 4 23 4 15 23 23 4 0 8 15 15 31 0 27 12 8
1 0 8 15 19 12 19 23 23 27 4 12 12 15 0 12 31 19 31 0 19 23 12 23 19 27 4 23 4 0 12 8 12 23 8 19 0 8 19 12 0 19 19 15 4 8 31 12 4 0 27 4 8 15 15 8 31 15 23 27 12 31 19 23 31 12 8 4 0 27 4 19 31 27 12 4 4 31 8 12 15 4 15 19 8 8 19 23 12 12
1 31 19 12 8 23 0 19 23 12 4 23 31 0 27 4 31 12 0 19 31 4 19 15 8 27 12 23 8 31 4 8 0 8 15 23 4 27 23 0 31 8 27 4 12 31 15 19 8 15 0 27 4 8 8 0 19 4 27 12 31 12 12 23 12 27 4 27 0 15 4 12 27 27 15 27 0 19 8 31 15 23 27 4 23 12 15 27 27 0
1 19 4 23 19 12 12 12 15 15 27 31 27 19 31 12 15 27 15 31 15 12 15 19 12 8 19 4 4 4 27 27 15 12 12 0 15 8 23 19 12 0 0 31 15 0 0 31 23 23 0 0 12 15 31 23 12 27 23 12 19 0 27 0 12 27 15 8 8 23 4 15 8 15 15 8 15 15 0 27 0 0 23 12 0 12 15 12 15 23
1 8 4 4 31 27 15 8 0 0 4 27 23 4 12 27 19 0 4 23 12 12 4 23 23 8 15 23 8 0 12 8 15 23 31 8 15 19 19 31 4 19 0 0 8 19 27 31 19 8 0 27 0 23 19 4 0 15 8 12 8 19 0 27 12 8 0 15 15 27 12 12 23 31 23 4 31 15 23 27 19 4 31 27 12 0 31 23 15 0
1 0 12 12 8 4 15 27 0 4 15 31 0 12 27 15 19 0 27 8 31 4 31 8 19 4 8 19 0 12 12 15 12 19 4 19 19 23 27 15 15 4 15 12 27 4 15 31 0 27 27 15 8 0 4 27 23 12 23 19 8 15 23 27 23 0 15 31 31 19 19 4 12 19 4 15 12 12 23 4 8 19 0 23 8 0 31 23 4 19
1 15 4 8 31 27 4 27 8 31 19 4 19 12 12 12 8 8 8 27 15 8 15 27 8 4 31 27 31 12 12 0 27 31 19 23 27 19 19 19 23 15 12 0 27 0 23 8 23 12 0 0 8 27 0 19 31 31 15 4 12 15 8 4 15 27 27 8 31 23 12 12 12 4 8 4 4 27 12 23 4 27 31 8 15 23 15 8 31 23
1 23 15 4 19 31 0 15 31 0 0 15 0 23 0 31 31 23 19 23 12 12 27 15 19 4 27 0 4 23 23 0 15 12 19 31 8 15 19 23 12 31 15 15 27 31 23 15 0 23 0 19 0 15 31 0 23 0 19 15 8 12 19 0 12 23 0 0 23 19 19 12 27 27 19 15 0 31 15 27 0 15 27 0 15 31 19 31 19 23
1 8 15 15 27 4 31 27 15 27 31 23 12 12 8 4 12 23 4 23 15 12 31 15 4 23 23 31 19 0 19 31 0 23 23 19 0 4 0 19 27 27 27 4 4 8 0 0 8 4 19 15 12 31 8 4 0 31 19 23 0 19 27 19 23 8 4 0 8 12 4 23 15 4 19 8 23 12 8 8 19 4 23 31 0 31 27 0 15 23
1 27 27 27 4 19 27 4 4 4 27 4 31 8 19 19 12 15 31 31 19 15 8 31 4 0 4 4 27 19 27 12 27 15 23 8 31 15 15 8 4 12 23 19 31 23 19 19 23 4 31 4 4 8 27 27 4 0 12 12 0 19 15 19 15 8 19 19 12 12 23 15 4 12 23 23 4 12 23 12 4 8 27 31 4 23 4 4 0 4
1 0 19 19 19 15 27 19 12 8 19 12 15 27 19 31 19 15 12 31 19 0 15 19 4 27 19 23 23 31 8 23 4 4 0 31 8 4 23 15 12 27 15 4 31 15 4 15 23 12 4 0 8 4 4 15 27 27 0 31 15 23 19 8 12 0 27 19 12 8 0 23 31 23 15 15 15 0 27 27 19 19 12 0 8 15 19 12 15 8
1 8 12 0 15 8 23 12 12 0 23 19 8 23 23 4 8 31 0 15 15 27 4 0 8 15 31 4 8 15 0 23 12 23 0 19 19 15 23 4 23 31 31 0 4 0 19 12 19 19 19 4 0 31 0 27 23 19 31 0 19 31 4 4 19 8 27 19 31 27 23 0 23 19 12 12 15 31 27 8 27 12 27 27 0 8 0 4 15 8
1 27 8 8 8 8 19 23 31 0 23 31 0 23 19 8 15 4 15 27 4 4 12 4 31 8 4 15 4 31 15 23 31 19 27 31 12 0 23 27 31 8 15 31 19 19 0 8 23 0 0 19 0 4 31 15 8 4 12 4 0 0 23 15 27 0 12 15 31 19 23 8 12 27 15 12 15 27 12 15 23 12 27 0 27 31 19 31 0 19
1 0 19 23 4 12 8 31 23 12 19 8 12 4 23 31 23 12 31 8 12 0 31 15 0 31 19 23 27 27 23 0 4 31 12 27 4 4 15 4 31 23 4 4 12 12 0 15 4 12 15 19 15 27 0 8 4 8 12 4 8 0 12 12 12 31 12 15 19 0 15 27 0 0 23 15 19 0 19 8 0 8 27 19 12 31 15 4 27 15
1 15 8 15 0 19 15 8 0 15 0 0 27 19 12 4 23 19 27 8 31 23 15 31 27 23 4 15 8 8 31 12 12 23 19 31 15 27 4 23 31 19 23 15 27 4 12 4 4 12 15 8 23 15 19 15 12 31 4 0 19 4 0 4 15 4 12 0 12 8 12 19 8 0 12 0 4 0 12 15 27 31 8 27 8 8 4 12 23 23
1 27 0 23 12 31 31 23 31 8 15 0 31 15 0 0 8 15 31 4 15 4 15 19 8 27 12 15 12 0 19 12 31 4 12 19 4 0 19 0 12 12 19 8 4 31 0 4 4 27 15 4 8 23 31 8 15 15 12 31 15 27 27 0 31 31 4 4 31 31 27 23 15 27 19 8 31 23 15 31 12 31 12 19 12 15 0 4 27 8
1 15 15 0 31 0 8 4 23 23 15 19 8 19 12 27 4 19 23 8 27 31 15 31 8 31 0 12 8 19 15 27 0 8 4 31 4 27 12 15 12 27 19 4 0 15 0 12 4 0 19 4 0 4 12 31 27 23 27 0 23 12 4 27 0 15 4 0 12 12 0 27 4 19 0 12 0 19 31 0 31 4 19 23 4 8 19 23 27 27
1 4 12 23 15 4 31 19 15 0 23 27 4 8 8 31 4 19 12 27 0 12 4 19 4 23 4 12 15 19 0 27 12 0 31 31 12 19 12 27 4 15 8 4 27 0 23 23 4 0 23 12 15 31 23 19 8 8 19 0 12 8 23 31 8 0 31 31 19 19 0 23 31 23 12 4 15 27 31 23 0 15 4 19 8 23 4 31 15 8
1 19 15 27 23 12 23 0 0 27 4 15 0 8 23 31 19 23 4 27 31 4 15 31 19 23 19 31 8 8 19 12 0 15 0 4 27 0 19 4 0 4 27 0 23 23 8 15 31 31 4 23 0 23 31 15 23 27 19 27 12 4 27 27 4 23 0 23 15 27 31 12 4 31 4 8 27 4 19 27 27 4 4 12 19 0 4 23 23 19
1 15 0 4 31 0 23 19 31 23 31 8 31 27 23 4 8 23 27 27 27 31 12 0 4 31 15 0 31 12 0 12 19 15 19 8 31 0 19 27 23 15 31 31 23 31 0 31 31 12 23 4 12 27 4 8 12 8 23 0 27 0 8 0 19 19 23 0 12 4 27 4 27 8 23 27 27 12 4 23 15 27 23 15 0 0 8 27 27 12
1 23 12 19 4 31 31 31 19 23 0 19 12 23 4 15 23 31 23 31 19 31 27 4 0 31 12 19 12 8 23 19 23 0 8 12 15 15 31 15 19 8 4 15 31 27 8 0 15 23 19 15 0 0 27 31 19 4 23 19 27 4 27 23 4 27 31 23 0 4 31 12 4 8 15 0 31 19 27 0 23 4 27 8 15 15 23 4 12 27
1 0 0 31 4 27 15 31 15 4 15 31 31 12 15 15 23 8 27 8 12 31 23 15 0 12 19 19 27 15 8 31 4 15 15 4 12 19 19 15 4 0 0 0 27 31 31 31 31 31 23 0 31 4 0 27 12 27 27 0 12 12 8 4 4 31 12 0 12 0 31 4 4 0 23 4 23 23 0 12 8 27 31 15 12 12 31 31 19 23
1 0 8 23 0 12 19 12 19 0 19 15 19 12 4 31 0 12 12 15 19 8 27 0 31 4 23 0 15 23 23 27 31 8 4 8 27 19 15 0 27 4 27 0 23 27 31 27 23 19 27 8 27 27 4 12 8 23 19 19 15 0 4 0 12 4 27 23 0 12 0 4 31 27 15 27 23 23 23 0 0 19 23 0 0 19 19 12 31 23
1 4 23 31 27 12 12 23 4 4 31 12 31 12 15 8 8 4 0 4 12 15 19 27 0 31 0 0 4 12 0 23 8 8 8 27 0 19 4 12 8 23 15 15 27 8 19 15 27 4 4 4 19 23 12 15 15 15 31 15 12 12 31 19 31 8 23 15 12 4 19 0 19 27 0 19 0 19 0 31 19 31 4 19 15 0 8 19 8 19
1 31 8 8 31 23 31 31 0 27 27 15 31 31 12 12 4 23 15 23 15 0 4 8 27 15 12 23 27 19 31 31 4 12 31 27 23 23 19 0 23 12 31 8 12 27 4 19 12 8 4 15 19 8 12 0 31 4 0 15 0 8 8 0 8 12 27 8 8 19 23 19 0 15 4 8 8 0 23 27 31 0 23 19 4 19 31 27 31 27
1 15 4 27 12 12 23 4 4 4 19 0 4 0 8 23 19 19 19 0 15 15 8 12 31 8 23 8 15 19 0 19 23 27 8 31 8 4 4 4 0 19 23 27 23 15 31 19 23 23 23 12 31 0 19 4 31 31 15 4 19 15 15 23 0 15 4 23 23 19 23 0 0 0 27 19 8 31 12 19 23 12 0 12 23 23 31 12 12 15
1 0 15 15 27 4 4 19 15 0 19 12 4 19 19 15 0 15 15 12 23 19 8 23 15 23 19 15 0 12 0 8 31 31 27 0 31 15 19 19 8 0 15 8 0 23 8 31 31 31 0 27 8 23 15 12 0 27 23 8 0 15 23 15 19 4 8 8 0 27 4 8 31 12 0 19 8 19 15 19 27 15 27 12 19 31 31 31 23 23
1 15 8 12 31 4 0 15 15 19 8 8 4 27 23 12 12 19 27 31 23 12 0 8 8 15 27 4 15 27 4 4 15 27 0 12 31 8 19 23 15 31 8 15 19 0 0 31 0 27 0 4 8 19 19 31 23 27 31 0 31 0 23 31 31 4 15 15 27 23 4 31 8 15 8 0 31 0 31 4 0 27 0 4 12 31 15 23 12 8
1 27 27 0 0 23 15 8 19 0 12 31 23 31 19 27 27 8 8 8 0 31 23 19 27 19 0 19 19 12 15 4 15 31 31 4 4 12 8 12 19 8 0 31 12 19 23 31 27 19 12 23 4 27 19 19 12 19 4 19 8 4 23 12 8 23 0 0 0 27 19 0 19 8 23 0 0 8 23 0 27 19 27 31 31 8 4 0 12 15
1 0 27 0 23 8 8 0 31 31 4 23 8 15 8 27 4 15 23 4 8 8 31 0 8 12 8 27 27 19 15 8 15 15 0 19 0 19 23 0 19 23 27 23 0 12 23 12 8 23 31 4 8 15 12 8 19 0 8 15 8 8 31 15 4 0 23 4 27 31 27 23 12 0 19 4 27 0 31 19 27 19 0 23 27 8 8 4 12 15
1 12 15 12 15 27 27 15 19 4 0 12 23 23 31 31 8 27 15 19 0 0 8 0 23 15 27 27 8 19 19 27 8 31 0 0 23 27 27 12 19 23 27 15 4 4 15 27 31 8 8 12 31 8 27 19 8 23 8 19 12 23 19 0 0 27 31 0 12 23 19 0 12 31 23 8 12 4 0 19 19 0 27 19 0 12 4 23 0 15
1 8 12 31 23 15 19 8 15 8 12 8 0 12 19 15 23 31 23 12 12 15 0 8 23 19 8 0 23 19 19 8 12 31 8 23 31 19 0 31 12 27 12 27 27 8 8 23 31 4 4 4 19 31 15 12 15 31 12 15 4 15 27 0 15 27 23 23 0 19 15 19 8 4 15 27 12 23 8 0 27 4 12 19 19 0 4 31 23 12
1 23 23 12 0 27 0 23 12 31 19 15 19 27 23 23 0 23 15 15 15 19 8 15 31 27 12 4 4 15 4 0 23 15 8 27 8 12 0 27 23 4 12 0 0 27 8 19 15 19 4 12 31 27 8 12 31 27 4 27 12 15 27 19 23 15 8 19 31 23 15 8 0 0 0 12 15 0 19 31 0 12 0 23 23 4 15 19 8 27
1 8 27 19 12 23 12 0 23 0 19 27 8 15 27 23 31 0 0 15 12 19 23 12 8 4 15 27 23 4 4 23 4 23 8 4 31 15 4 15 12 12 4 8 4 31 4 0 4 31 8 19 15 4 4 15 8 31 27 12 8 12 4 27 27 15 4 12 0 31 31 27 15 23 8 12 15 12 8 4 4 0 31 19 4 12 15 19 4 19
1 12 0 31 0 8 12 8 23 4 4 8 27 8 27 0 12 23 23 4 8 27 27 19 19 4 19 4 31 0 0 15 19 15 8 0 19 8 8 27 0 19 15 8 8 31 31 15 12 0 0 27 19 12 15 0 31 0 15 27 8 23 0 12 12 15 19 12 12 0 0 23 15 15 0 4 19 19 31 27 15 27 0 8 23 0 27 31 0 8
1 19 4 0 19 15 27 23 19 0 4 23 4 23 31 19 8 27 19 12 27 23 12 12 15 4 4 0 19 0 23 8 27 8 31 31 19 31 4 0 15 19 31 27 4 19 12 23 4 0 0 23 8 19 8 12 12 27 12 8 15 4 12 4 23 19 31 0 0 8 12 31 23 31 12 23 0 27 12 15 15 4 12 0 4 15 19 31 31 19
1 15 15 23 19 8 27 15 0 23 31 12 23 12 27 27 4 27 12 4 23 0 27 31 12 23 23 19 4 4 15 4 12 23 27 23 15 8 12 0 27 12 15 27 15 27 27 0 31 4 4 23 4 23 0 27 19 31 19 8 19 31 4 23 0 15 23 27 27 0 4 8 15 23 0 27 0 19 4 4 15 31 8 23 0 15 23 4 4 12
1 19 15 8 19 0 15 0 8 27 31 31 8 27 12 4 23 15 4 15 0 31 0 15 23 23 0 15 23 15 19 19 15 23 12 8 31 8 12 12 8 23 15 4 0 15 27 31 12 27 31 0 4 4 0 23 15 0 4 8 27 19 15 23 31 4 19 12 4 27 12 27 0 12 8 8 23 31 27 8 19 27 8 0 23 0 23 0 19 4
1 27 15 27 12 8 23 12 27 0 0 4 15 15 27 12 8 15 15 15 23 12 15 4 0 23 31 0 8 0 8 8 0 23 8 8 27 23 23 31 31 19 4 27 31 4 19 19 12 23 12 4 15 23 15 12 12 19 23 31 19 23 8 27 8 4 12 12 8 31 8 0 0 31 27 12 31 12 27 8 31 15 12 15 31 27 0 12 8 15
1 23 19 23 15 27 8 0 4 15 27 8 4 23 27 0 27 0 19 4 27 23 23 31 0 27 19 15 12 12 4 4 0 15 27 19 4 19 23 27 8 4 0 0 4 8 27 8 23 4 23 27 12 8 0 4 27 4 19 0 31 27 27 12 0 12 4 27 8 27 19 0 19 4 12 8 27 31 8 27 8 23 31 19 23 19 27 0 0 31
1 31 8 0 31 19 0 12 19 4 31 4 31 8 8 12 27 19 19 15 23 23 19 15 8 15 15 31 15 15 8 15 15 8 12 4 8 12 15 15 27 19 31 23 15 15 4 23 15 31 23 8 4 23 23 8 15 0 31 4 12 27 12 4 4 4 0 27 19 31 23 23 0 0 4 15 23 31 19 15 4 0 27 31 19 19 15 8 0 23
1 23 12 27 23 8 12 12 12 15 4 12 4 27 23 27 15 15 12 4 4 0 19 23 23 27 19 27 27 23 0 12 31 12 4 4 31 15 4 19 8 12 4 19 12 15 4 8 12 4 0 4 4 15 0 19 15 15 31 12 4 4 19 8 8 12 19 12 8 4 4 0 12 15 4 27 0 23 31 8 31 19 0 8 27 0 4 4 4 0
2 0 12 2 4 6 6 0 6 14 0 4 8 12 0 0 10 16 2 6 0 0 4 6 14 2 10 16 6 2 12 2 16 2 10 2 6 0 10 8 12 8 6 2 10 2 2 0 8 0 12 0 0 14 4 0 12 0 12 4 10 14 8 6 8 0 10 2 12 12 10 4 12 6 6 12 12 0 8 2 6 12 6 0 6 8 6 10 12 6
2 12 0 6 10 8 12 6 8 10 14 10 8 0 10 14 0 12 4 8 0 8 4 10 12 2 14 6 16 12 4 0 14 8 8 8 8 2 12 4 2 12 12 2 6 0 12 10 2 14 0 2 4 8 14 10 14 2 4 2 2 10 10 8 2 0 12 0 2 4 10 0 12 10 6 4 14 12 8 6 0 6 10 14 0 8 8 10 0 8
2 10 6 0 10 12 2 4 6 12 14 10 14 12 6 0 6 4 2 2 10 0 8 4 14 14 10 2 2 2 12 4 12 6 12 2 2 14 4 4 6 16 2 12 10 8 14 2 6 6 6 6 0 4 14 8 10 12 0 2 12 6 12 10 14 8 10 0 8 12 0 0 4 8 4 6 6 6 10 4 6 0 12 2 10 2 14 12 8 6
2 8 10 6 0 12 8 6 2 6 8 2 8 4 4 12 14 4 2 0 10 8 2 14 14 12 6 2 0 6 4 6 2 10 14 6 8 12 12 6 14 12 0 10 4 0 2 12 12 6 2 12 4 8 8 2 2 4 0 12 14 0 14 14 14 4 8 14 8 2 6 12 14 12 0 0 6 4 12 6 0 2 6 16 16 0 14 12 6 8
2 10 8 14 14 0 4 0 10 12 0 14 10 0 16 2 8 2 16 12 12 10 14 4 4 10 0 2 14 0 16 12 2 6 8 6 8 14 0 6 2 2 8 10 14 12 8 2 2 10 12 16 14 6 4 4 12 14 10 12 2 12 2 0 14 14 6 0 10 12 0 14 8 6 2 14 8 10 10 0 12 6 4 10 4 10 6 4 10 4
2 10 14 0 4 2 0 6 12 10 12 12 0 8 0 2 6 2 8 8 2 6 4 0 10 8 6 8 6 12 14 8 14 14 12 16 4 14 6 6 14 16 8 2 6 8 14 14 14 16 2 8 10 10 14 12 10 6 10 14 16 2 12 2 12 10 8 12 0 0 4 6 14 4 12 2 4 8 2 8 2 12 10 8 6 4 8 10 2 4
2 10 10 0 8 4 4 0 0 2 2 12 12 6 12 0 14 10 2 4 4 10 14 4 6 10 8 0 10 4 6 2 10 8 0 2 14 8 14 12 10 4 8 8 10 4 12 8 8 10 2 14 2 6 12 0 0 10 8 8 0 10 8 12 12 14 2 6 10 12 0 2 12 0 10 8 0 14 6 0 0 0 2 12 2 8 12 6 8 10
2 4 8 14 4 2 8 8 0 14 14 8 12 8 10 8 10 8 10 2 4 2 0 4 6 6 4 0 8 2 8 2 8 2 14 0 0 2 8 8 6 4 6 8 6 14 2 6 4 4 2 0 14 14 6 12 4 4 8 8 12 14 0 6 0 4 10 4 8 16 4 4 10 0 10 14 8 10 2 10 10 10 12 10 12 8 4 12 0 14
2 4 6 4 8 12 10 0 6 0 6 2 10 14 4 2 14 10 6 8 14 14 6 2 2 12 2 6 14 10 10 2 14 0 8 0 14 6 8 8 4 12 14 8 6 4 6 8 8 12 12 10 10 2 2 14 14 4 6 4 8 2 2 4 10 0 0 0 0 12 4 6 0 12 0 4 10 10 14 4 4 14 10 8 14 4 2 6 12 16
2 2 6 6 4 10 0 12 10 6 0 12 6 8 8 0 6 14 10 14 8 4 2 10 0 4 6 12 2 6 6 12 10 8 10 16 10 0 14 8 2 2 8 12 2 6 0 12 8 2 14 8 14 8 6 16 0 0 6 6 14 10 4 4 12 6 14 10 4 8 10 8 12 4 6 14 2 14 2 0 2 14 2 4 12 10 4 12 0 10
2 8 10 6 10 10 0 8 14 0 14 0 10 16 6 4 4 6 12 0 10 10 16 14 14 0 10 6 4 0 14 4 0 14 4 12 8 14 10 14 10 6 10 12 0 10 12 12 10 4 12 4 8 10 16 6 4 0 8 12 6 8 8 0 4 0 14 0 2 12 4 12 14 4 8 10 4 2 6 2 10 0 6 6 12 4 4 8 0 4
2 10 8 14 10 4 12 4 10 4 10 2 0 8 8 4 12 4 2 12 10 6 4 4 10 12 2 10 14 12 8 14 2 12 12 6 14 12 0 10 2 12 4 10 2 4 8 14 0 2 4 14 8 8 8 6 8 6 10 8 8 8 10 4 2 8 6 12 6 14 8 10 6 16 6 8 16 12 0 4 10 14 12 14 14 2 4 12 14 0
2 6 2 6 12 10 14 10 12 0 14 12 14 0 12 12 14 10 4 2 2 16 8 8 4 4 2 10 2 0 14 6 4 10 2 10 14 6 8 6 14 8 10 2 4 10 2 2 2 14 0 10 6 12 8 6 2 2 2 6 4 14 0 4 4 16 6 0 10 6 6 4 8 10 4 4 8 2 8 12 10 0 6 14 0 2 2 12 0 14
2 10 8 14 2 10 14 8 2 2 8 2 6 2 0 6 0 4 0 14 10 14 2 6 14 8 2 6 4 14 4 6 12 2 10 2 14 10 2 6 14 4 4 8 12 14 12 4 12 0 12 12 8 6 6 6 2 0 0 4 2 2 2 8 2 14 0 4 14 8 2 12 0 8 0 14 14 6 8 14 2 0 0 6 4 0 10 14 8 6
2 6 2 10 6 6 6 0 10 4 14 4 4 12 4 0 4 14 6 0 14 6 10 6 8 2 12 16 8 10 0 14 12 4 14 8 4 12 4 16 8 14 8 12 2 6 14 12 4 10 0 14 12 8 6 6 2 2 0 12 4 4 10 2 12 6 2 10 16 10 4 2 12 12 6 0 8 14 8 4 0 8 4 16 2 14 14 6 6 6
2 4 0 0 6 6 6 2 4 14 10 2 14 14 2 2 0 4 4 10 12 2 2 2 2 2 8 4 2 14 16 14 4 0 8 6 14 2 2 12 8 14 4 2 10 0 8 14 16 2 14 4 8 0 10 0 0 6 12 16 6 0 10 14 10 2 0 0 12 6 8 4 4 8 4 4 12 14 2 0 8 10 6 8 4 6 14 10 8 4
2 6 0 4 16 14 4 8 6 4 14 0 6 10 2 8 4 0 2 2 14 10 6 4 6 0 8 6 0 12 4 8 6 2 2 14 6 12 0 0 0 10 10 8 10 10 10 10 14 2 6 0 0 4 2 14 10 10 8 0 14 8 6 10 14 6 12 4 16 12 4 10 12 2 2 6 10 4 2 8 4 6 12 8 14 2 8 4 2 16
2 4 10 12 8 12 2 6 6 12 0 12 0 2 6 0 14 0 0 2 10 0 4 16 12 0 8 6 2 8 2 0 14 16 6 10 0 10 8 10 2 4 6 6 10 8 12 10 14 0 0 2 4 12 6 14 8 14 14 12 14 6 8 10 4 12 14 10 4 8 8 2 8 12 2 8 0 14 0 6 8 10 12 10 0 2 2 4 12 2
2 2 10 10 4 2 16 8 14 4 12 2 6 10 14 8 2 14 8 0 12 12 2 2 14 10 4 12 8 8 8 0 4 8 10 10 4 14 2 6 12 4 4 4 0 6 4 2 2 16 12 6 0 2 14 6 4 8 6 0 2 14 8 10 4 0 10 8 6 14 4 6 8 0 4 2 8 8 10 2 8 2 0 12 4 14 4 0 8 10
2 2 8 14 14 10 16 4 14 12 12 14 10 10 4 8 6 4 6 2 0 4 6 2 4 12 8 14 2 6 6 0 8 4 16 0 6 0 4 10 12 14 4 2 12 12 2 12 6 10 8 2 12 4 10 10 8 12 12 8 8 12 14 4 8 12 8 10 0 0 16 6 4 16 14 0 10 12 0 0 2 14 8 4 10 6 8 10 2 14
2 4 0 14 2 12 10 4 6 8 2 8 10 12 6 4 8 0 2 2 6 0 10 0 6 4 12 4 14 2 0 6 12 12 6 4 0 14 12 2 10 4 12 12 2 6 6 2 2 14 8 4 0 8 12 8 0 10 14 2 10 4 8 14 10 10 12 14 0 2 0 12 6 4 14 10 0 6 14 0 14 4 8 8 6 4 2 10 4 6
2 4 2 14 0 10 14 2 2 2 14 2 8 12 0 14 0 10 8 2 6 8 0 12 6 4 8 6 12 12 10 14 16 8 2 12 14 0 0 10 8 4 2 10 0 12 12 12 0 2 14 14 8 16 14 2 8 14 14 6 14 4 10 14 6 10 0 6 2 0 0 4 4 14 8 14 14 10 4 14 2 10 10 0 8 10 14 10 0 12
2 8 4 10 10 2 2 0 6 6 14 0 0 6 16 2 6 6 0 12 12 6 12 0 8 2 8 10 2 0 2 4 6 0 8 2 8 14 6 6 14 2 12 4 14 8 8 8 0 8 8 12 0 2 4 16 16 14 6 0 4 10 14 14 14 6 8 14 14 16 12 2 6 6 2 16 12 6 14 10 8 4 12 10 0 14 0 10 12 14
2 0 8 4 8 6 10 0 14 4 14 8 12 14 12 10 4 6 2 2 12 8 0 6 0 4 16 14 4 2 12 12 12 2 12 10 0 4 10 10 6 12 12 8 12 6 2 10 0 6 8 12 10 6 10 10 4 12 6 2 12 0 10 12 0 10 10 10 0 10 0 2 4 6 4 12 2 12 2 0 2 2 12 10 10 10 2 4 8 14
2 4 2 6 0 12 16 12 6 2 10 2 14 6 12 0 14 14 14 10 6 0 12 12 8 0 10 6 10 8 12 10 0 0 2 10 0 4 4 12 0 12 0 2 0 14 2 4 4 10 8 12 8 12 6 2 14 4 0 0 14 14 16 4 8 4 10 0 8 16 6 8 14 8 0 10 16 8 14 0 2 8 0 10 14 12 0 6 0 12
2 2 2 14 6 14 10 14 0 0 12 0 2 14 2 2 10 0 14 14 2 14 6 0 2 6 0 0 16 0 8 2 16 4 8 4 2 10 6 2 0 0 8 10 12 2 10 6 6 10 14 10 16 0 4 10 4 12 6 6 6 0 6 6 4 4 2 4 14 10 2 12 14 0 14 14 10 6 8 4 4 8 0 8 8 10 8 4 14 12
2 6 12 4 12 10 8 4 10 6 12 6 6 10 2 2 2 2 14 6 8 4 0 0 12 14 8 0 10 10 0 6 0 10 2 8 10 14 10 6 12 6 14 0 2 16 14 2 8 8 8 14 6 8 2 0 2 14 2 2 2 10 8 4 0 2 0 12 4 6 2 4 8 0 0 10 8 4 8 8 16 10 0 8 14 4 6 16 14 4
2 14 14 2 10 8 4 6 14 10 6 8 10 2 10 2 10 2 4 6 12 10 6 14 2 0 14 0 0 4 0 4 6 0 6 12 12 2 2 10 14 0 0 10 10 12 4 4 8 6 10 12 12 16 2 10 0 8 12 10 2 10 2 0 4 14 6 10 6 10 12 0 4 0 2 0 12 6 0 2 14 12 4 6 4 6 2 8 2 4
2 6 6 4 8 2 6 14 10 4 4 6 8 14 8 6 10 10 8 2 0 4 14 0 0 12 12 12 14 0 6 0 12 6 10 8 8 10 14 14 4 10 8 8 2 14 0 2 16 6 14 4 0 2 2 2 4 6 10 6 2 4 14 2 6 2 0 0 4 14 14 14 14 14 0 12 4 8 6 10 4 6 12 4 6 14 14 14 12 8
2 8 8 6 14 14 2 12 12 0 12 14 2 12 0 6 10 0 6 8 0 10 4 4 0 12 2 8 14 10 0 4 4 8 6 10 14 14 12 4 10 16 0 8 0 12 0 10 10 12 2 10 10 2 6 12 2 12 4 16 2 4 2 10 16 6 12 4 4 12 6 10 0 4 6 6 6 2 4 14 2 6 4 16 14 2 8 14 10 0
2 16 6 6 12 8 12 6 8 8 12 14 0 2 10 4 4 0 8 12 12 6 8 4 8 0 0 12 14 0 4 0 10 12 8 6 10 14 6 8 2 10 12 8 6 6 16 2 4 2 10 8 2 14 2 0 4 0 8 10 10 14 10 8 10 10 2 8 12 6 6 4 0 4 4 8 12 6 14 0 8 4 0 6 10 6 0 8 10 12
2 0 0 10 14 12 4 8 2 8 10 0 14 4 8 6 14 10 8 10 2 10 10 0 10 10 6 12 6 0 8 6 0 8 14 6 0 8 14 16 10 14 4 8 2 6 2 6 4 4 4 6 4 10 0 10 8 10 16 0 0 14 12 2 12 4 10 4 14 8 12 8 8 0 10 14 12 8 12 4 14 8 10 4 0 2 8 4 14 12
2 10 12 6 12 2 10 14 14 2 8 16 14 10 14 6 8 8 2 8 0 2 6 6 14 4 6 14 14 6 4 14 16 0 6 8 14 14 14 4 12 2 12 0 10 8 2 14 10 2 2 12 10 2 8 6 14 6 2 2 6 8 10 0 14 6 12 0 4 0 14 4 4 14 2 10 0 16 10 0 6 10 8 10 4 2 14 6 14 10
2 12 6 16 4 0 14 12 14 14 4 2 10 14 8 4 14 2 10 2 4 6 14 2 6 4 6 6 10 8 6 6 12 10 0 14 8 6 2 10 2 4 4 6 2 10 0 2 16 14 14 14 8 2 16 4 2 10 4 4 6 14 14 2 16 12 10 6 6 14 6 6 12 6 10 12 6 6 4 16 14 0 14 4 6 2 12 2 14 10
2 10 10 10 12 14 10 8 10 10 8 8 0 2 14 0 8 10 6 2 14 0 8 8 6 10 0 8 12 14 6 4 14 8 8 0 6 12 14 14 2 10 8 4 8 4 0 12 0 2 0 14 6 4 8 4 14 12 10 4 6 4 12 0 8 12 4 2 2 12 0 4 2 8 2 2 0 6 16 0 14 14 2 2 8 16 16 12 8 8
2 6 16 4 6 8 14 10 0 10 14 14 8 4 0 2 10 0 14 6 2 12 8 10 6 0 8 10 10 4 6 4 8 4 12 10 0 4 10 2 8 2 8 14 0 4 2 10 10 0 6 14 6 4 14 0 2 12 14 4 4 2 0 14 12 10 6 6 4 8 4 8 4 6 4 4 4 8 12 0 8 2 6 10 2 4 14 4 2 8
2 10 12 0 12 4 8 2 0 12 4 14 12 4 6 0 6 4 0 14 10 10 14 10 4 14 2 10 14 6 12 0 4 4 12 10 10 0 14 2 14 4 6 0 14 16 4 16 6 2 2 0 12 8 14 16 6 6 14 10 8 12 16 10 6 6 6 2 6 4 0 2 0 10 12 12 14 12 0 14 10 10 14 14 2 12 2 6 10 12
2 6 4 8 8 6 6 12 4 4 12 6 2 16 6 14 4 4 14 4 6 0 14 2 0 6 4 12 4 4 4 6 10 10 8 12 10 8 0 0 8 12 2 4 8 4 4 0 2 14 0 4 14 6 4 14 12 8 8 14 8 0 4 6 10 10 10 8 2 6 2 6 14 14 14 0 4 14 8 8 4 4 10 6 8 4 4 10 8 12
2 8 2 6 6 10 8 14 14 10 10 4 0 14 8 10 8 14 6 0 0 8 0 4 14 6 0 8 4 8 2 0 8 6 12 2 2 8 0 0 2 6 0 0 12 0 14 14 0 4 16 0 0 10 8 10 4 12 14 2 14 12 6 12 16 4 2 6 12 12 0 4 6 0 6 4 12 10 12 4 4 14 12 2 2 10 4 8 2 2
2 8 2 2 14 2 6 8 8 2 16 10 8 8 12 12 8 8 2 8 14 6 0 2 10 4 14 14 2 14 14 12 2 8 0 6 4 14 12 14 0 2 12 14 12 14 10 8 4 14 2 10 4 4 4 12 4 0 0 12 2 10 8 14 10 10 8 6 4 2 10 14 14 12 6 2 8 0 14 2 14 10 6 4 12 16 10 6 6 4
2 8 8 2 2 6 6 2 2 12 12 2 14 12 16 8 6 8 8 12 4 8 6 0 14 10 0 2 0 8 4 0 8 14 12 6 6 4 14 8 4 0 0 4 12 8 12 12 2 10 14 12 12 2 12 14 6 6 2 14 10 0 2 10 2 2 12 12 10 10 12 0 10 2 6 0 4 4 6 12 4 8 6 4 8 8 6 2 6 6
2 2 14 6 16 8 10 14 10 14 12 12 4 4 16 16 4 12 10 14 14 10 10 14 0 2 6 4 0 6 12 6 4 0 10 6 10 6 4 14 6 6 0 10 2 6 10 8 14 14 2 0 2 14 4 0 12 14 4 4 4 14 12 12 10 12 0 12 0 12 2 6 12 6 2 6 2 4 2 10 14 6 4 8 8 6 16 6 14 10
2 10 8 8 4 6 14 16 14 8 6 4 12 10 0 8 4 6 10 4 0 6 2 2 6 14 14 4 6 2 14 8 12 12 2 8 12 0 8 10 6 6 8 0 16 6 6 6 0 12 0 0 2 2 16 4 6 8 10 0 0 6 6 12 14 14 10 6 12 6 4 0 8 8 8 6 8 12 4 0 4 8 0 6 6 8 2 14 14 12
2 8 16 14 2 6 10 2 4 4 8 8 6 12 8 0 0 10 2 6 4 8 12 0 6 0 2 10 0 6 4 4 2 14 4 14 0 2 6 10 10 4 12 6 0 14 8 10 6 4 8 14 12 4 4 6 4 10 6 12 14 4 2 8 6 2 2 4 12 10 10 14 10 4 0 8 4 8 0 14 14 10 14 8 6 14 0 14 12 2
2 6 16 2 6 10 10 2 8 2 8 16 12 8 4 8 0 14 2 14 4 6 4 2 12 0 2 8 16 14 6 4 12 6 14 0 6 2 6 2 2 10 8 0 0 0 10 0 12 6 10 8 0 16 14 6 12 6 2 2 8 0 2 12 2 10 8 0 2 16 8 14 0 2 8 0 4 8 10 8 8 4 10 10 10 6 8 4 14 4
2 12 4 12 2 8 14 10 14 12 12 8 8 2 4 6 14 12 6 14 0 2 10 0 14 4 12 2 10 8 0 2 6 12 14 4 4 2 2 0 6 10 0 8 2 12 0 16 4 4 16 10 6 14 4 14 0 4 14 8 4 0 16 2 10 12 6 8 8 14 0 6 2 8 4 12 4 4 6 4 8 2 12 8 0 6 12 10 2 6
2 2 2 12 10 10 2 8 12 8 0 0 4 12 4 6 8 6 2 16 10 10 8 4 0 6 0 10 12 6 6 12 12 12 2 2 12 8 16 12 12 8 10 2 14 10 2 0 12 0 2 10 4 16 14 12 12 10 2 8 6 2 16 10 14 4 6 4 8 12 6 8 14 2 16 6 6 0 8 6 14 2 2 2 6 4 14 14 16 10
2 6 6 2 0 4 8 0 6 0 12 8 6 0 12 8 2 6 0 6 8 4 2 2 14 10 6 12 4 4 2 6 0 2 14 8 6 4 6 10 0 12 4 0 10 10 0 8 0 12 4 10 10 0 0 8 14 0 2 6 2 2 2 0 16 0 0 2 8 12 2 8 14 6 2 6 0 8 16 0 6 12 4 2 12 14 6 12 8 4
2 12 2 2 10 12 12 6 2 4 0 10 10 2 8 0 8 0 0 6 10 10 6 8 4 6 4 8 6 6 2 10 8 0 0 12 2 2 14 6 10 2 10 16 10 6 10 0 10 0 4 6 6 0 2 0 4 4 12 2 10 4 10 6 0 8 14 8 8 10 6 12 12 8 6 0 4 8 6 4 8 6 10 0 0 2 14 12 12 4
2 2 14 12 10 8 10 6 8 8 6 6 4 2 14 10 8 4 14 0 14 14 2 6 16 10 0 14 2 6 2 10 8 2 10 12 14 8 0 12 12 12 4 6 4 8 10 0 14 12 0 6 2 0 2 4 12 0 10 14 14 8 4 14 12 8 6 2 14 2 4 10 4 12 10 8 4 4 4 14 0 2 4 4 16 8 0 8 6 14
2 4 14 14 12 4 6 10 12 14 12 0 2 10 12 10 0 10 14 6 8 16 14 2 10 8 10 4 0 0 10 14 8 4 0 12 0 0 10 8 12 0 14 8 2 10 8 2 8 6 12 0 6 14 10 8 12 8 0 14 6 16 14 10 10 6 12 10 0 2 8 12 4 16 6 6 2 4 12 10 6 0 14 10 16 4 12 12 8 0
2 8 0 2 2 12 4 12 14 10 6 0 12 4 0 8 2 10 10 6 16 8 10 14 4 8 2 12 0 12 10 10 14 4 2 2 10 12 2 14 10 14 14 0 0 6 4 10 14 14 8 0 0 0 6 2 2 0 4 2 4 14 4 2 4 4 10 0 14 10 12 12 14 4 8 12 4 2 2 2 6 2 8 6 12 6 10 0 12 4
2 2 6 8 8 4 2 10 10 14 8 12 4 6 8 8 12 12 4 14 16 0 4 0 14 12 6 6 0 6 14 2 12 12 12 8 12 2 6 12 14 0 0 8 14 10 10 14 2 6 12 8 14 0 2 8 12 6 10 0 14 0 0 2 4 10 12 12 8 0 2 0 0 8 12 8 0 4 4 0 4 12 0 0 12 0 6 0 0 8
2 0 4 10 0 2 8 16 2 0 6 4 6 4 4 4 2 14 0 2 0 6 6 6 4 0 4 12 14 12 14 4 6 8 14 14 6 14 8 2 10 6 0 8 6 4 2 12 6 14 8 6 16 4 0 4 6 10 10 10 14 0 0 10 12 4 16 14 14 10 10 0 0 4 0 2 16 4 14 4 4 2 0 14 14 4 0 12 4 10
2 4 2 12 0 12 2 12 16 2 0 8 16 12 2 4 6 0 0 4 16 10 14 12 10 8 16 0 6 4 6 14 4 6 0 4 4 8 14 4 12 8 10 8 12 6 14 0 2 4 8 12 16 8 2 0 14 14 14 8 8 8 14 4 4 14 12 2 10 0 2 12 12 12 2 0 4 12 12 0 0 16 4 2 8 6 14 0 6 12
2 6 4 6 4 0 10 8 10 0 0 12 14 6 12 10 0 4 4 0 14 2 12 12 0 14 2 0 6 12 0 12 10 12 14 4 2 6 14 14 2 14 6 12 12 10 8 0 8 0 14 8 0 6 8 2 0 6 4 0 10 10 10 10 2 12 12 0 6 8 6 6 4 16 0 4 6 6 12 10 14 2 10 12 6 6 6 14 16 4
2 16 8 0 12 12 8 10 2 6 10 12 8 12 4 12 0 6 4 8 8 6 8 4 4 10 6 4 6 0 8 0 8 0 12 2 16 16 16 0 0 4 10 2 14 6 2 0 8 10 8 12 2 14 2 0 2 0 12 12 6 14 12 10 0 8 2 16 8 6 8 8 6 12 10 12 10 10 8 14 8 10 10 14 0 6 0 0 8 0
2 10 8 0 14 8 6 4 12 8 10 6 0 10 12 2 12 12 10 16 12 2 4 8 4 0 12 4 2 6 12 4 2 0 2 8 8 0 0 12 10 10 2 14 14 0 12 8 6 8 10 14 0 0 14 14 2 16 0 0 14 6 0 16 0 4 14 4 14 0 6 8 12 8 12 10 6 4 2 12 2 6 2 4 4 2 10 12 2 8
2 10 10 4 0 2 6 12 12 4 16 12 12 10 12 8 2 6 10 10 10 10 14 4 8 2 8 8 8 4 4 2 14 0 0 14 12 12 14 2 14 6 10 0 12 4 6 4 0 2 8 6 8 14 10 16 6 0 2 0 12 14 12 4 14 14 2 12 10 12 14 8 2 2 10 6 10 4 2 14 0 10 0 0 14 12 6 8 6 12
2 2 2 0 0 10 8 6 0 12 0 8 2 8 4 2 8 6 14 4 14 12 8 12 14 12 6 8 0 4 6 12 14 6 6 8 4 6 6 10 8 8 4 12 2 2 14 0 14 14 10 12 10 0 4 10 2 16 4 6 0 0 4 14 6 10 4 0 0 2 4 0 2 8 0 14 8 2 2 4 6 12 6 4 0 4 14 14 10 0
2 8 2 8 12 6 4 10 4 4 14 14 0 8 10 8 14 14 4 10 0 8 4 2 0 2 2 10 2 4 8 14 8 2 6 8 4 12 10 14 8 6 14 4 2 6 12 2 4 6 12 8 0 6 6 8 12 4 12 14 0 0 6 2 16 6 8 10 6 8 12 16 4 6 2 10 8 8 8 10 12 0 14 12 12 6 0 0 12 12
2 8 10 10 10 8 12 2 12 6 12 4 16 0 6 2 8 2 2 4 2 8 12 0 8 14 10 0 12 10 6 12 0 10 8 0 6 14 14 6 2 4 0 2 14 4 10 4 8 6 14 12 6 0 16 14 10 8 8 8 0 4 0 12 2 14 0 12 8 8 10 6 6 2 8 12 0 0 8 6 2 12 0 10 0 4 4 2 0 14
2 12 2 4 10 14 16 2 8 10 8 4 14 0 2 4 0 2 8 0 10 10 10 2 2 14 0 0 12 0 12 10 10 12 8 12 0 6 14 0 4 12 16 12 6 14 14 14 0 4 6 2 0 8 2 12 10 6 4 10 0 6 8 0 12 12 12 6 6 10 12 12 4 8 6 4 12 6 14 12 0 14 14 4 12 14 12 10 8 4
2 6 4 10 2 10 14 4 0 14 14 6 14 2 12 8 2 4 12 14 2 14 14 8 2 10 8 14 2 0 6 2 8 2 14 8 16 2 4 12 4 0 12 8 6 4 12 14 14 0 16 8 4 2 10 0 6 10 0 8 14 6 0 16 0 6 4 2 12 12 12 2 4 2 4 6 6 2 14 8 6 8 4 10 12 2 10 10 12 2
2 12 2 14 0 0 12 10 10 2 0 10 12 6 2 2 6 10 10 2 8 14 2 0 0 10 2 10 12 6 6 6 12 12 12 14 2 4 8 6 8 12 4 4 6 10 14 0 12 2 0 12 14 14 2 12 10 10 14 10 10 14 6 16 12 0 8 2 8 0 0 2 4 8 8 12 8 0 0 14 12 0 12 12 4 6 12 8 14 12
2 10 6 6 2 4 6 8 12 8 0 0 4 14 8 14 14 2 14 2 0 4 0 2 2 0 2 2 8 6 8 14 8 4 10 8 6 8 4 14 2 4 2 12 12 14 12 14 0 6 2 4 8 10 10 14 6 10 14 10 4 2 8 4 6 6 0 4 10 14 0 6 0 8 0 2 12 0 6 14 4 0 2 0 2 14 6 0 14 12
2 12 10 0 2 14 10 6 6 0 8 10 14 14 8 0 10 10 8 0 8 4 8 2 6 4 10 14 4 10 6 14 12 6 4 0 2 2 12 12 6 10 4 8 0 8 6 12 12 14 10 0 4 12 4 2 6 10 12 16 2 8 0 10 0 8 2 0 10 14 10 0 10 6 14 2 16 4 10 12 14 10 0 14 10 6 10 12 16 2
2 4 6 4 4 0 10 6 12 4 0 4 0 12 6 8 14 8 2 10 12 4 6 2 16 6 4 0 0 12 6 2 2 6 8 14 10 2 12 4 12 0 0 6 0 8 12 4 4 4 8 12 8 10 2 12 12 12 12 8 2 10 4 4 2 8 10 16 0 14 2 12 14 4 0 8 12 0 8 0 6 14 10 12 0 2 14 12 12 12
2 2 14 12 16 12 8 14 6 8 6 14 4 4 14 12 4 8 6 8 4 2 4 2 14 6 14 16 4 12 12 4 0 14 0 6 6 12 0 12 16 6 10 0 4 8 14 2 6 0 2 8 0 12 2 16 14 10 4 4 8 10 12 6 2 4 10 14 10 0 14 6 2 2 8 2 14 0 6 14 2 8 10 10 6 0 10 12 10 6
2 0 0 2 6 12 2 12 2 8 0 14 8 6 0 8 12 0 12 4 4 8 0 10 10 4 2 4 12 8 4 4 0 8 4 12 10 12 8 4 6 12 12 10 14 4 12 14 4 16 0 4 2 6 0 10 12 4 4 14 10 4 4 4 0 0 14 16 16 4 0 12 12 10 10 8 12 4 4 8 8 0 0 4 0 8 2 10 12 2
2 14 6 6 10 6 16 10 0 8 4 8 8 0 12 10 8 0 2 10 0 12 2 14 0 2 0 10 6 0 6 4 10 12 12 10 10 2 4 10 10 12 16 0 6 4 2 14 12 8 14 6 12 0 10 4 0 14 6 10 8 0 8 2 12 0 12 14 2 12 6 0 4 12 8 8 12 8 12 14 6 4 6 4 6 4 0 12 14 6
2 12 4 10 12 14 2 4 12 8 8 12 6 0 10 2 4 6 8 14 0 14 0 16 2 8 12 4 6 10 10 14 14 4 14 6 14 2 2 10 8 6 2 14 4 6 2 14 2 12 2 10 0 2 10 6 4 12 10 4 6 2 4 6 2 16 4 2 8 14 12 12 0 8 14 8 14 0 8 2 4 8 8 14 2 8 8 2 10 14
2 2 8 8 14 14 8 6 12 4 10 14 6 8 8 8 8 14 2 10 10 0 14 10 0 12 10 4 4 4 2 6 2 0 6 10 6 4 12 4 0 10 4 16 0 8 2 12 12 6 16 12 10 10 10 6 0 2 0 10 6 6 0 8 4 6 2 2 2 14 8 16 4 0 10 14 6 0 12 8 14 4 2 8 0 12 6 6 8 10
2 14 6 12 12 10 6 0 0 6 6 10 6 4 4 10 2 2 2 16 14 2 6 8 8 6 0 8 2 10 10 6 12 0 2 6 0 6 14 0 0 14 2 10 2 0 10 12 6 6 12 8 14 8 2 12 12 6 16 0 8 2 2 10 4 6 10 4 8 6 10 4 0 12 0 14 12 10 0 0 14 12 14 8 0 0 2 10 14 14
2 8 4 2 14 10 6 2 2 2 6 2 14 12 14 6 16 2 6 6 6 6 2 12 4 0 0 12 4 12 0 8 10 12 8 4 4 8 12 10 14 6 2 12 10 4 6 2 8 12 14 10 10 0 16 0 8 6 0 4 10 2 14 0 4 6 14 10 2 2 12 12 8 10 6 0 8 10 2 16 2 8 14 8 4 2 10 0 10 6
2 0 12 14 12 14 10 0 2 2 4 2 2 4 12 6 2 12 6 12 2 4 4 4 6 4 8 10 16 10 6 10 6 6 8 10 14 0 6 8 10 2 10 0 2 0 2 10 10 10 14 2 6 0 10 10 14 12 4 14 14 12 10 8 10 2 2 10 14 8 10 12 6 14 0 2 0 4 4 8 12 4 0 10 10 4 8 14 12 2
2 12 2 10 12 2 0 0 2 0 2 6 14 12 4 4 10 8 6 6 8 2 16 8 4 14 4 4 6 2 2 2 4 4 10 2 12 12 6 6 2 4 4 8 10 0 6 12 16 14 6 4 14 4 8 2 6 0 4 8 10 6 10 12 6 16 2 6 2 16 2 14 0 4 4 14 4 0 10 2 10 0 10 8 10 6 4 14 14 8
2 12 8 2 0 10 14 10 0 8 0 8 12 6 6 6 4 10 2 8 10 14 10 8 0 4 12 12 10 16 16 4 2 4 6 8 10 10 6 8 6 2 2 8 2 4 4 10 16 4 8 2 14 0 10 4 8 4 8 0 4 4 4 8 4 10 8 6 4 4 6 12 6 6 10 12 14 0 0 2 4 8 0 8 6 8 8 4 4 2
2 0 10 14 2 4 14 0 8 14 2 0 6 2 12 14 10 12 0 4 4 12 14 8 0 14 16 0 8 8 12 14 4 14 4 10 4 0 14 4 14 14 14 0 12 14 10 8 6 14 4 0 4 0 2 0 2 12 2 2 12 0 10 2 10 10 8 2 6 14 10 8 12 4 6 8 12 8 10 0 0 8 2 0 4 16 12 14 10 10
2 2 4 14 10 4 4 12 14 2 10 6 2 10 10 10 8 10 8 4 8 14 6 0 8 12 0 10 14 10 8 12 12 14 4 10 0 8 12 4 0 8 6 4 4 4 2 14 14 14 8 2 14 8 14 8 4 0 12 16 2 10 14 6 8 10 0 0 6 16 12 2 14 14 10 0 0 6 8 0 0 14 14 12 4 14 2 6 6 14
2 12 4 12 12 0 10 0 8 16 4 4 12 12 2 14 14 6 14 8 10 0 10 2 10 4 10 8 6 4 2 10 4 12 14 6 14 8 4 4 2 0 10 6 10 10 6 10 10 12 14 0 6 14 12 0 14 2 16 4 8 4 14 12 10 8 8 6 6 14 8 2 6 0 10 6 12 2 6 4 4 0 0 8 2 14 12 16 10 2
2 12 14 14 14 14 4 8 0 10 16 6 14 0 12 12 14 14 14 12 10 4 6 10 12 6 2 0 6 6 10 2 0 0 12 0 12 2 0 10 4 6 8 12 6 4 6 2 4 0 8 8 10 0 8 14 2 14 0 6 10 2 14 6 12 4 2 8 2 2 12 2 8 8 10 2 0 10 10 14 14 0 0 12 6 12 12 12 4 10
2 6 8 6 8 14 8 2 12 0 4 4 4 8 10 14 8 10 4 8 4 14 6 2 2 0 10 2 12 8 2 8 10 12 12 2 6 8 14 8 6 4 2 2 8 2 14 2 6 4 12 4 2 4 14 12 8 6 0 4 0 0 10 12 8 2 0 12 8 10 14 2 6 12 12 4 12 0 8 2 12 10 14 0 6 4 12 14 6 10
2 14 8 14 2 6 2 2 14 4 12 12 8 6 16 12 14 10 2 14 8 0 2 2 14 14 2 2 2 16 4 8 4 0 14 2 8 10 16 10 0 12 4 2 0 14 12 6 10 4 12 16 10 10 4 14 4 12 0 6 8 10 14 10 10 14 6 0 10 4 0 4 10 0 6 6 2 0 0 8 0 16 0 12 0 0 0 2 4 2
2 0 2 4 8 8 10 8 4 16 12 2 6 8 14 6 6 4 14 4 14 8 2 2 16 4 2 16 4 0 8 2 14 8 10 10 10 8 4 4 8 2 6 14 10 8 12 4 10 4 12 8 4 14 4 10 10 8 4 0 10 6 4 10 8 10 8 14 12 6 0 6 0 14 10 4 0 0 2 8 14 10 4 14 10 0 8 2 14 10
2 12 2 12 0 10 8 12 0 0 0 6 2 0 6 6 14 0 4 2 0 14 8 10 14 0 12 14 6 14 6 12 8 12 6 0 10 6 0 0 6 6 4 2 6 12 12 6 12 10 14 8 2 6 12 12 14 8 4 4 12 8 2 6 4 2 14 0 10 2 14 8 12 2 2 6 0 4 16 6 2 14 4 6 4 2 0 10 6 10
2 14 4 2 2 4 2 6 6 14 0 2 12 0 2 14 8 12 10 14 14 12 0 6 4 14 14 6 12 16 2 12 14 12 6 4 12 12 0 4 10 6 10 6 2 4 2 0 12 4 4 16 12 6 12 2 14 6 8 0 14 14 14 10 10 2 10 10 10 0 10 14 0 14 12 0 0 8 8 8 4 8 2 12 14 2 2 0 8 10
2 10 8 0 10 4 12 2 8 0 14 8 12 12 4 10 4 14 6 2 14 8 2 6 4 8 0 14 16 16 2 0 10 0 2 6 16 6 6 10 4 2 4 4 16 0 0 14 2 2 0 8 0 12 14 0 6 8 4 10 0 12 0 12 8 8 16 0 4 4 14 12 14 8 6 12 6 12 14 8 8 16 14 8 2 10 6 0 0 12
2 0 6 0 0 0 4 12 14 8 4 14 6 12 14 0 0 8 6 12 8 10 14 2 6 0 4 12 12 8 2 2 6 4 8 6 6 14 0 14 0 10 2 12 0 8 0 12 4 0 4 14 10 10 6 2 14 14 6 12 2 0 12 12 12 12 12 6 4 4 10 14 0 4 12 6 8 10 6 14 4 12 16 2 2 14 12 0 0 0
3 0 7 1 1 4 7 9 1 4 9 7 4 1 12 12 13 3 1 3 3 13 12 6 10 1 7 6 7 1 3 6 13 12 4 12 0 13 4 9 10 9 10 12 13 4 9 6 10 0 7 0 0 12 4 3 6 7 0 9 6 12 3 12 7 1 4 3 13 10 3 0 0 13 1 10 13 4 10 6 3 10 7 4 12 10 0 3 1 3
3 1 0 6 9 4 3 4 7 0 4 0 10 7 6 1 10 3 12 10 12 13 10 7 0 12 0 4 3 1 4 0 1 6 6 9 13 4 0 0 7 13 0 7 9 7 9 6 6 1 7 1 0 13 10 10 9 3 10 0 0 0 12 13 9 12 13 7 6 6 10 1 4 10 7 3 3 9 1 9 4 1 12 9 7 13 1 10 9 6
3 6 12 0 13 3 12 0 3 4 13 7 0 3 9 12 9 3 9 10 1 13 13 3 0 4 7 4 9 3 9 3 9 10 4 7 9 0 10 13 13 0 1 13 10 6 7 9 0 4 12 9 4 10 13 1 9 9 6 4 12 3 10 6 0 1 6 6 3 9 3 3 0 0 12 3 13 12 7 10 0 1 6 10 7 13 10 7 6 1
3 12 4 1 0 12 3 7 4 4 4 1 6 4 9 6 13 6 9 0 3 13 12 1 13 1 1 0 12 13 13 0 10 0 1 4 0 3 13 6 9 13 13 6 4 0 3 3 10 13 10 13 4 3 10 4 10 13 6 13 3 4 10 1 4 10 12 13 0 7 4 7 1 12 9 0 12 4 4 9 7 4 6 13 9 4 4 10 10 9
3 12 1 10 4 0 9 4 1 0 13 4 1 6 6 3 4 7 9 9 3 13 3 3 7 7 6 7 6 1 3 7 1 7 10 12 0 4 12 9 10 4 0 10 10 3 0 3 6 6 4 4 6 0 10 6 7 1 9 1 6 13 7 3 6 1 6 3 1 1 9 7 7 0 1 3 4 3 13 9 6 12 0 10 7 13 1 3 3 4
3 0 7 6 10 0 0 13 4 13 9 6 7 13 12 1 10 12 1 0 6 1 13 10 9 9 12 6 7 7 1 13 10 0 4 13 1 4 9 10 13 13 12 1 10 6 9 7 12 6 1 9 10 10 9 1 12 7 0 1 1 0 6 3 9 13 1 9 12 1 6 12 7 13 4 1 9 10 4 13 12 9 0 12 12 6 10 9 6 3
3 1 13 6 7 1 3 0 3 13 10 6 12 9 9 4 3 12 12 7 1 10 3 13 7 9 12 9 10 6 4 13 3 7 13 12 3 3 4 4 3 10 12 1 1 1 0 6 12 10 12 12 13 7 9 12 0 7 0 12 4 10 4 13 7 6 7 12 4 1 12 12 9 0 3 12 10 4 13 12 0 3 6 1 10 4 0 10 13 10
3 13 12 9 7 0 9 6 0 10 1 3 9 9 10 0 7 4 13 4 4 6 7 13 12 0 7 3 3 6 3 9 12 9 3 1 0 13 1 9 6 13 3 9 9 6 1 10 13 7 9 7 7 4 7 9 4 7 10 4 6 9 10 0 4 9 1 1 10 0 0 0 13 6 6 7 6 13 7 9 10 9 12 4 6 6 13 7 1 0
3 3 10 6 7 4 3 3 1 0 6 0 9 10 4 6 13 6 6 3 1 12 0 10 3 0 6 1 6 6 7 10 13 4 3 6 10 9 7 3 3 10 4 3 3 3 3 3 6 12 3 12 9 7 10 1 6 3 6 4 7 6 7 7 7 4 4 12 1 0 1 3 9 4 12 4 9 3 7 13 3 6 12 13 6 10 10 3 12 9
3 6 13 7 13 3 0 7 10 3 0 3 4 13 0 12 0 9 12 12 0 0 6 12 6 12 0 0 0 4 7 0 1 1 6 1 3 7 13 4 10 4 13 13 12 4 13 13 6 10 10 0 10 0 0 1 0 12 12 1 4 4 0 9 1 12 1 0 0 9 10 13 9 6 3 0 3 7 4 4 9 7 13 0 6 12 13 6 9 13
3 4 9 12 10 6 9 7 0 9 1 0 10 1 12 3 0 1 3 9 3 10 3 6 12 13 13 13 12 12 12 7 7 10 12 0 3 9 12 6 13 7 10 12 4 6 3 6 6 13 1 13 6 3 7 7 6 1 7 13 7 9 4 6 10 3 13 7 10 4 6 1 4 4 7 10 0 13 4 9 4 3 1 3 4 13 13 0 10 1
3 9 13 7 3 9 7 6 12 6 9 13 0 7 6 9 10 4 9 6 10 13 6 12 13 1 7 10 3 3 7 0 13 12 7 1 1 3 1 4 4 7 10 1 10 3 6 9 12 4 1 13 3 12 10 7 0 10 3 9 10 13 12 12 4 13 0 0 13 6 1 3 7 1 7 12 4 4 7 6 1 10 9 3 1 4 3 6 1 9
3 13 10 7 7 9 4 10 10 9 0 0 6 0 13 3 12 0 3 3 1 0 4 7 10 9 9 9 4 13 7 9 3 6 10 4 1 3 3 0 6 1 4 13 12 0 6 9 4 0 3 12 0 7 9 4 12 13 3 6 7 1 4 0 13 4 9 0 13 9 3 9 3 7 10 1 7 4 13 1 0 13 3 1 1 3 0 9 6 10
3 6 4 1 1 0 3 7 9 6 12 3 3 10 0 1 4 4 4 9 13 13 4 4 12 10 3 3 9 13 3 3 10 12 10 0 4 9 10 9 10 9 4 9 7 6 4 6 10 3 0 6 1 6 10 12 3 1 0 12 12 12 7 10 7 7 9 1 12 3 1 10 6 10 0 9 1 4 0 3 4 4 3 4 12 10 13 12 10 10
3 9 12 1 13 13 7 4 0 13 0 10 10 9 10 0 4 6 3 1 12 12 1 3 10 6 4 7 4 10 9 7 6 7 12 1 3 7 9 13 13 10 4 9 6 0 13 12 3 7 3 3 6 10 4 10 1 0 10 6 6 0 9 10 4 6 7 1 12 0 13 12 6 9 13 6 0 4 13 7 1 6 3 9 13 9 13 6 1 3
3 4 0 7 4 1 4 0 13 13 13 1 0 1 13 0 0 13 6 3 7 1 3 9 1 4 4 1 3 6 4 12 0 6 1 12 0 9 10 6 9 0 3 4 12 13 4 0 4 12 9 10 0 4 3 10 9 6 1 1 7 0 10 0 12 10 10 13 13 3 1 13 9 0 3 7 3 3 4 1 3 12 12 13 10 10 7 1 1 12
3 9 3 6 3 1 9 3 3 4 3 1 6 6 13 12 0 0 6 0 6 12 3 4 4 4 13 1 1 0 7 9 9 6 10 6 7 6 7 4 13 10 3 13 1 13 12 12 0 3 1 10 1 13 4 3 1 0 3 9 7 7 13 7 4 7 13 1 0 1 0 6 7 9 9 4 7 12 12 12 9 12 10 6 13 1 7 9 10 12
3 10 6 0 3 4 12 0 12 1 4 12 6 13 10 9 3 9 0 6 12 4 1 1 12 0 4 4 0 13 1 10 4 6 0 0 12 7 7 0 10 6 0 7 9 4 7 6 6 1 6 10 7 13 7 13 10 10 3 9 9 4 7 10 10 13 4 0 7 6 6 3 7 6 6 0 13 4 9 1 7 7 0 6 13 1 10 1 10 4
3 12 7 3 1 10 3 3 3 0 7 1 0 4 3 12 7 9 7 0 3 9 3 0 0 3 3 12 0 6 6 0 3 0 12 0 3 9 9 6 6 1 7 6 3 13 4 4 13 10 3 0 12 10 9 9 9 3 3 6 13 9 1 10 10 9 3 6 1 0 13 1 0 6 13 1 7 10 13 9 7 4 12 10 6 7 13 1 6 0
3 13 1 9 7 0 3 12 12 13 1 7 7 13 12 6 3 1 0 10 0 1 1 4 4 1 3 6 6 0 3 12 12 3 4 1 9 3 1 1 6 13 0 1 9 9 0 9 4 10 13 10 6 1 6 3 6 7 6 12 3 12 13 0 6 13 10 12 6 4 3 9 9 1 7 1 10 6 6 6 7 0 7 1 13 3 10 9 0 7
3 12 3 1 6 0 9 9 13 0 9 0 1 3 9 0 0 4 9 6 13 0 12 13 6 1 10 0 3 6 13 13 13 12 9 7 0 3 10 1 3 1 3 12 6 7 12 3 7 1 0 12 12 9 7 1 6 10 0 1 12 3 4 3 10 12 4 10 4 4 12 13 13 0 3 10 3 0 1 1 3 10 7 1 0 13 3 10 13 0
3 0 12 1 13 12 7 3 10 13 12 1 3 3 10 1 6 3 10 9 4 4 0 7 3 12 9 3 3 13 9 7 9 1 9 9 0 6 10 3 0 0 9 4 9 3 0 7 0 3 10 1 10 13 12 0 9 1 12 13 4 4 3 4 1 7 13 1 9 9 13 6 4 6 4 6 6 10 12 6 3 0 6 13 0 13 13 4 9 0
3 3 6 13 4 1 1 3 9 13 6 10 9 7 1 1 1 10 7 12 10 13 3 0 9 10 1 13 4 10 12 6 13 3 9 3 3 13 10 6 13 10 0 12 10 1 13 4 6 9 1 3 1 1 13 7 9 3 13 7 3 9 7 1 3 9 10 10 3 12 4 6 9 7 6 12 13 9 3 1 0 10 6 1 3 4 4 1 0 4
3 0 13 9 7 4 13 9 13 3 1 12 1 4 1 1 13 7 10 0 12 6 4 3 0 9 3 12 0 3 4 10 7 9 7 12 12 1 6 10 13 9 12 10 0 6 7 1 3 0 1 0 4 7 7 10 3 13 13 10 9 10 12 9 0 13 7 10 12 13 1 0 0 13 1 7 7 10 9 10 13 1 9 7 7 3 13 1 7 6
3 10 1 3 1 7 1 4 6 1 12 7 3 12 0 1 7 7 3 9 10 13 9 0 6 0 12 3 13 7 0 10 12 4 13 3 7 3 0 3 10 3 12 4 3 9 13 1 7 10 0 3 12 0 12 10 1 6 7 7 10 9 6 0 10 3 12 4 6 7 3 12 6 4 4 6 6 7 12 9 6 6 9 1 13 3 1 13 9 6
3 1 13 0 7 9 6 12 9 12 0 3 12 0 4 7 6 3 7 7 13 10 13 9 10 6 0 0 7 12 10 9 3 0 3 3 0 7 12 10 3 1 12 10 12 6 7 10 10 6 7 1 10 4 0 10 13 13 9 10 3 0 9 13 3 10 13 1 7 1 4 9 9 3 10 7 0 9 0 4 13 7 6 10 1 7 10 7 3 12
3 4 10 9 13 10 0 6 0 7 0 6 12 10 4 0 4 4 10 7 1 9 1 12 6 12 12 0 1 12 12 1 7 9 0 10 10 0 12 12 4 7 13 1 12 10 0 4 0 9 9 7 7 13 13 10 6 0 3 0 13 12 10 0 0 9 12 7 4 0 4 3 9 4 6 7 13 3 3 6 6 9 3 4 10 3 4 3 12 0
3 13 4 12 7 13 1 9 13 13 10 10 1 12 3 3 12 7 9 10 1 1 1 1 3 0 1 9 0 6 7 12 13 4 12 12 7 3 13 1 4 13 0 9 4 7 4 13 4 7 13 10 6 0 9 10 3 10 3 6 12 12 12 4 1 9 0 9 12 7 12 6 3 13 10 13 10 12 7 9 6 6 3 4 4 12 12 3 4 7
3 0 0 6 12 4 10 1 12 1 9 0 1 12 1 1 3 0 1 6 6 4 13 0 1 4 13 12 4 0 13 6 1 13 3 3 9 7 9 6 1 10 4 6 9 6 1 4 0 10 4 9 13 3 9 13 0 1 3 7 3 1 12 13 1 3 12 3 4 1 3 7 0 3 1 12 1 3 3 1 12 1 10 3 12 0 12 10 1 0
3 6 4 1 4 12 3 3 12 12 6 7 9 7 1 0 13 1 6 9 12 4 7 0 9 12 9 10 6 13 0 0 12 9 13 12 9 1 12 4 3 6 6 7 6 12 6 7 4 1 3 12 3 3 0 13 0 0 9 9 9 7 10 13 10 1 9 10 13 13 0 7 12 4 12 0 6 1 10 10 9 9 13 1 6 12 3 12 3 0
3 1 1 13 10 0 13 7 13 13 12 3 4 0 13 9 9 10 13 12 0 1 1 6 7 3 13 9 0 3 1 0 0 13 9 7 3 0 3 7 1 12 0 0 9 9 10 12 7 4 13 4 1 9 10 13 4 1 4 13 4 7 13 1 1 3 1 12 4 12 3 9 0 9 3 6 4 1 1 13 0 4 0 4 4 7 12 4 12 9
3 9 4 12 1 4 9 6 4 1 10 0 9 10 12 10 12 9 4 0 3 12 10 6 10 3 7 6 6 4 3 10 0 4 13 9 7 7 10 1 6 9 12 1 4 6 1 12 1 9 1 12 0 6 10 7 1 0 10 13 13 10 0 12 9 13 13 13 4 12 9 3 7 6 1 12 13 0 4 4 7 6 1 7 13 4 3 13 10 4
3 0 4 4 6 6 1 3 4 0 4 12 4 10 1 4 4 13 7 6 10 10 10 9 7 10 12 7 6 13 6 7 12 0 9 6 12 6 4 3 0 4 10 7 4 6 0 6 9 3 10 10 12 3 4 3 12 0 12 10 13 6 13 3 1 4 7 9 13 13 3 4 13 4 7 3 7 0 0 13 1 10 6 7 12 4 9 6 4 4
3 4 7 7 13 13 13 9 1 10 9 1 1 13 10 9 6 9 6 4 13 7 4 6 1 0 4 7 9 0 3 9 4 4 0 6 12 1 9 6 0 13 12 4 12 3 4 4 3 9 1 6 1 13 1 13 10 9 7 10 10 13 6 3 6 12 3 1 4 13 10 6 7 7 12 12 12 7 12 3 6 6 7 7 4 9 1 4 9 7
3 12 3 4 0 13 6 6 3 3 4 10 12 0 0 9 6 10 9 4 13 3 0 12 10 12 3 7 10 7 12 1 3 7 1 0 9 6 0 13 12 12 7 7 12 0 12 0 7 13 9 10 7 12 7 4 4 4 7 3 3 3 9 1 10 10 6 9 3 1 0 3 7 3 10 13 10 1 4 1 6 3 7 3 10 0 1 7 1 7
3 7 9 0 1 3 6 7 6 1 13 10 12 12 1 10 10 6 10 9 6 1 1 6 12 12 0 13 10 12 13 3 12 12 9 12 0 12 13 0 0 4 4 6 13 12 12 3 12 0 0 9 6 4 6 9 9 7 6 0 12 12 6 4 1 1 13 1 0 4 0 12 4 9 1 13 4 6 3 9 7 3 0 10 3 6 9 7 7 13
3 7 9 12 12 13 3 9 0 7 10 13 9 1 1 0 1 13 6 13 1 7 10 10 13 13 12 13 12 0 10 1 13 7 1 13 7 0 1 6 4 9 10 13 13 1 7 0 7 6 3 1 13 3 3 0 7 3 4 4 7 1 3 6 0 6 9 0 0 6 4 12 10 10 13 13 10 7 12 4 6 1 3 4 12 3 10 9 7 10
3 12 4 6 9 7 3 3 12 12 13 10 13 3 0 3 12 4 7 1 6 13 0 9 9 3 3 12 12 7 13 9 13 1 9 7 12 12 0 0 4 9 10 6 1 6 0 6 13 1 0 7 4 3 12 7 12 10 12 6 13 1 6 13 13 12 3 13 3 9 13 4 9 9 4 6 1 7 7 6 9 1 1 3 1 7 0 13 4 12
3 0 7 10 7 12 1 12 9 6 4 6 0 0 7 7 7 1 12 7 4 10 0 12 4 3 1 1 3 3 4 4 6 12 12 6 3 3 7 0 10 10 3 7 13 6 9 13 12 9 4 1 10 0 4 6 6 3 6 9 6 0 1 4 6 6 10 7 13 7 3 4 0 7 12 4 0 4 6 9 10 12 1 3 9 7 10 4 13 13
3 6 9 1 4 9 12 12 13 4 13 0 13 6 12 1 1 9 3 10 1 4 1 9 12 6 3 9 1 12 13 0 13 12 3 13 9 7 4 6 0 9 1 6 7 9 4 6 10 3 6 10 1 13 7 6 10 3 1 13 10 7 9 4 3 12 3 13 12 10 13 0 13 0 4 12 12 9 4 6 9 7 4 13 6 0 4 3 1 3
3 10 9 6 9 9 0 1 0 10 6 13 9 7 0 1 7 12 10 7 10 1 1 7 9 9 0 0 9 4 10 9 1 12 4 7 7 1 9 0 4 0 9 13 7 1 6 0 3 7 3 10 10 9 1 7 0 3 6 10 9 4 4 12 7 3 4 7 12 10 3 7 12 13 4 10 6 4 4 13 1 13 9 7 0 7 1 4 9 13
3 12 10 1 13 1 4 9 12 13 0 9 3 3 12 13 9 6 9 6 6 7 3 1 1 13 3 13 0 6 0 3 0 13 6 6 13 0 0 3 1 4 0 7 1 3 0 4 13 10 9 0 10 10 4 13 4 12 12 12 13 6 12 9 9 0 13 0 1 6 12 6 0 6 3 1 9 4 1 13 12 6 6 7 7 9 1 7 13 13
3 13 1 13 0 6 13 3 9 3 0 0 4 0 4 6 6 6 9 13 7 7 13 6 6 13 3 4 10 13 13 12 12 0 10 1 7 6 3 4 13 3 6 0 3 7 10 13 0 13 3 1 1 13 1 12 9 7 0 7 1 1 6 13 6 4 9 10 13 0 7 12 12 3 7 9 3 7 7 1 12 0 0 0 7 12 3 1 1 7
3 9 3 1 0 0 13 7 6 1 12 4 4 12 6 13 3 6 9 9 10 9 0 1 3 13 9 3 6 1 4 0 6 10 12 0 12 0 0 1 1 13 0 13 0 1 3 10 12 13 0 12 0 9 6 7 13 10 4 0 3 9 6 9 6 7 12 4 13 3 6 10 0 10 9 4 10 13 7 7 0 1 7 0 10 0 4 13 13 1
3 9 13 10 12 9 12 4 3 4 3 3 4 1 13 12 10 7 1 7 4 9 7 6 13 7 7 13 1 6 12 12 3 12 1 3 13 10 10 10 10 6 1 0 6 0 10 7 10 10 6 7 13 1 4 6 6 10 1 10 0 9 4 3 3 3 0 1 4 13 1 3 6 13 7 3 0 3 0 3 10 4 7 3 13 9 3 7 9 0
3 13 0 6 13 7 13 12 13 0 9 3 4 7 6 0 6 0 9 9 7 1 6 7 4 12 4 13 0 1 13 3 6 12 7 12 12 9 10 10 7 6 0 10 7 7 0 12 10 0 0 6 4 6 9 0 3 13 9 7 1 4 10 4 13 12 12 12 4 0 0 10 13 7 7 9 10 9 9 6 0 10 13 10 9 12 9 10 9 10
3 10 6 3 4 7 9 3 10 9 4 10 3 0 6 10 12 7 0 3 13 1 13 13 3 0 10 4 9 10 9 0 0 13 12 7 0 1 1 6 3 10 4 9 4 7 6 0 0 10 3 6 10 3 13 6 10 13 9 7 10 10 13 6 1 4 12 9 10 6 1 3 12 1 9 13 9 7 3 7 0 3 10 7 9 6 6 3 13 0
3 3 7 6 3 12 10 1 7 13 1 0 1 9 6 0 7 7 13 1 12 3 0 0 13 9 7 0 4 0 12 12 0 13 12 12 1 4 1 7 3 0 7 3 1 0 3 4 0 10 4 10 6 13 12 0 7 7 1 3 0 3 3 6 13 12 0 1 10 0 13 10 0 3 0 1 4 12 6 1 7 12 1 1 3 7 12 0 3 4
3 7 10 0 13 0 1 6 6 4 12 12 9 10 13 9 12 7 6 0 9 7 7 9 13 1 9 9 13 13 4 0 10 7 7 4 9 7 4 6 0 10 10 12 3 12 1 12 9 0 3 0 3 7 7 10 4 9 1 4 6 13 12 7 3 12 7 6 7 12 10 3 0 9 7 10 13 4 7 6 10 4 13 13 3 4 13 0 12 12
3 0 0 13 12 0 4 9 10 10 10 7 6 4 4 7 12 7 13 12 13 1 0 0 3 12 10 10 10 6 1 4 1 0 3 9 0 7 10 3 12 4 4 10 9 0 6 9 9 1 0 3 13 4 6 13 1 13 13 7 6 1 13 13 3 7 12 7 0 6 7 10 1 10 3 9 10 9 4 4 0 9 12 10 6 6 13 10 13 6
3 9 0 4 10 10 4 0 6 4 1 6 3 6 7 3 13 12 4 12 10 7 6 7 3 3 9 0 10 12 3 9 3 13 9 0 1 6 1 1 6 13 6 9 12 10 1 4 12 13 3 0 12 4 12 6 0 12 10 0 3 10 9 4 13 7 3 7 1 13 3 0 1 7 10 1 0 10 6 12 3 1 3 13 7 6 9 10 13 6
3 9 6 10 6 13 3 0 13 9 6 4 12 6 10 3 13 10 3 12 7 1 13 10 9 6 3 10 13 7 0 12 0 3 9 1 9 0 1 1 6 7 4 0 7 1 10 0 7 0 7 9 0 4 6 7 1 7 10 9 10 3 4 0 6 10 1 6 12 9 9 12 12 6 3 9 9 13 7 10 9 12 7 0 1 0 12 1 6 4
3 7 7 3 6 9 6 9 13 0 9 0 12 3 10 13 6 0 3 9 4 13 6 0 13 7 10 10 7 4 7 12 0 0 13 4 13 6 4 12 4 9 6 0 13 4 1 13 4 13 12 1 10 0 3 0 9 0 6 7 3 7 7 9 3 6 9 10 3 3 9 4 3 1 12 0 4 9 3 4 13 0 7 3 10 7 9 9 10 6
3 9 10 7 0 0 6 6 7 1 4 0 3 10 0 13 10 3 13 0 6 3 0 13 12 7 3 9 6 0 12 1 1 0 10 6 10 3 1 6 4 0 13 9 12 10 10 13 9 6 12 12 7 6 0 4 13 3 4 9 0 0 1 9 7 10 3 9 6 13 12 1 4 9 0 3 4 3 7 3 6 7 1 9 3 10 12 9 4 7
3 12 3 0 13 7 6 10 1 1 3 12 6 10 4 13 10 4 10 4 1 3 6 13 12 13 9 1 12 12 4 7 12 3 3 0 10 6 13 6 1 4 1 12 3 13 3 3 0 13 4 9 9 0 3 0 4 9 4 7 1 13 3 0 9 10 13 1 4 6 13 1 13 9 6 13 0 6 0 7 9 1 13 12 7 13 0 1 3 9
3 1 1 4 13 7 9 0 13 12 1 4 13 1 10 13 7 9 10 3 0 3 4 0 7 7 6 13 3 12 1 10 7 4 3 9 0 10 0 3 10 6 12 0 3 3 12 0 7 3 0 12 10 1 12 7 0 7 13 4 12 6 9 3 9 4 3 13 4 13 7 1 7 9 13 6 10 6 0 9 3 1 13 6 13 1 4 3 10 7
3 7 0 12 1 0 12 13 3 7 13 9 7 3 9 10 3 12 13 6 10 12 4 9 10 9 7 9 13 4 1 9 10 1 9 0 10 3 3 12 4 13 10 10 1 4 7 12 4 10 9 0 4 3 13 7 4 0 13 13 7 9 4 3 7 10 6 3 10 3 1 6 10 6 3 9 4 7 13 6 10 12 3 3 7 7 3 10 12 6
3 10 9 6 9 4 12 6 12 4 10 7 7 10 1 9 7 12 12 12 4 9 1 12 12 3 1 12 10 7 4 4 10 4 9 3 0 12 6 1 10 7 9 4 12 7 6 0 13 3 7 0 9 4 10 10 10 0 0 7 0 1 4 1 10 7 12 1 4 1 3 10 7 12 13 1 7 9 0 10 9 9 7 3 9 4 9 7 10 10
3 4 7 0 10 4 12 1 9 12 4 0 13 9 9 4 12 4 3 10 1 10 10 13 3 0 0 13 3 1 9 7 13 12 12 10 6 10 6 12 1 10 12 12 1 10 1 7 4 12 9 4 0 4 1 10 1 6 7 0 12 13 12 3 13 10 10 3 1 10 13 4 6 9 9 3 0 12 10 4 9 12 9 7 6 6 6 10 10 0
3 13 0 10 0 4 9 3 7 13 4 1 1 0 12 13 9 13 10 4 4 10 7 7 4 7 4 0 10 12 12 0 3 13 7 7 7 12 10 7 9 1 10 1 0 3 6 12 10 4 7 0 3 4 12 4 4 6 12 4 0 10 13 1 7 3 13 1 10 13 4 12 13 4 10 12 6 10 10 3 9 1 10 9 6 12 10 0 12 13
3 13 13 3 9 9 7 13 12 10 3 4 4 12 6 0 1 13 7 6 10 7 1 0 10 6 0 0 7 1 1 7 9 13 12 3 7 13 12 12 4 3 7 3 13 3 0 6 6 0 7 0 1 10 9 10 4 0 1 12 3 0 13 13 3 6 6 4 13 10 13 0 9 13 0 4 1 4 0 3 3 6 10 10 4 7 1 4 7 4
3 4 4 3 10 10 1 1 13 7 1 1 10 7 7 1 10 4 4 6 7 4 10 4 4 7 1 9 12 3 13 0 7 1 6 9 3 1 4 0 3 0 12 13 4 10 0 4 4 9 12 10 6 6 10 9 7 6 6 12 0 7 0 12 1 10 10 0 3 1 1 0 13 0 4 6 1 4 12 13 4 10 13 7 3 3 9 0 10 4
3 6 0 7 13 0 7 9 10 4 9 13 12 6 4 9 9 9 10 12 7 7 4 13 7 10 1 0 0 7 7 12 12 0 13 0 1 7 3 6 9 13 4 9 4 3 4 0 3 13 1 1 13 10 0 7 12 12 13 0 6 3 7 0 3 6 3 12 13 6 0 13 10 6 13 1 0 1 7 0 12 4 13 4 13 7 1 0 12 10
3 4 6 4 13 13 13 13 13 12 7 12 7 0 7 13 6 10 6 0 6 10 10 10 0 10 0 6 13 1 4 13 10 1 1 1 12 4 3 1 3 7 9 1 6 0 12 1 6 1 13 4 0 10 12 4 12 7 1 1 12 7 12 7 0 13 10 1 1 1 13 10 1 3 3 6 10 9 13 12 3 6 4 13 10 6 4 13 4 9
3 6 13 13 0 4 4 7 12 13 3 10 13 13 13 12 6 4 7 4 0 3 13 12 4 7 6 1 4 4 3 9 10 4 3 6 4 9 0 0 12 9 0 0 9 12 6 9 13 4 9 6 4 4 3 7 3 3 6 9 3 10 12 3 7 0 1 6 13 7 13 12 7 9 12 10 13 13 4 3 12 1 10 4 12 3 6 12 9 10
3 10 0 4 0 4 9 1 10 1 12 1 4 4 0 9 9 1 6 7 9 0 1 13 7 6 4 10 9 10 7 0 4 12 0 3 7 0 3 9 13 3 4 3 12 6 10 10 9 6 1 1 3 3 0 3 13 1 12 13 12 0 1 1 0 0 0 0 0 10 7 6 10 7 12 13 4 6 12 6 10 12 0 7 3 1 10 1 9 10
3 6 4 9 12 9 9 0 7 13 4 0 1 0 9 13 0 10 0 6 13 3 13 1 0 3 9 3 3 13 1 1 3 10 3 0 4 12 4 10 13 1 7 13 12 4 4 4 4 7 10 6 12 6 0 10 3 6 7 12 6 1 4 10 10 4 13 0 13 10 4 9 3 4 7 7 6 13 0 7 4 13 1 13 7 6 0 12 12 10
3 9 0 1 1 7 9 13 0 0 13 1 10 12 4 0 12 3 13 1 7 10 9 0 1 9 4 7 10 12 3 9 9 4 1 9 1 7 6 3 6 10 0 3 6 10 12 12 6 10 10 4 3 6 1 6 1 9 6 3 0 0 12 1 10 3 0 0 0 6 9 6 4 4 12 7 13 9 0 12 7 0 10 0 0 1 13 3 10 13
3 13 4 3 1 12 6 13 12 7 12 12 0 13 3 3 9 13 10 3 0 6 13 10 12 13 0 1 1 7 10 4 12 13 13 1 12 1 10 7 4 6 3 1 3 4 7 3 3 3 0 1 3 13 4 0 13 0 3 3 9 4 13 10 3 4 9 6 3 0 7 6 6 4 12 1 7 12 4 3 1 10 4 0 13 0 12 13 1 9
3 3 1 7 13 12 12 3 1 4 12 1 10 0 7 3 9 3 0 12 10 12 0 1 7 0 10 1 9 12 7 13 13 7 6 7 1 6 9 7 0 0 12 10 3 12 10 13 4 4 9 6 4 6 0 10 1 7 9 6 4 3 12 1 1 9 12 4 1 1 0 6 1 10 12 0 7 12 3 13 7 12 13 3 3 12 1 1 10 7
3 0 3 3 4 6 7 1 13 12 0 7 0 13 1 12 13 3 6 3 12 7 0 12 9 4 10 4 0 1 9 1 13 4 7 4 13 13 1 3 0 10 13 4 0 13 12 7 3 3 9 12 1 0 7 6 12 9 0 10 12 6 4 1 4 12 3 0 13 6 9 0 4 6 7 3 9 9 4 13 10 12 1 9 3 7 7 3 0 6
3 0 4 9 1 7 6 3 6 13 7 0 12 12 10 13 1 12 3 3 0 13 10 7 6 0 1 13 7 1 10 4 9 12 13 0 6 13 4 9 0 7 4 10 12 12 1 10 3 0 9 10 10 9 13 13 12 9 13 4 10 7 3 12 3 7 9 1 7 7 13 0 0 13 7 4 9 7 13 3 13 7 1 7 0 10 4 7 9 12
3 12 3 6 10 10 7 0 13 0 6 6 12 7 10 9 4 10 0 7 12 10 0 12 0 0 4 13 10 3 0 0 9 9 3 1 9 4 13 0 0 12 6 12 1 1 13 12 3 1 7 7 10 10 13 0 9 13 3 12 1 4 6 6 0 0 0 4 4 6 13 7 6 0 12 10 3 13 13 6 9 12 0 12 4 1 0 9 9 13
3 10 7 6 0 9 4 6 7 4 4 12 0 1 6 4 1 6 13 12 3 7 12 12 1 9 3 12 4 10 12 4 13 1 13 13 7 6 12 12 3 4 10 4 3 7 6 12 4 10 7 9 6 9 7 10 7 9 12 4 0 0 12 3 0 3 1 13 6 1 7 1 3 7 0 9 3 9 9 1 3 12 7 12 9 3 10 9 0 9
3 10 10 12 6 10 6 13 0 4 9 6 1 3 6 6 3 6 12 1 12 3 9 9 12 4 0 1 3 13 13 0 12 7 1 7 1 13 9 6 9 9 3 4 12 13 1 12 6 4 6 4 7 0 10 10 6 13 12 4 12 13 7 7 7 12 0 6 0 4 7 10 1 6 0 0 4 12 3 9 12 7 7 10 0 7 3 13 7 12
3 6 1 1 1 4 1 4 12 13 7 4 9 7 7 6 13 12 13 7 0 7 9 7 10 6 13 12 1 7 3 0 6 12 1 12 7 9 9 10 9 1 1 1 0 10 7 0 12 0 1 7 6 4 7 13 6 10 12 7 0 10 6 9 1 1 6 6 9 1 9 9 4 9 10 9 0 1 1 9 4 4 12 9 9 3 7 4 7 1
3 7 7 1 12 13 7 6 9 13 1 9 6 10 6 3 13 3 9 7 10 9 1 4 10 0 10 9 4 12 7 0 9 1 3 3 9 0 7 13 0 3 13 1 3 13 4 10 13 0 3 9 6 4 13 3 4 9 4 3 9 9 13 3 10 9 12 7 3 4 9 7 4 1 13 6 6 0 9 6 0 7 0 1 13 7 13 7 7 13
3 4 6 4 7 9 6 1 10 1 9 4 1 10 9 9 0 7 7 1 6 4 4 12 4 4 4 9 6 0 10 7 7 3 3 1 0 12 10 10 1 7 0 9 7 3 4 7 1 0 6 3 4 0 3 12 4 13 4 0 12 12 1 10 9 4 7 10 3 12 1 6 7 0 3 6 9 0 0 12 10 12 9 13 12 12 0 6 7 7
3 6 7 7 3 9 12 6 1 3 1 13 13 7 1 10 13 1 13 3 3 3 7 4 1 9 12 3 6 0 0 10 12 12 4 13 4 12 1 6 6 13 6 1 0 9 7 3 7 6 10 13 0 3 1 7 4 13 12 4 13 13 0 4 9 3 10 4 12 1 1 10 1 0 4 1 13 10 9 0 13 3 1 13 4 1 0 7 10 0
3 3 13 0 4 10 10 0 12 4 3 9 3 12 9 4 4 7 10 3 9 7 10 4 12 12 13 12 6 1 0 10 10 0 1 0 3 0 10 1 3 0 9 0 13 1 7 10 10 13 0 7 9 4 4 6 12 9 10 7 1 12 6 1 13 3 3 4 1 9 10 6 3 9 9 9 10 10 12 10 0 1 1 13 7 9 9 7 0 4
3 1 10 1 4 1 3 6 7 6 10 3 4 9 6 4 13 13 10 1 6 0 9 6 3 9 13 3 9 4 9 13 0 1 6 10 12 4 9 10 7 0 9 7 1 9 0 0 10 4 4 6 9 3 4 1 1 12 6 7 0 7 9 13 13 3 6 13 10 13 9 6 12 13 10 12 6 10 7 12 9 0 7 0 0 4 3 4 9 12
3 3 12 1 3 9 4 9 7 0 12 1 9 1 3 12 12 7 0 10 4 9 3 1 3 7 12 3 7 12 1 9 13 3 4 6 7 7 12 3 9 6 4 12 3 9 6 10 7 10 0 0 1 3 4 9 7 4 7 7 13 13 4 9 9 7 12 13 7 7 1 6 6 1 13 1 1 9 0 1 4 13 0 12 7 13 1 1 3 3
3 6 13 13 0 9 7 1 0 3 1 1 1 9 4 7 7 12 3 9 1 7 12 7 13 0 1 4 13 10 7 0 10 9 13 4 3 10 0 10 9 3 3 9 0 0 6 0 3 3 7 7 10 0 4 6 10 12 12 6 0 1 4 4 7 3 7 12 12 12 4 6 6 12 1 13 12 10 10 0 10 6 9 0 13 6 0 7 9 10
3 3 7 1 3 1 13 4 10 13 7 10 0 7 7 4 7 9 13 4 13 7 9 7 7 9 3 10 9 4 10 13 13 6 3 6 10 1 10 4 4 0 13 9 1 7 3 7 7 10 10 3 13 7 13 6 9 12 4 1 6 6 12 1 6 3 7 0 7 7 12 0 7 1 12 10 13 1 3 1 10 1 13 10 0 3 12 10 3 7
3 3 7 12 13 12 3 7 0 4 1 10 6 3 6 0 9 4 6 1 12 1 3 13 13 9 3 7 4 10 4 7 13 12 1 0 7 0 1 4 7 0 0 4 0 9 4 3 4 3 12 1 10 4 0 12 7 4 13 4 0 4 10 1 3 13 10 13 10 7 10 7 12 1 1 6 3 1 12 7 3 13 10 9 9 0 10 6 10 13
3 0 9 10 9 0 7 3 6 6 10 3 3 3 4 0 13 7 4 7 13 12 3 7 3 4 13 9 6 6 10 12 9 1 9 0 13 4 4 6 13 13 13 6 7 1 0 10 6 13 1 7 3 7 10 1 4 6 3 6 9 10 6 1 10 6 7 12 6 12 13 1 0 1 10 13 4 12 10 6 1 6 3 0 9 10 0 4 6 0
3 0 4 0 9 13 7 13 6 4 9 4 4 12 0 12 4 7 6 7 9 7 9 9 6 10 1 13 6 3 10 12 0 3 1 1 12 6 7 7 4 0 10 9 9 12 4 10 10 12 7 6 0 3 6 9 4 13 10 7 0 13 9 12 13 12 3 9 1 3 12 0 10 7 9 9 4 7 0 9 3 3 3 3 7 1 7 0 13 4
3 4 6 9 6 12 3 7 12 10 9 3 1 10 13 1 10 1 6 10 10 4 3 9 3 7 4 3 6 13 3 6 4 10 1 13 4 1 13 3 3 0 0 7 3 3 6 1 13 12 10 9 12 6 0 10 12 10 4 4 3 9 12 6 12 13 9 13 6 12 7 9 7 6 12 9 7 0 0 0 3 10 6 13 0 13 1 0 0 0
3 0 13 12 4 6 7 13 10 7 13 0 7 3 7 7 12 10 10 9 0 1 9 6 13 9 7 6 12 0 6 0 6 6 6 1 6 0 7 6 12 3 1 10 3 4 13 9 4 13 12 10 6 1 7 12 3 3 10 10 7 1 7 12 13 6 0 4 4 12 7 7 10 6 13 10 9 7 1 4 3 1 12 9 3 6 4 0 4 0
4 0 3 4 1 0 1 4 3 0 4 3 5 5 4 1 6 3 5 4 0 3 1 3 1 4 3 6 3 4 5 0 4 4 0 1 1 3 6 5 5 6 0 6 3 3 5 0 1 3 3 3 4 0 3 0 6 5 3 5 1 3 4 0 5 1 5 0 3 1 4 5 6 6 3 0 5 4 1 5 0 4 3 1 0 1 5 1 6 1
4 5 0 3 5 1 0 3 1 3 3 5 5 6 4 5 3 0 5 5 0 5 4 0 0 1 1 5 4 0 1 5 0 6 4 1 3 5 6 6 5 0 3 4 5 4 3 5 0 3 4 0 1 1 0 5 6 1 1 5 4 4 5 4 5 5 5 6 3 1 5 0 5 1 3 3 0 4 3 1 0 4 1 3 4 5 0 4 5 5
4 1 3 0 5 4 1 1 4 0 5 6 6 0 1 3 4 5 1 0 5 5 3 0 3 0 0 0 5 5 5 5 0 4 0 1 1 4 1 5 3 1 3 5 5 5 5 4 5 3 4 6 1 0 3 3 4 5 1 1 0 1 5 0 3 1 3 5 3 5 0 6 5 4 4 5 3 4 5 6 5 4 4 3 1 3 6 0 0 1
4 5 0 6 0 1 4 3 5 3 5 1 4 4 0 4 3 1 4 0 3 1 5 6 6 3 3 3 5 3 1 3 1 0 5 5 5 1 4 3 5 0 6 3 5 3 0 4 4 6 0 3 3 3 1 3 1 1 6 3 4 3 5 5 0 1 0 3 1 0 0 0 4 1 4 0 0 5 4 0 0 3 0 1 0 1 6 4 4 1
4 6 1 1 3 0 3 5 0 4 3 4 4 4 0 5 5 0 3 1 0 1 0 0 4 4 4 4 5 1 5 0 4 0 4 0 1 3 0 4 5 3 3 1 1 3 1 6 3 1 5 0 0 3 3 4 0 0 4 1 4 5 3 6 0 5 4 5 1 5 0 1 4 5 0 3 3 6 0 6 0 1 4 0 5 1 5 0 3 5
4 0 4 1 3 0 0 0 1 1 0 5 4 4 5 1 4 5 1 0 3 0 3 3 5 5 5 6 4 0 4 5 5 1 5 0 3 3 4 0 4 4 1 1 0 5 6 6 1 6 0 1 5 5 5 5 4 1 5 5 1 1 0 5 3 3 4 1 1 5 0 1 1 3 0 5 1 1 4 6 4 4 5 4 6 0 1 3 1 4
4 5 5 0 0 4 4 0 0 3 0 0 0 3 5 3 4 0 6 0 0 5 4 0 3 5 1 4 4 4 4 5 0 4 0 1 5 6 3 4 6 4 6 4 1 6 5 1 1 1 5 1 3 0 5 4 0 5 3 0 1 5 6 0 1 5 3 0 3 5 5 4 3 1 5 6 1 5 1 6 3 1 4 5 6 5 6 5 4 0
4 3 3 5 0 0 6 4 0 5 4 4 5 1 3 0 6 5 3 3 6 4 6 0 3 6 3 3 1 0 4 5 6 5 4 3 4 5 1 3 1 5 1 1 5 3 1 6 3 1 4 5 4 3 0 3 0 5 4 4 1 3 4 0 6 3 5 5 4 0 0 3 3 5 5 4 0 3 5 0 4 3 4 5 0 3 4 5 6 1
4 5 0 3 5 6 0 4 4 0 0 0 5 1 5 4 0 6 3 0 0 1 4 0 3 0 3 1 1 4 4 4 1 3 0 6 5 0 3 5 0 3 3 1 1 0 5 5 4 6 4 1 5 4 3 0 0 3 5 4 0 5 6 0 1 1 4 4 0 4 0 5 3 6 1 5 1 0 4 3 3 5 6 3 4 0 5 3 5 0
4 1 6 6 3 0 1 5 3 1 0 3 5 4 0 0 5 1 4 0 0 6 4 6 1 1 1 4 4 1 3 6 4 4 1 1 3 4 1 6 4 1 5 0 0 1 0 1 3 6 0 5 3 0 4 1 3 4 0 4 5 0 4 0 5 4 4 4 1 4 0 3 6 4 0 4 0 3 1 1 0 4 4 3 4 5 0 0 5 0
4 0 3 6 3 0 6 0 1 4 1 0 5 1 3 5 3 4 6 1 0 5 0 4 5 6 5 6 3 4 0 6 4 1 1 0 3 4 1 5 3 3 0 1 0 0 1 1 5 5 5 0 3 1 1 1 3 1 5 3 1 5 6 1 5 1 4 3 4 4 5 0 0 1 0 6 5 0 3 3 0 5 4 1 1 5 3 4 4 3
4 0 1 3 4 4 1 5 6 4 5 5 0 1 3 3 4 3 6 5 5 0 5 1 0 1 4 4 1 1 5 6 4 0 0 3 4 4 5 4 4 5 4 0 1 4 3 4 4 1 5 1 3 1 5 3 3 4 3 0 0 4 0 4 4 0 3 6 3 6 5 3 1 5 4 3 1 1 3 5 1 6 4 1 6 6 4 6 5 0
4 5 3 3 3 5 5 1 6 1 5 0 1 0 4 4 3 3 4 1 0 1 3 4 0 5 3 3 1 3 4 0 4 0 1 5 1 1 6 0 1 5 3 4 0 6 5 0 3 3 5 4 5 1 5 5 3 4 4 1 5 0 0 3 3 0 6 5 6 1 3 3 4 3 5 4 1 3 1 1 0 3 5 6 0 4 0 3 4 5
4 1 6 4 3 4 0 5 5 6 5 4 0 5 0 5 3 0 4 1 3 3 6 3 6 4 6 4 1 3 4 6 1 6 3 4 5 5 1 4 0 5 0 3 5 3 0 1 1 0 3 6 1 3 6 0 3 4 1 4 0 6 4 4 5 3 6 0 4 3 1 1 3 0 0 3 1 1 4 4 4 3 1 0 4 3 1 3 6 0
4 6 5 5 1 5 5 0 5 0 1 3 5 1 0 0 5 6 4 1 5 0 4 5 1 4 0 0 3 0 1 1 0 4 4 5 5 6 5 0 5 3 4 6 1 4 3 4 5 5 3 6 4 0 4 4 5 5 3 4 1 4 6 4 1 4 4 3 4 0 5 6 4 6 4 5 4 3 0 1 1 0 3 0 0 0 0 1 4 5
4 1 3 5 0 3 3 6 3 1 1 5 3 0 5 5 0 3 1 4 0 0 6 6 4 5 1 6 5 4 3 3 0 0 5 1 0 0 6 4 5 4 4 4 3 0 5 0 5 6 3 1 4 0 3 3 3 4 0 4 4 6 0 0 0 1 0 3 1 4 1 1 1 3 4 0 3 1 0 1 0 6 3 5 5 3 1 5 6 0
4 4 1 6 3 5 1 4 1 5 1 5 3 4 6 6 1 0 4 3 3 3 6 0 0 4 3 4 3 0 6 3 5 0 1 1 5 0 0 6 0 4 4 5 0 3 3 4 1 3 4 3 6 6 6 3 1 3 0 3 4 0 5 4 6 4 6 0 3 4 1 3 0 5 0 3 4 4 4 4 0 1 1 4 1 5 1 1 3 5
4 5 4 3 1 3 3 6 4 0 5 5 3 1 4 5 0 4 0 5 5 0 1 5 6 0 0 0 1 1 4 3 1 1 0 5 6 5 1 5 3 1 5 1 6 3 5 0 5 0 3 3 3 1 6 1 0 0 4 4 5 1 6 0 4 0 0 4 3 5 3 3 4 1 5 3 4 6 0 6 0 4 5 4 3 4 3 3 4 0
4 1 3 3 1 0 0 0 0 6 0 4 5 3 3 0 0 3 5 0 0 5 3 5 5 5 5 1 5 6 4 5 5 4 0 0 4 4 0 4 4 0 0 0 5 5 3 1 3 3 4 0 5 3 5 3 3 4 0 0 4 0 4 0 3 1 6 3 0 4 6 5 1 4 1 1 4 4 5 0 4 0 6 0 4 1 5 6 5 5
4 1 1 3 4 4 0 5 5 4 4 0 0 3 4 1 4 1 5 0 0 4 5 1 5 1 1 4 0 3 4 1 4 0 1 5 0 4 4 5 1 1 4 0 5 3 4 6 0 0 3 4 3 0 5 0 1 4 0 0 4 0 0 0 0 3 0 0 3 1 6 0 6 1 3 1 1 3 6 1 1 4 5 3 3 4 4 4 4 4
4 0 4 6 0 5 4 3 5 1 1 4 6 5 5 4 0 4 4 0 5 0 4 4 5 0 3 0 1 0 4 4 5 4 6 4 5 0 4 1 1 5 4 5 4 0 1 0 3 5 1 1 1 6 4 0 5 3 4 0 1 5 3 6 4 4 3 0 3 5 5 6 5 1 3 1 5 4 1 1 3 1 1 0 0 3 4 5 1 4
4 4 1 0 5 3 5 5 0 5 3 1 3 5 6 4 4 1 5 0 6 1 0 3 1 4 1 1 1 3 1 1 1 3 3 4 3 5 0 4 3 0 5 0 0 6 1 5 1 6 4 1 3 0 0 6 4 5 5 5 3 0 6 4 5 3 4 0 6 3 6 6 4 4 1 6 4 1 4 5 0 3 5 3 1 1 4 0 3 5
4 4 4 3 0 1 3 5 3 6 5 3 1 0 5 6 3 4 3 1 5 4 4 0 4 0 5 5 1 5 4 5 3 0 4 1 3 5 0 5 4 1 4 3 3 1 3 4 5 4 6 5 5 0 6 0 3 1 3 1 1 5 3 5 3 1 0 1 3 4 5 1 4 3 1 5 6 3 3 5 3 4 0 3 5 4 4 6 0 3
4 1 6 1 1 0 1 6 0 1 5 1 3 4 1 3 1 3 3 5 1 0 0 3 0 5 0 3 3 5 3 3 0 3 5 6 5 5 5 5 4 0 0 1 1 3 1 3 0 3 0 5 1 1 0 3 6 0 1 6 3 3 4 5 6 0 5 4 5 6 1 3 3 4 6 5 4 1 5 4 0 6 4 0 4 0 0 3 5 4
4 4 4 0 4 0 0 5 1 1 5 1 4 0 0 4 3 0 1 1 0 5 0 5 6 0 5 1 1 0 4 3 0 4 5 3 0 5 3 3 3 3 1 0 3 0 5 3 0 3 1 4 5 1 4 4 5 0 4 5 4 1 5 1 0 1 3 4 4 1 0 6 3 3 6 3 4 3 1 5 5 3 0 4 4 5 6 0 5 5
4 4 0 4 1 5 5 4 5 0 5 0 5 5 6 6 1 6 4 0 6 3 4 5 3 6 0 4 1 6 6 0 4 0 1 5 5 4 1 0 5 0 4 1 4 1 1 5 5 5 3 3 3 1 0 1 6 0 3 5 3 0 1 5 6 1 3 0 6 6 5 6 1 3 1 5 0 3 0 5 4 6 4 5 3 1 1 0 5 3
4 3 3 4 5 5 5 0 1 4 3 3 1 6 1 4 3 6 3 5 5 1 4 5 4 4 1 0 5 4 1 6 3 1 5 0 5 4 4 4 3 1 6 0 3 4 3 1 6 5 3 1 5 5 3 0 5 3 1 1 5 0 5 6 6 5 5 3 1 4 3 5 3 1 1 0 3 0 4 3 0 4 0 0 4 4 5 3 6 3
4 0 6 1 5 5 5 4 1 1 3 1 5 0 3 3 3 0 3 5 4 5 5 5 5 0 0 4 0 3 4 1 1 1 4 5 0 3 3 0 1 4 0 0 6 0 4 4 0 5 4 0 3 0 3 1 5 3 5 1 6 1 4 3 1 6 0 3 4 5 1 3 3 0 3 6 5 4 3 0 5 5 1 6 5 4 1 1 5 5
4 0 3 4 1 3 4 3 0 5 0 3 1 3 4 5 6 4 3 1 4 1 5 0 5 0 4 1 3 0 0 4 3 4 4 5 1 1 6 0 6 3 6 1 4 4 6 1 1 5 5 3 3 3 0 3 0 1 0 5 4 6 4 6 0 1 4 0 5 0 3 3 4 0 0 3 0 4 3 0 1 0 4 4 3 5 5 1 5 0
4 1 3 1 6 1 0 0 5 5 6 1 0 3 5 1 0 0 0 1 1 4 5 0 5 3 1 1 3 4 0 3 4 5 4 0 0 5 4 3 5 4 0 5 0 4 4 3 4 3 4 5 1 3 3 0 1 0 1 0 1 4 5 0 4 4 0 4 1 0 3 5 0 5 5 4 1 3 0 4 4 3 1 5 5 1 0 1 3 5
4 6 4 5 1 3 5 1 6 6 5 6 4 1 1 0 3 4 4 3 1 5 1 5 1 4 5 4 3 1 0 0 1 1 1 4 6 1 4 0 4 3 3 0 1 4 3 5 1 1 0 5 6 3 3 1 1 3 1 5 3 5 0 0 3 3 1 0 0 3 3 0 5 5 3 0 4 0 1 3 0 3 4 3 5 4 1 5 5 3
4 5 1 3 1 5 3 5 1 1 3 5 1 5 5 0 0 1 4 5 4 5 0 4 4 6 0 4 3 4 3 3 0 4 0 3 4 4 1 1 4 1 5 0 0 4 1 0 3 1 0 3 1 0 3 3 4 1 3 0 0 5 3 6 6 1 3 0 6 0 0 5 4 3 1 3 3 1 1 4 4 0 5 5 5 3 5 4 5 5
4 4 3 0 5 3 5 3 4 1 4 1 3 3 5 4 0 4 1 4 1 5 1 4 0 5 0 4 5 4 0 1 4 0 3 3 4 5 4 1 4 4 1 3 3 6 4 6 5 3 4 1 1 4 0 4 4 5 1 0 1 4 5 1 6 1 5 5 5 5 3 1 1 5 5 3 0 3 6 6 0 4 0 1 4 1 6 0 3 0
4 1 6 1 6 1 4 4 1 6 0 4 0 6 1 3 0 5 1 0 4 5 3 1 3 5 0 0 4 5 3 6 1 6 0 0 3 0 1 3 0 5 1 1 3 6 1 4 3 5 5 3 5 4 5 6 6 5 1 5 6 5 1 0 5 0 1 3 3 4 0 3 5 1 0 1 5 0 5 0 1 5 3 3 3 4 0 5 5 5
4 3 0 4 4 0 4 6 5 3 1 4 4 1 3 1 0 1 5 1 6 4 5 6 3 1 3 5 3 3 4 5 3 0 1 0 1 0 0 3 0 0 1 5 0 4 3 4 5 4 3 1 3 4 5 3 3 4 1 0 6 6 6 5 3 1 5 4 3 4 3 5 0 4 5 5 3 1 0 4 3 1 3 1 3 3 3 3 1 1
4 0 5 4 6 5 5 3 5 0 4 4 6 5 4 3 1 0 4 5 4 4 1 1 0 0 1 0 0 3 4 4 6 5 6 5 0 5 0 1 3 0 1 1 0 5 5 1 1 3 5 5 1 4 3 5 5 3 5 1 0 3 3 3 5 5 3 6 3 0 1 0 5 0 5 0 5 6 5 1 0 3 3 0 0 0 4 5 4 0
4 1 3 5 3 1 1 3 0 4 1 0 1 5 6 0 4 3 3 3 5 1 5 3 0 0 5 1 6 6 6 6 0 3 5 1 1 0 0 1 5 5 4 4 5 0 0 1 5 6 4 3 5 0 0 5 5 5 1 4 5 3 3 1 4 1 0 6 6 0 3 5 3 3 1 0 5 6 0 3 1 5 1 0 4 5 4 3 0 0
4 4 4 4 5 1 0 3 3 3 6 0 4 3 5 5 4 0 1 0 3 4 4 4 0 1 5 3 3 4 6 5 1 5 1 0 1 3 0 3 1 5 1 0 5 0 0 5 0 5 4 4 1 0 0 1 5 6 4 6 5 4 6 3 6 1 3 1 4 0 5 4 5 4 4 5 1 3 3 6 0 4 0 1 0 1 0 0 4 1
4 3 5 3 1 4 3 1 1 0 4 5 4 1 4 1 3 5 3 4 1 3 1 1 5 6 6 4 0 3 3 4 0 3 6 4 4 3 4 0 0 3 1 5 0 5 5 4 3 5 3 3 3 5 4 5 5 5 1 4 1 0 5 5 4 3 0 1 4 6 4 3 5 4 5 4 5 1 3 6 3 0 4 4 3 5 0 5 4 3
4 3 3 3 0 5 4 5 1 0 1 5 4 5 3 5 3 5 0 3 0 3 3 0 4 4 4 0 6 0 5 0 1 6 0 1 3 6 0 6 0 3 3 3 5 5 3 5 0 4 0 3 1 1 5 4 4 3 4 5 5 1 5 4 0 1 1 1 4 5 4 3 3 1 5 5 0 3 5 6 5 1 6 4 3 1 3 0 0 0
4 6 6 4 4 1 6 0 0 4 3 6 3 0 4 1 0 4 0 0 3 3 5 1 0 4 3 1 0 1 5 0 4 5 5 5 5 3 4 6 3 0 1 4 6 4 1 5 3 6 0 3 0 5 3 1 1 0 1 1 6 1 5 3 4 3 4 6 0 5 1 5 3 4 1 4 4 3 1 6 3 5 6 5 5 1 0 4 5 3
4 4 5 4 0 3 4 4 3 4 4 0 1 5 5 5 6 0 1 4 5 4 5 4 3 1 0 5 5 4 4 1 0 0 1 4 4 6 1 1 1 5 0 3 1 4 0 4 0 0 4 5 3 0 5 1 4 5 1 5 3 0 3 0 3 1 5 6 6 0 4 4 0 6 1 0 0 5 5 5 5 5 4 3 3 5 6 5 0 3
4 0 0 0 1 1 4 1 5 4 4 5 3 1 1 4 1 1 1 5 6 3 5 3 3 3 6 4 3 1 3 4 3 4 3 1 5 3 1 6 1 5 4 0 0 4 4 0 4 1 5 6 3 4 1 4 4 5 3 0 3 4 0 0 3 3 0 3 4 5 5 1 0 0 1 6 1 5 1 4 5 5 4 1 5 3 0 3 4 1
4 0 4 4 3 1 0 4 4 3 5 1 4 4 3 4 6 3 4 3 0 0 5 4 1 4 3 3 5 6 1 1 3 4 1 1 0 1 3 3 1 1 5 5 0 3 5 0 5 3 5 3 0 1 1 0 5 6 3 1 1 5 5 3 1 5 3 3 4 0 1 0 1 4 6 1 4 3 4 5 1 1 5 1 0 3 5 5 6 3
4 3 6 5 0 4 3 6 0 6 0 0 4 0 1 3 6 4 1 3 6 3 1 3 4 4 5 1 1 3 6 3 5 1 4 1 3 3 3 0 0 6 0 5 4 0 3 4 5 6 3 3 4 3 0 1 6 1 0 5 0 1 6 1 1 1 1 1 5 5 0 1 6 4 5 3 5 1 0 3 4 3 5 4 4 4 4 5 1 1
4 1 1 0 0 0 5 3 5 0 4 5 5 5 4 6 4 3 0 6 3 1 5 5 4 0 0 5 5 0 3 0 5 3 1 0 3 4 5 3 0 6 1 5 3 1 0 6 3 3 0 4 5 3 0 3 3 3 1 3 0 5 4 5 0 6 5 6 6 3 5 0 0 5 4 4 4 4 3 5 4 5 4 5 0 3 1 3 6 6
4 1 4 4 4 5 5 6 1 4 0 5 0 1 0 4 3 4 3 0 3 1 4 4 1 5 0 4 5 3 4 4 5 6 0 0 5 1 0 3 4 4 4 5 3 4 4 0 1 4 0 3 3 1 4 5 1 4 4 3 5 1 3 3 5 5 1 3 4 0 3 0 1 4 4 0 0 6 0 4 1 5 3 0 0 0 1 3 4 5
4 1 4 6 4 3 5 3 4 5 5 5 4 4 6 1 0 1 0 3 3 3 4 4 4 3 1 3 1 5 4 4 1 1 5 0 3 0 4 3 6 0 1 3 5 1 1 5 0 4 1 0 3 5 1 6 3 1 4 1 4 3 0 0 4 1 3 5 6 0 4 5 1 6 0 1 0 4 1 5 1 4 1 4 3 6 6 1 0 4
4 4 1 6 3 0 0 6 6 1 4 6 1 6 6 5 1 4 5 0 4 4 6 5 3 0 4 0 0 1 0 5 1 4 4 1 1 4 4 3 3 3 1 1 6 5 1 5 3 0 6 6 1 4 1 3 3 5 5 6 5 3 0 6 1 1 1 4 4 3 4 6 3 1 5 0 5 5 1 6 5 4 0 3 6 6 1 1 0 4
4 5 1 3 5 5 0 0 1 1 3 0 3 5 6 4 0 3 5 5 3 1 6 0 0 0 4 0 1 1 5 1 0 1 1 4 3 5 5 3 5 5 1 1 3 5 3 0 0 5 0 0 0 6 0 3 0 5 0 3 0 1 5 1 1 0 5 4 5 0 4 1 6 3 0 5 4 3 5 3 6 0 3 1 0 3 1 4 4 5
4 0 5 4 1 3 4 3 6 1 5 0 1 3 0 1 3 3 1 6 6 4 0 6 1 4 4 0 6 5 0 5 3 0 0 1 5 3 5 3 0 4 6 1 0 0 1 3 4 1 4 0 3 3 6 1 5 3 4 5 4 3 0 1 1 1 0 6 0 5 4 5 1 5 5 5 5 4 0 4 1 3 1 3 4 1 1 0 3 0
4 5 3 4 1 6 3 0 5 5 5 4 4 6 5 4 4 1 3 3 3 4 5 3 5 5 5 5 4 5 6 4 0 6 6 3 6 1 6 1 0 6 5 1 5 5 3 0 1 3 3 5 0 1 4 5 1 1 1 1 3 6 3 3 0 0 4 1 3 3 0 1 3 1 3 1 6 5 3 3 0 5 4 5 0 5 3 3 0 1
4 1 1 5 4 3 3 0 4 5 1 1 3 5 4 4 5 1 0 3 6 4 1 3 5 5 4 5 1 0 4 1 6 5 5 1 0 5 4 4 0 3 5 4 4 1 3 5 1 4 4 0 0 0 4 3 5 5 3 4 3 1 3 4 5 5 1 3 5 0 1 4 5 4 0 4 1 4 3 4 0 6 3 1 1 1 3 1 5 5
4 1 3 0 5 0 1 1 5 5 1 4 0 1 0 3 0 1 3 3 1 4 1 5 3 1 5 0 0 4 0 3 1 4 0 6 1 0 6 1 0 0 1 3 3 0 5 3 5 0 5 1 6 0 0 4 0 6 1 0 1 1 0 0 4 6 3 4 5 4 4 3 5 4 4 4 0 0 1 1 1 5 0 5 3 4 6 1 3 4
4 1 5 0 5 0 3 6 4 3 0 0 6 5 4 1 3 5 0 0 6 4 1 4 1 0 5 3 4 0 4 0 6 5 1 1 1 0 4 6 1 5 0 5 3 1 3 5 5 5 4 0 0 5 3 0 6 6 3 4 3 1 5 4 5 1 0 5 5 6 3 5 5 6 0 1 4 3 5 3 0 1 1 3 3 3 1 0 0 6
4 5 1 1 6 6 0 3 0 5 0 6 4 6 5 6 1 5 1 0 3 4 3 0 0 1 1 3 3 5 1 4 1 3 5 3 0 1 5 3 5 3 0 0 6 1 4 6 0 3 0 1 1 0 6 5 0 6 1 3 1 4 6 1 5 4 4 5 4 0 5 0 6 4 5 6 3 4 5 5 1 0 6 5 6 1 5 5 5 4
4 1 4 3 4 1 4 5 5 0 3 0 0 0 0 3 4 4 1 0 5 5 4 4 5 0 5 3 5 1 1 1 3 3 4 1 5 1 4 3 4 4 0 6 1 1 5 5 4 5 0 3 5 3 4 6 1 0 3 3 0 4 5 6 5 5 5 4 0 5 0 4 6 4 3 3 1 0 1 5 1 4 3 6 3 5 6 5 4 4
4 3 5 1 0 4 5 1 1 1 6 4 1 0 3 4 5 1 3 3 0 5 5 4 0 4 1 6 0 0 5 0 5 0 3 0 5 1 0 1 5 0 5 3 4 4 1 1 6 4 5 5 1 6 3 1 5 6 0 3 3 0 1 3 1 3 1 3 0 3 5 5 4 1 1 5 0 0 0 5 0 0 6 5 3 5 0 0 6 3
4 3 1 6 0 4 5 1 0 1 4 3 1 3 4 5 5 4 4 1 3 5 1 1 5 0 0 1 5 1 5 0 1 5 1 0 3 3 6 3 6 0 6 0 4 5 1 3 1 4 3 5 4 6 3 5 5 5 3 0 0 5 3 1 4 6 3 5 0 3 4 5 5 3 0 1 6 4 3 5 6 3 5 6 6 0 1 5 3 3
4 3 5 3 1 1 0 4 3 0 4 4 4 3 3 0 6 6 0 0 0 5 6 6 3 3 4 6 3 3 4 3 6 1 0 6 3 6 1 4 1 3 3 1 4 5 0 0 3 6 0 6 1 0 1 0 3 1 4 3 0 4 1 0 4 0 1 3 3 1 1 4 0 5 3 3 5 4 5 6 3 3 0 1 4 6 5 4 3 4
4 3 0 0 0 1 1 6 1 1 5 0 1 6 1 1 5 1 5 0 6 0 5 3 1 4 6 3 3 3 0 5 1 5 3 0 4 3 6 3 0 3 4 3 0 5 0 4 3 4 6 5 4 0 5 0 5 3 3 0 1 0 3 3 4 4 0 6 3 5 4 1 4 4 3 1 5 5 1 3 0 5 0 3 3 5 6 3 5 0
4 3 0 6 3 3 1 1 4 0 5 1 1 0 5 1 3 5 4 4 1 6 5 4 4 5 4 3 4 4 0 5 4 0 1 3 4 4 6 0 1 1 0 0 1 5 5 4 0 0 1 0 5 4 0 1 6 3 4 3 4 1 0 1 3 0 3 6 1 1 0 3 1 1 1 5 1 4 6 5 5 1 3 5 5 0 4 6 0 3
4 4 3 5 0 3 3 4 3 5 4 4 5 1 6 4 4 5 3 0 0 1 4 1 1 1 1 5 5 1 0 5 4 3 4 4 4 6 3 0 1 0 4 0 4 1 0 3 4 3 6 4 3 1 4 3 3 3 4 6 1 0 0 0 4 1 5 3 3 3 3 5 5 0 3 0 0 1 4 1 0 5 1 5 0 5 1 5 6 0
4 3 3 6 4 3 1 3 1 0 6 1 1 5 1 5 5 5 0 0 4 6 4 1 6 0 0 3 0 1 0 0 6 0 3 1 1 0 6 5 1 3 3 5 4 3 3 1 4 4 0 4 1 3 0 1 5 3 0 1 4 3 3 1 0 1 4 3 4 1 0 0 0 5 3 4 3 3 4 0 3 4 3 5 6 0 4 0 4 1
4 1 0 6 0 3 4 0 4 6 1 1 3 4 1 4 6 5 3 1 0 1 4 3 1 4 1 0 4 4 0 1 1 1 5 1 1 5 1 1 4 1 0 1 1 1 3 4 4 3 0 6 3 1 4 0 3 5 4 1 1 3 5 4 1 0 5 0 0 5 1 0 4 4 4 4 1 4 1 0 4 1 4 3 5 0 4 1 0 6
4 4 0 1 0 1 5 1 1 3 0 5 3 4 4 0 5 0 5 3 5 1 3 1 3 1 0 0 1 0 6 0 4 1 6 5 0 3 3 0 3 3 6 0 1 0 3 1 0 5 3 0 3 1 4 5 0 1 1 0 1 6 4 5 6 3 0 3 5 4 3 3 4 6 0 4 4 4 5 5 1 3 3 4 3 1 5 0 5 6
4 6 3 0 6 4 5 6 3 4 0 4 4 1 1 0 1 6 0 1 1 1 5 3 5 5 4 6 4 5 3 6 3 3 6 1 0 0 1 3 5 4 5 0 4 1 3 1 5 6 3 3 4 1 4 5 3 0 4 1 0 0 3 4 1 6 4 0 6 0 1 3 5 1 0 1 4 6 3 6 5 6 1 0 0 5 5 1 1 4
4 4 1 3 6 3 0 5 1 4 5 5 3 3 5 1 3 1 0 6 0 4 4 0 5 5 4 6 3 3 1 1 5 4 1 5 5 5 6 3 3 0 5 4 0 0 0 1 1 6 5 4 1 5 5 6 1 0 5 5 0 6 0 5 1 3 3 3 0 0 0 6 4 4 0 4 5 0 5 3 5 1 1 3 4 5 0 5 4 1
4 0 4 1 0 3 1 3 5 0 5 0 6 1 5 1 4 1 0 3 0 4 1 3 0 4 4 0 5 1 3 3 5 3 4 1 4 0 0 6 1 1 4 6 3 0 3 4 1 1 3 5 1 1 5 1 0 0 3 3 4 5 6 1 4 5 3 4 0 0 3 5 5 5 0 3 5 4 3 3 5 5 5 4 1 3 5 1 6 4
4 1 3 6 3 5 6 4 3 4 1 0 1 5 6 5 0 4 4 6 0 0 1 0 5 4 3 1 4 6 5 4 3 5 6 5 3 1 0 4 1 1 5 4 4 5 5 0 3 1 5 1 1 1 3 4 4 3 0 6 4 3 5 3 5 3 5 1 6 4 0 6 3 6 5 4 5 1 3 3 4 1 1 1 1 3 4 0 4 0
4 4 3 5 5 5 1 4 4 0 5 1 4 5 4 4 1 4 1 4 5 3 3 3 3 0 1 0 3 3 0 3 0 0 0 4 0 6 5 6 0 1 3 5 3 3 0 0 6 0 0 4 0 0 0 0 4 4 1 5 1 3 4 0 6 4 1 4 3 4 3 0 1 1 1 5 4 3 5 5 1 5 3 1 0 3 4 1 5 1
4 4 5 4 4 4 1 0 5 3 4 0 4 1 1 0 4 5 5 5 1 4 0 1 3 1 0 1 5 1 0 3 0 5 4 1 1 0 1 4 1 5 6 6 1 1 4 5 3 5 1 3 0 0 3 0 1 6 4 3 3 0 4 3 0 3 0 4 1 3 0 0 0 5 1 4 3 3 1 3 1 4 3 5 5 1 1 0 4 5
4 4 1 0 5 3 0 1 4 5 5 4 4 4 3 5 4 1 0 0 6 4 1 3 3 0 3 4 1 5 4 1 3 4 0 1 0 3 5 3 0 4 3 0 1 5 4 4 4 6 0 3 1 1 4 1 3 0 5 4 4 3 5 5 0 6 3 1 4 5 0 0 4 0 5 5 0 3 4 1 0 0 6 5 5 5 5 0 1 0
4 5 3 5 0 1 4 3 3 1 4 4 4 1 4 1 3 1 3 5 4 1 4 1 5 1 0 5 3 0 6 5 0 4 1 0 0 6 5 3 5 1 5 3 4 0 6 5 3 4 4 1 3 3 3 1 0 4 4 4 1 4 4 3 1 3 4 1 4 3 0 1 6 5 0 5 1 5 1 0 4 4 4 6 5 4 3 5 3 0
4 3 3 3 1 0 5 3 1 5 5 5 3 4 5 1 4 1 5 0 3 4 1 5 4 4 4 4 3 5 4 3 5 4 4 4 5 5 1 5 4 5 0 6 4 1 3 5 1 1 1 4 6 5 0 1 4 0 6 1 0 5 0 5 0 4 6 5 3 4 6 1 5 5 6 0 4 5 5 1 3 5 5 0 5 0 5 3 1 1
4 3 3 4 0 4 5 4 1 5 0 3 4 5 5 4 1 1 1 5 6 4 3 0 1 6 4 5 1 0 5 1 5 6 1 3 4 3 1 4 1 4 3 5 1 4 5 3 5 1 0 5 5 1 3 4 3 5 1 3 1 1 4 4 4 0 5 3 3 3 6 0 0 4 5 5 0 0 0 1 5 5 0 1 5 5 5 4 3 5
4 3 4 3 0 3 0 1 3 4 1 3 0 0 0 0 0 5 0 1 1 1 4 0 3 0 1 1 4 4 6 0 1 1 0 1 3 3 3 0 1 3 0 0 3 4 6 1 1 0 4 4 6 1 5 4 5 4 4 3 0 0 3 3 3 0 5 5 1 1 1 5 5 1 4 3 5 0 6 0 5 5 1 5 5 1 0 6 1 0
4 5 1 6 1 3 3 3 3 1 0 3 1 3 3 0 6 3 5 5 3 4 0 5 1 4 4 1 4 0 1 0 3 5 1 0 3 5 4 6 4 1 4 0 1 5 3 0 3 0 6 3 5 5 5 3 0 1 1 4 6 3 0 5 4 5 4 3 4 1 6 1 1 0 5 6 4 3 0 6 0 5 4 1 6 3 4 5 5 1
4 0 4 6 0 3 0 4 5 4 0 0 3 0 0 0 3 6 5 0 1 4 5 4 0 3 4 3 4 1 6 3 4 3 1 5 6 3 4 3 3 1 3 5 1 1 0 3 4 6 4 1 1 4 4 3 3 0 5 0 6 6 0 4 3 3 4 0 3 6 3 5 4 4 5 1 3 4 4 0 4 0 4 5 6 4 4 4 1 0
4 3 1 4 4 0 0 5 0 4 5 3 5 4 6 6 0 6 5 3 4 4 1 0 1 4 1 1 5 1 1 3 6 6 3 0 6 1 1 4 1 4 5 6 1 3 5 4 3 4 4 1 0 3 6 0 1 4 3 3 4 3 1 0 6 3 5 0 0 3 3 1 1 3 3 3 1 4 3 3 0 4 1 1 3 5 0 4 0 6
4 6 1 1 4 4 5 1 4 0 1 0 1 0 1 3 5 4 4 1 0 4 5 0 5 4 5 1 5 0 6 6 3 1 5 0 3 6 5 5 0 1 3 1 5 5 5 5 6 1 1 4 1 0 1 3 6 3 1 0 4 5 1 0 4 0 6 3 4 5 5 5 4 0 0 1 4 0 3 1 1 0 4 0 4 0 0 0 5 3
4 4 4 0 5 4 0 0 3 1 1 4 1 0 5 1 5 3 0 6 0 5 1 0 3 1 0 1 0 1 5 5 5 1 4 1 5 4 3 5 3 5 5 5 0 3 5 1 5 5 1 1 0 1 3 6 3 4 1 4 1 3 0 4 1 0 0 3 6 3 0 6 0 0 6 5 1 0 0 4 5 0 0 5 0 3 0 0 1 4
4 5 5 5 1 5 4 3 6 5 0 3 1 4 1 3 5 6 5 3 0 4 4 3 3 5 5 3 4 4 4 3 3 4 3 3 5 5 5 0 6 0 3 1 1 0 1 4 3 0 3 0 4 0 0 3 5 0 4 0 1 3 4 5 1 4 3 5 5 6 4 1 4 3 4 3 0 4 5 3 0 4 6 0 6 0 0 5 0 1
4 6 4 0 4 4 3 5 1 1 0 1 1 5 5 5 4 3 5 4 3 0 0 1 4 1 3 0 6 6 0 1 3 3 5 3 5 0 0 0 4 0 0 1 5 1 0 5 5 3 0 1 3 0 3 6 0 6 1 4 1 0 1 6 3 5 5 3 5 5 6 5 3 5 5 1 3 1 6 1 3 3 1 6 0 0 6 4 6 0
4 3 5 1 4 6 0 1 6 4 5 3 4 4 3 1 1 3 0 5 6 5 5 4 4 4 0 5 4 1 4 6 3 6 4 1 5 3 1 6 1 1 0 4 5 4 3 1 1 1 1 5 1 3 5 6 3 0 6 1 1 0 3 0 1 1 1 1 3 3 3 5 1 3 0 0 0 1 5 6 0 1 1 0 5 0 4 1 1 0
4 4 1 4 0 4 6 5 5 3 6 6 4 4 0 6 4 5 0 0 6 3 6 0 5 0 1 4 5 4 1 1 4 3 5 0 5 0 4 4 4 6 0 1 3 4 6 3 3 3 4 1 1 0 1 1 4 0 0 3 5 5 1 0 1 5 5 1 1 1 3 6 1 4 4 1 4 0 4 0 0 0 0 3 4 0 0 3 4 4
4 3 1 1 1 5 3 6 1 5 1 0 0 4 5 3 1 0 1 3 5 3 1 1 4 4 0 4 1 1 3 4 3 5 3 4 5 4 0 1 6 4 1 3 3 4 3 1 5 1 3 5 6 6 5 4 4 1 3 0 1 4 0 0 4 5 1 0 0 0 3 1 6 4 6 4 0 3 5 0 0 4 3 5 0 3 0 0 6 4
4 3 0 0 4 4 1 4 0 3 6 5 4 3 1 4 6 4 6 3 3 1 0 5 5 5 4 4 1 3 0 1 0 5 5 4 5 5 5 4 0 3 3 1 3 3 1 3 5 4 1 0 4 5 0 4 0 3 4 5 4 3 4 1 5 1 5 4 5 4 5 0 4 3 4 3 5 4 4 0 1 3 1 1 3 4 6 6 0 5
4 4 4 1 6 4 0 4 0 3 1 3 0 5 5 1 1 1 0 0 0 4 4 1 1 0 6 4 4 5 5 3 3 0 1 6 4 0 4 4 4 6 3 5 5 1 5 4 6 3 4 3 4 0 0 6 0 0 3 0 1 3 1 1 3 3 4 3 5 6 3 6 0 5 3 5 1 5 4 4 6 1 1 5 1 4 5 6 1 0
<end>