<number of tasks>
89
<number of stations>
16
<type of the robots>
4
<limit of the robots>
1 3.99
2 6.61
3 7.85
4 9.00
<task times>
1 75 64 46 57
2 78 33 48 44
3 65 48 56 44
4 60 100 46 30
5 73 53 54 24
6 233 104 106 58
7 183 123 124 48
8 163 64 87 51
9 75 57 84 36
10 183 77 125 49
11 110 107 105 51
12 63 38 82 38
13 123 51 101 37
14 73 45 94 40
15 145 67 154 42
16 120 145 150 41
17 70 91 106 39
18 103 57 107 42
19 85 141 103 59
20 175 79 141 47
21 138 48 46 47
22 215 53 57 57
23 80 100 78 42
24 95 57 105 54
25 83 73 75 44
26 140 88 79 47
27 155 73 103 76
28 130 61 130 42
29 75 80 57 50
30 103 79 73 48
31 163 86 93 47
32 105 127 106 83
33 100 79 69 61
34 88 123 115 111
35 103 127 82 46
36 90 57 50 61
37 125 165 121 43
38 110 56 59 31
39 128 76 127 48
40 53 45 111 57
41 198 112 75 51
42 178 139 122 84
43 123 42 59 31
44 90 68 73 29
45 168 64 83 59
46 93 47 89 26
47 120 62 170 73
48 113 62 73 24
49 100 94 98 63
50 70 88 65 33
51 70 86 64 60
52 190 124 60 51
53 118 64 65 51
54 138 80 112 66
55 125 85 126 67
56 70 47 47 39
57 90 67 82 82
58 120 115 131 89
59 63 65 38 27
60 113 41 62 36
61 115 50 117 32
62 60 39 45 39
63 153 70 125 46
64 188 70 83 56
65 160 48 127 83
66 213 101 112 37
67 78 68 110 50
68 130 86 48 56
69 65 59 48 44
70 160 85 85 61
71 185 57 99 67
72 53 42 85 24
73 100 91 110 91
74 88 51 107 26
75 125 36 68 26
76 78 109 120 78
77 98 77 51 59
78 90 64 157 70
79 118 61 83 70
80 60 98 43 42
81 60 47 112 38
82 68 65 38 27
83 98 148 147 108
84 168 151 76 93
85 113 153 185 49
86 123 51 80 37
87 200 121 75 64
88 140 126 105 90
89 103 154 98 39
<precedence relations>
1,2
2,3
3,4
4,5
4,6
4,7
4,8
4,9
5,10
6,11
7,12
8,18
9,18
10,14
11,12
12,13
13,14
14,15
14,16
15,17
16,54
17,18
18,19
18,20
19,22
20,21
20,28
21,54
22,23
23,24
24,25
25,26
25,27
25,29
26,37
27,33
28,29
29,31
30,54
31,32
32,33
33,34
34,35
35,36
35,37
36,38
37,38
38,39
39,40
39,41
39,42
39,43
40,44
41,53
42,53
43,45
44,52
45,46
46,47
47,48
47,49
49,50
50,51
51,52
52,53
53,68
53,69
53,70
53,71
54,55
55,56
56,57
57,58
57,59
57,60
57,61
57,62
57,63
57,64
57,65
57,66
58,67
59,67
60,67
61,67
62,67
63,67
64,67
65,67
66,67
67,73
68,72
69,72
70,72
71,73
72,78
72,80
73,74
74,75
74,76
75,77
76,81
77,78
78,79
79,81
80,81
80,87
81,82
81,84
81,85
82,83
83,86
84,86
85,86
86,87
86,89
87,88
87,89
<setup time between tasks by robots>
1 0 10 3 3 3 10 5 10 8 8 5 8 5 3 8 8 8 3 8 10 10 8 8 8 10 8 10 8 8 13 0 8 5 3 10 5 3 10 3 8 3 8 10 0 0 5 0 3 3 5 5 0 10 3 10 8 5 10 5 8 5 0 5 3 8 8 0 0 3 8 3 10 3 0 10 8 8 3 8 3 0 10 10 10 10 0 13 8 8
1 0 0 3 3 0 5 8 3 10 3 3 8 0 8 0 13 5 0 3 8 0 3 10 5 10 10 5 10 10 0 5 10 10 0 0 3 5 3 0 8 0 3 5 3 10 13 8 10 3 10 10 8 5 0 5 10 3 5 5 5 10 5 3 3 5 3 10 3 3 8 5 0 5 5 3 8 8 5 8 5 8 10 3 3 8 10 0 3 0
1 0 5 0 0 0 0 3 10 5 3 5 0 8 5 10 5 5 8 0 0 8 0 8 0 10 13 5 8 0 3 0 0 3 3 13 10 0 5 0 0 5 3 5 8 3 0 10 8 8 5 0 10 0 3 3 0 10 5 8 3 10 8 5 8 5 8 10 8 5 10 10 10 3 3 3 0 0 0 0 5 5 3 5 5 3 10 5 10 0
1 3 0 5 0 5 8 3 10 13 10 10 3 5 8 8 3 10 0 13 5 5 5 8 5 0 10 3 3 5 3 5 10 3 10 0 5 0 0 5 13 5 5 0 3 0 0 3 5 0 0 5 5 8 10 0 10 10 3 8 8 3 5 3 5 8 3 5 3 8 0 5 3 0 5 5 5 10 5 3 8 8 5 13 0 0 8 8 10 8
1 5 0 5 5 0 5 5 10 3 8 5 8 10 5 8 0 5 13 3 13 3 10 8 10 8 13 3 0 0 3 8 0 3 3 5 8 5 3 0 0 3 5 0 8 0 0 0 8 0 5 5 8 0 0 10 5 10 8 5 5 8 3 8 8 5 8 8 3 3 3 8 3 3 3 3 5 0 5 3 3 0 10 0 5 8 13 10 5 5
1 8 3 13 5 3 0 8 10 0 10 3 3 3 8 8 13 3 3 3 8 3 10 10 8 8 0 0 5 10 13 10 3 10 0 0 13 10 8 10 10 10 8 5 5 10 0 0 0 10 8 5 8 8 5 0 8 13 8 5 8 0 5 0 8 5 5 5 0 3 5 10 5 8 3 8 8 0 3 5 10 3 8 10 3 10 13 0 10 0
1 0 3 8 3 0 5 0 0 3 8 10 10 0 0 3 8 3 5 8 10 0 0 0 10 5 10 10 0 5 8 0 13 5 3 5 0 10 3 0 5 3 8 3 0 3 5 3 0 3 10 3 3 0 10 3 10 10 10 0 5 8 3 5 3 8 8 5 3 5 8 5 5 10 3 8 3 10 3 5 8 5 13 5 5 8 8 0 0 10
1 0 0 10 8 5 10 10 0 0 5 5 5 5 10 8 10 3 3 5 8 10 8 0 5 5 0 8 10 3 5 0 3 8 5 5 10 0 13 10 5 8 5 8 5 8 0 10 10 3 8 10 5 0 13 10 8 8 5 10 5 3 8 0 8 10 10 3 3 10 5 5 3 5 0 3 5 5 10 8 5 3 10 8 3 8 10 5 0 0
1 0 0 0 0 3 0 3 5 0 3 3 0 5 8 13 3 3 10 0 3 3 10 0 3 5 10 10 8 3 3 10 0 8 13 5 0 10 0 3 8 10 3 0 10 0 5 0 10 3 8 8 8 0 10 3 3 3 5 10 5 0 10 3 5 3 8 5 0 8 0 10 0 3 0 10 10 10 10 8 0 0 5 10 5 10 8 3 10 3
1 8 0 5 10 0 0 8 0 8 0 5 5 3 8 0 8 0 10 0 13 8 10 5 10 10 8 5 5 8 5 0 0 8 10 0 8 5 0 5 3 8 5 5 13 5 10 10 5 10 5 8 0 10 8 3 0 5 3 10 0 0 3 0 8 8 3 10 8 3 10 3 0 0 5 0 3 8 5 3 5 0 3 5 10 8 0 8 8 8
1 3 5 0 5 3 5 3 10 5 8 0 10 3 3 5 8 5 3 3 0 5 10 0 0 0 5 8 5 3 13 0 3 8 3 0 5 0 5 10 0 13 10 8 10 10 3 0 0 5 0 0 3 8 3 10 3 8 0 8 5 3 5 5 3 8 3 8 8 5 3 3 5 5 3 0 5 0 0 3 10 0 0 10 5 13 0 0 0 5
1 5 3 5 8 10 5 3 10 5 8 3 0 5 5 0 0 10 3 10 0 8 8 8 0 10 10 8 5 8 3 8 8 0 5 0 10 3 0 8 3 0 8 13 3 3 10 3 3 0 3 3 5 3 5 5 5 5 5 10 10 0 5 0 0 0 0 8 10 5 0 8 8 3 8 8 5 3 3 10 8 8 3 10 5 5 8 3 10 10
1 8 8 8 0 10 0 8 0 5 8 0 10 0 10 0 10 5 10 10 5 3 8 3 10 0 10 10 8 10 10 3 0 3 3 3 0 10 0 5 5 5 10 3 0 3 10 0 0 10 0 0 3 3 10 3 8 10 0 8 10 10 5 3 5 8 0 3 3 13 8 5 5 13 0 10 3 13 3 10 5 3 0 0 0 8 5 0 10 8
1 5 10 13 3 0 8 8 5 3 0 0 10 8 0 8 10 0 8 0 5 10 3 3 10 0 3 0 8 0 5 0 3 13 3 0 5 10 0 3 5 10 0 8 0 3 0 8 10 8 10 0 8 5 10 0 3 5 0 5 3 3 0 0 5 3 5 10 3 5 8 3 3 3 10 10 5 8 10 8 8 5 5 3 5 5 5 0 5 8
1 5 5 8 5 8 10 0 3 3 10 13 3 10 0 0 3 10 3 3 0 3 10 8 0 3 10 0 10 3 13 3 0 0 10 0 8 3 10 5 3 0 8 0 0 3 8 5 5 8 3 0 8 3 5 5 3 10 0 10 5 5 3 0 5 0 3 10 10 8 5 10 10 5 8 3 0 10 10 10 0 0 8 0 8 0 0 5 8 8
1 3 8 3 5 5 10 10 8 0 3 5 3 10 0 3 0 10 3 10 3 3 3 5 3 3 10 0 13 3 5 3 0 5 10 8 3 10 0 5 10 5 8 0 8 10 3 5 13 5 8 10 8 10 10 5 5 5 0 5 0 0 0 3 3 8 5 0 8 3 10 0 8 10 8 10 5 8 10 8 0 5 10 3 8 10 0 10 8 13
1 0 5 0 10 3 3 3 10 8 10 5 8 5 3 5 8 0 10 3 10 3 3 10 5 5 5 3 3 0 10 8 0 10 5 5 8 0 10 0 0 8 10 0 8 5 5 5 5 0 10 10 10 5 0 10 3 10 8 0 0 8 3 8 0 13 8 0 3 0 8 5 10 13 10 13 3 5 3 8 3 10 3 5 0 5 10 8 5 5
1 0 3 8 8 10 0 8 5 5 5 5 3 5 8 5 0 10 0 8 0 0 5 5 10 10 8 10 8 5 3 3 5 8 3 0 13 3 3 5 0 10 13 10 5 5 10 0 3 8 3 3 10 10 5 10 3 3 3 13 5 5 8 0 3 8 3 5 0 10 5 5 0 5 5 10 0 5 8 3 8 3 3 3 5 10 10 13 10 8
1 10 3 10 10 10 10 0 0 5 0 5 3 0 13 0 10 0 10 0 5 8 8 3 10 3 0 10 10 3 10 8 8 5 10 0 10 10 10 8 10 3 8 10 3 5 5 5 5 5 13 5 3 13 0 3 3 3 0 8 5 8 3 8 8 0 10 10 3 8 5 5 10 0 5 0 5 10 0 8 5 10 0 3 5 3 3 8 3 5
1 8 3 0 8 0 3 10 3 3 8 10 10 0 5 10 5 3 8 8 0 0 13 8 8 8 10 3 5 10 8 8 0 13 8 10 3 10 8 8 10 0 0 8 10 5 3 10 10 0 0 8 10 10 13 8 5 0 3 3 8 0 5 5 5 0 5 8 10 13 10 3 13 10 8 3 13 10 0 3 3 10 10 8 3 3 3 10 8 10
1 0 8 3 5 5 3 0 10 5 5 8 10 8 0 0 5 0 5 10 5 0 5 8 5 13 5 10 0 5 8 0 10 8 5 0 0 8 10 8 3 3 3 5 10 3 10 10 8 13 5 8 8 8 8 10 8 8 3 10 3 8 0 10 5 8 0 10 8 13 13 0 10 10 5 8 5 3 10 8 8 0 10 8 3 0 3 5 13 8
1 10 5 0 0 8 0 8 5 13 3 8 10 8 8 10 3 5 3 3 5 13 0 10 8 13 5 0 3 0 10 8 8 3 0 13 10 0 10 10 3 10 0 5 5 10 3 0 0 0 10 3 0 3 0 0 0 0 5 5 10 8 5 5 8 0 8 10 0 3 8 10 5 8 0 10 5 0 5 5 5 10 3 3 5 10 5 5 5 8
1 8 5 0 3 5 3 10 3 10 3 8 5 3 5 3 10 8 0 0 8 5 0 0 10 0 3 13 0 5 5 8 5 10 8 0 8 5 8 3 5 5 5 13 3 0 3 10 0 5 8 10 8 0 0 0 5 5 10 8 5 0 13 10 5 10 10 8 8 3 8 8 3 0 5 10 10 5 5 0 0 8 8 8 0 0 3 3 8 0
1 0 3 0 13 0 8 0 5 10 3 10 3 3 10 0 8 10 10 0 10 8 10 3 0 10 0 5 5 3 3 3 5 10 5 0 3 3 10 5 8 8 8 8 3 8 0 3 0 3 10 0 10 8 10 8 10 10 8 5 3 8 0 0 5 8 8 10 5 3 0 0 10 8 0 8 10 5 0 3 13 8 8 0 10 8 0 8 10 8
1 3 0 10 0 8 8 13 8 5 0 0 3 0 3 3 5 5 5 3 3 0 3 5 8 0 3 0 0 5 8 3 3 3 5 8 3 10 10 13 3 10 8 3 8 8 5 5 3 0 3 8 3 13 3 5 3 3 3 8 10 8 3 8 5 3 3 5 8 10 10 3 10 5 5 5 8 10 3 3 8 3 5 10 3 5 10 0 13 5
1 5 0 10 13 0 10 8 3 5 5 8 0 10 3 8 3 3 10 8 8 8 10 0 5 10 0 3 0 10 8 13 5 0 3 0 5 10 5 5 5 0 0 8 8 0 10 0 8 8 10 8 3 10 3 0 5 8 10 5 8 8 0 0 0 13 8 10 0 10 8 10 3 5 0 5 8 10 5 8 0 8 8 0 8 3 8 3 10 3
1 5 13 3 0 10 5 10 8 5 10 8 3 8 3 5 3 10 3 8 10 5 5 8 10 8 5 0 3 3 5 0 3 10 10 5 10 8 8 8 3 8 8 3 10 5 5 0 8 8 5 8 5 13 8 3 0 5 0 13 0 10 8 5 5 3 0 8 3 8 10 3 0 8 13 5 0 5 8 3 5 10 3 8 5 0 3 3 8 8
1 3 10 0 13 0 3 3 8 0 10 3 10 0 5 5 10 10 3 5 0 5 8 8 8 5 5 10 0 0 8 0 13 8 8 10 10 0 10 10 13 3 0 5 8 8 5 0 0 3 10 0 13 3 5 8 3 5 10 3 0 5 10 0 8 8 0 5 3 8 3 5 13 8 8 3 8 5 10 8 3 8 8 5 8 0 0 10 3 10
1 3 13 13 3 13 5 10 0 0 0 3 5 5 10 3 3 3 0 5 5 0 5 0 5 5 0 3 8 0 8 5 8 0 3 8 10 8 0 8 0 10 0 0 0 0 3 5 10 8 0 10 10 5 13 8 8 3 0 10 5 10 0 0 3 8 3 0 0 0 13 5 3 3 8 0 8 8 10 0 8 5 10 3 3 10 10 8 0 5
1 0 10 10 5 13 8 8 8 5 5 5 0 3 5 8 8 0 0 8 5 0 10 8 10 5 3 5 10 13 0 5 8 0 13 0 3 10 0 10 8 5 3 3 10 0 8 5 0 8 5 0 13 8 8 8 8 8 3 10 10 0 8 8 8 8 5 10 0 8 10 0 0 8 5 8 5 10 8 5 10 3 10 0 0 3 8 3 10 5
1 5 10 0 0 5 3 10 8 5 0 3 10 0 10 10 13 10 0 10 5 5 8 3 3 10 0 10 10 8 8 0 3 0 10 3 8 8 3 10 5 5 5 10 5 8 10 3 5 3 8 5 5 10 3 0 5 8 8 0 5 13 0 8 0 5 8 5 3 0 5 8 10 10 10 8 3 10 10 3 8 13 5 0 5 8 5 5 10 0
1 5 5 5 13 8 8 3 0 0 8 8 5 8 0 5 0 0 8 5 5 10 8 0 10 10 0 3 3 0 0 10 0 5 10 10 0 8 13 3 0 3 10 0 8 10 5 5 5 3 0 13 5 0 13 8 0 0 0 0 5 10 8 5 8 10 10 8 8 5 13 3 5 0 10 5 0 0 3 5 5 5 5 0 8 3 5 10 10 8
1 8 5 3 8 10 0 3 10 5 10 0 0 10 10 8 8 10 0 8 5 8 0 5 10 5 0 0 8 13 0 0 0 0 10 5 3 3 3 10 5 10 5 10 10 3 0 3 10 3 3 13 5 3 13 8 3 8 3 0 5 5 0 5 10 3 10 5 5 5 8 0 5 5 0 5 10 13 3 0 10 0 0 8 10 10 0 10 3 5
1 13 5 5 0 10 0 10 3 3 3 13 5 3 8 10 0 3 3 5 8 8 8 0 5 3 10 5 0 3 10 0 10 10 0 10 8 3 3 0 5 3 10 10 0 5 10 10 8 0 13 5 5 0 3 5 0 10 5 10 0 8 5 8 5 5 8 5 8 3 0 8 3 0 5 10 0 8 3 5 3 3 0 8 13 3 3 10 3 10
1 8 10 5 8 8 3 3 5 10 5 5 5 10 8 10 8 0 5 5 5 3 13 3 13 10 0 10 3 10 3 3 10 5 8 0 0 13 8 0 3 10 10 0 5 5 5 0 8 10 0 8 8 3 0 8 3 0 5 8 10 0 10 3 0 5 0 0 0 5 8 3 3 5 10 8 0 5 0 0 0 5 10 13 3 5 10 8 3 13
1 5 0 5 5 3 3 3 0 5 0 3 13 5 10 0 13 3 8 5 10 13 8 10 10 10 10 5 3 0 3 3 3 3 8 0 0 0 3 5 5 5 8 0 3 0 8 8 5 10 3 10 8 5 3 10 8 0 5 0 10 5 0 5 10 8 10 3 0 3 3 10 8 10 3 0 8 8 10 5 5 3 8 3 5 3 3 3 0 3
1 10 0 3 5 3 5 8 10 0 10 3 5 10 10 8 0 5 10 10 5 3 10 8 10 8 10 3 3 10 3 10 13 0 5 3 3 0 13 13 3 3 8 10 10 0 3 10 8 13 10 8 3 0 8 5 0 5 10 5 10 0 3 5 0 0 10 10 8 8 10 13 5 0 5 8 0 3 10 0 10 5 0 3 3 5 0 3 5 8
1 3 5 0 3 0 3 5 8 0 10 0 3 5 3 3 10 13 10 10 0 10 3 8 5 3 0 3 5 10 10 8 5 5 3 8 3 10 0 10 8 8 8 0 10 13 8 0 5 0 5 5 10 3 10 5 8 3 8 10 8 0 5 5 0 8 5 10 10 5 8 0 5 10 0 0 0 10 3 8 0 8 10 10 10 0 5 10 13 8
1 8 5 0 10 0 3 3 3 0 3 10 8 10 3 10 0 0 13 3 8 13 5 10 3 10 0 8 0 8 5 10 3 10 10 0 10 0 5 0 0 5 5 0 8 10 10 3 0 13 3 10 13 3 3 0 3 8 8 8 0 10 5 5 5 10 5 3 10 5 3 5 5 10 13 10 8 10 5 13 8 8 13 13 5 8 8 10 8 3
1 5 10 10 5 10 0 3 13 3 5 3 3 8 10 3 3 3 0 0 10 8 5 8 0 0 5 10 0 10 3 5 10 0 5 3 0 13 3 8 0 0 0 0 10 8 0 8 0 10 8 5 10 3 5 3 3 0 8 13 8 0 10 10 3 5 10 10 3 3 3 5 0 3 10 5 8 0 5 3 10 8 5 0 10 0 8 10 8 3
1 3 5 3 5 10 5 10 3 5 3 5 10 8 8 13 10 3 3 3 5 10 5 10 3 3 8 8 5 5 5 0 10 13 0 0 10 10 10 10 3 0 0 13 0 3 10 10 10 10 3 3 3 5 5 0 3 3 0 0 0 3 8 10 5 10 0 10 0 3 8 3 0 0 10 8 8 3 5 10 10 8 8 5 3 8 5 8 10 10
1 10 5 5 3 8 13 8 3 3 0 10 10 0 8 8 3 10 5 5 10 3 8 10 8 0 3 5 3 3 5 0 5 8 0 5 13 3 10 10 0 0 0 3 3 10 8 3 10 8 0 3 0 3 13 8 3 3 10 13 3 3 8 0 3 10 13 10 3 10 3 10 5 5 13 5 0 8 0 8 0 10 0 8 0 8 8 5 8 0
1 10 8 13 10 5 10 10 13 0 0 0 3 5 5 10 5 8 0 3 0 0 8 5 0 5 0 5 10 5 10 3 0 3 8 8 8 10 3 13 5 3 0 0 3 8 10 5 10 5 5 8 10 0 10 10 3 10 8 0 5 3 0 5 10 10 5 10 13 0 0 3 0 10 10 5 8 5 8 5 5 8 8 5 3 8 8 0 8 10
1 8 3 8 5 3 5 0 8 10 13 8 8 0 10 8 8 10 5 3 5 8 10 10 0 8 5 8 5 5 8 3 3 3 5 8 10 3 10 3 10 10 10 5 0 3 8 0 5 3 5 5 5 3 0 8 10 5 8 3 5 13 10 8 5 10 10 8 3 8 10 8 8 3 10 5 0 13 5 0 0 10 8 10 5 10 3 8 10 3
1 10 8 3 3 5 5 10 8 0 10 5 13 0 0 0 0 10 13 10 10 10 10 3 3 5 0 5 8 10 3 5 8 10 5 8 3 5 10 0 0 0 5 3 8 0 8 3 3 10 3 8 0 5 8 0 0 8 10 13 10 0 0 5 3 10 5 3 8 0 8 8 0 10 0 0 10 10 5 5 8 3 10 13 8 8 10 10 10 0
1 3 5 8 8 3 8 8 10 5 0 5 0 8 8 0 8 3 8 0 3 0 3 8 3 3 8 10 5 8 3 0 5 13 10 10 3 8 5 0 8 0 0 8 5 0 0 10 0 8 5 0 5 8 5 8 0 10 8 10 0 3 8 0 3 0 8 8 3 3 8 3 13 3 0 10 10 5 10 8 13 3 5 10 10 0 8 3 5 0
1 10 5 10 5 0 5 0 10 5 5 0 3 0 8 0 10 13 10 0 5 8 10 3 0 3 0 10 10 5 8 10 3 13 5 13 10 8 0 13 13 3 3 8 5 0 3 0 8 10 5 3 10 10 8 0 5 5 3 3 10 13 5 3 0 3 5 3 10 10 5 8 3 5 10 3 8 3 8 5 0 10 13 8 5 3 0 5 5 5
1 10 5 8 5 5 3 8 0 3 0 5 10 3 0 3 0 5 10 8 3 5 8 0 3 8 10 5 0 5 3 8 3 0 5 0 0 0 10 5 3 10 10 0 5 3 5 5 0 8 5 3 8 10 8 10 13 0 0 8 3 5 3 10 0 0 10 0 0 5 0 10 10 8 8 3 0 0 10 8 10 0 13 10 3 5 10 13 5 0
1 5 8 5 10 8 3 5 8 5 0 13 3 10 10 10 0 5 3 0 8 3 5 3 10 3 8 8 13 10 0 10 8 0 0 10 3 5 10 8 5 5 10 3 10 3 10 0 8 0 8 0 8 3 5 5 8 10 10 10 10 5 8 10 8 0 5 3 8 3 10 5 0 3 8 5 10 8 0 8 3 8 10 10 0 8 10 3 8 3
1 13 10 0 3 8 10 0 3 5 3 3 8 8 10 3 13 8 0 5 0 5 3 13 5 10 13 8 5 10 5 0 10 10 3 5 5 10 0 10 8 3 0 5 5 8 3 3 8 8 0 8 10 8 3 0 3 0 13 3 8 3 0 8 0 8 0 10 0 3 3 0 8 5 5 10 0 5 5 10 0 5 0 8 5 5 10 0 5 8
1 5 10 0 10 10 3 8 5 8 8 8 10 10 5 0 13 5 0 5 13 5 13 0 0 3 3 8 10 8 5 0 0 5 8 8 3 8 5 3 5 0 0 0 3 8 5 8 8 5 8 0 8 0 0 0 0 8 3 3 3 3 8 5 8 10 0 5 10 3 10 3 0 8 3 3 3 8 0 8 0 10 8 10 5 13 8 8 5 5
1 0 10 8 5 10 13 0 8 8 10 8 13 3 5 8 0 3 5 8 0 3 5 0 8 10 13 8 3 0 10 0 5 5 0 5 0 10 0 5 3 3 5 0 10 5 0 0 10 0 3 0 0 5 3 3 5 10 5 3 10 8 3 0 8 8 8 5 5 0 8 0 3 0 0 0 0 0 5 8 3 10 3 3 0 5 3 3 13 5
1 3 0 0 8 8 3 3 8 8 8 10 10 0 10 5 0 8 5 10 5 10 8 13 8 5 8 10 0 13 3 5 0 10 3 10 3 8 5 3 8 8 10 3 3 3 3 3 8 8 8 5 10 0 5 3 3 0 5 0 13 8 3 0 10 3 0 5 10 13 10 3 8 10 3 8 10 0 8 8 8 3 8 5 8 3 8 8 0 8
1 5 5 8 5 0 10 5 10 10 3 5 3 0 3 0 3 3 8 0 10 8 10 8 8 0 5 3 5 0 8 0 3 5 3 8 3 3 10 3 0 0 0 8 10 3 5 0 0 8 5 3 10 0 0 5 10 10 5 5 0 0 8 5 10 10 8 0 0 5 3 10 0 8 8 5 8 13 0 0 0 10 5 3 10 5 0 8 10 0
1 8 3 0 3 10 10 8 5 0 5 10 5 0 8 13 3 8 3 5 5 0 0 3 3 8 8 5 5 10 5 0 10 10 8 0 0 10 5 5 8 0 10 10 10 5 5 0 10 3 8 0 0 8 5 0 8 5 8 10 8 0 5 0 8 0 0 5 8 0 5 8 3 0 0 8 5 8 8 0 3 8 13 3 3 3 10 0 3 5
1 10 0 5 3 8 8 8 10 10 8 3 8 0 5 8 13 5 3 8 10 8 10 8 8 0 8 5 5 8 0 5 3 10 8 13 10 3 10 5 8 10 3 8 5 13 8 0 0 8 8 3 10 10 10 5 0 8 3 8 8 10 3 5 5 0 5 0 5 5 10 10 8 5 10 5 3 0 0 10 3 0 0 5 10 0 5 5 13 3
1 8 10 0 3 10 8 8 10 10 8 0 0 3 0 3 10 13 3 5 10 8 10 0 3 0 0 10 10 5 0 3 5 10 10 8 3 8 5 3 3 5 0 5 10 0 10 0 5 0 0 8 3 10 8 10 8 0 10 13 5 10 3 0 3 8 3 5 5 10 5 3 3 0 3 3 3 10 3 3 10 3 0 5 13 3 0 0 3 5
1 0 5 8 10 8 3 0 8 3 8 0 10 0 8 3 3 3 0 13 5 10 8 0 0 8 3 10 8 5 8 10 3 0 5 8 8 5 10 0 10 8 0 3 3 5 3 3 10 10 3 5 8 10 5 8 8 8 0 10 10 5 5 5 0 8 0 10 10 5 13 13 8 5 0 0 3 3 3 5 5 3 5 3 10 3 5 10 10 3
1 3 5 3 5 8 0 13 0 8 5 13 0 5 5 8 10 5 5 8 0 8 3 8 0 3 0 3 10 10 3 10 10 5 13 0 10 8 10 10 0 0 0 3 5 0 5 5 3 5 10 3 0 5 8 10 8 13 10 0 0 3 10 5 10 10 0 10 10 8 0 8 8 3 0 8 3 3 3 10 3 8 5 8 5 8 13 8 8 3
1 10 8 5 10 5 0 3 8 10 8 3 0 8 3 8 5 0 13 0 5 0 8 5 8 5 13 0 0 13 10 8 10 0 8 10 8 0 0 5 0 5 10 10 0 10 3 13 0 0 0 0 10 8 8 8 13 0 3 5 0 8 8 3 10 3 5 0 3 0 8 5 8 10 10 8 10 0 5 0 10 8 5 8 8 5 3 13 8 5
1 8 3 3 3 5 8 10 0 0 8 8 10 3 5 0 8 8 5 3 3 0 0 8 0 8 3 0 13 8 5 0 3 5 5 5 8 3 0 5 10 3 8 0 0 5 5 0 8 8 8 10 10 13 8 0 0 10 3 3 10 0 3 0 8 8 3 8 0 3 0 3 13 10 3 10 3 0 8 5 5 5 10 0 0 13 10 8 5 10
1 8 5 10 10 5 0 10 3 3 3 0 3 8 0 3 3 5 5 10 8 5 0 8 0 0 8 8 3 5 10 8 5 8 8 0 13 8 5 10 8 0 8 10 13 0 3 0 10 8 5 0 3 5 0 0 3 5 3 3 8 5 0 5 3 3 0 8 8 8 3 3 5 0 10 5 10 8 3 3 0 5 5 13 8 8 8 0 8 3
1 5 10 10 8 0 8 13 5 5 0 10 5 10 5 5 5 13 3 5 3 5 5 3 13 5 8 5 5 5 8 3 10 3 8 5 5 5 10 0 8 10 5 0 0 10 3 3 0 8 8 0 10 5 10 3 0 13 10 0 3 8 8 0 5 0 10 10 10 0 10 10 5 3 0 10 8 10 10 13 5 8 8 8 10 0 0 8 5 8
1 0 10 5 5 10 13 3 8 8 5 5 0 8 3 8 8 10 0 3 8 0 8 3 3 8 0 5 5 0 13 3 3 3 5 8 3 13 5 3 0 3 13 8 5 10 0 8 5 8 8 5 3 0 8 5 10 5 0 3 8 3 5 13 0 8 3 8 3 0 5 3 5 5 3 13 3 10 0 8 8 5 3 8 3 5 5 8 5 0
1 5 10 13 8 10 3 0 3 5 5 0 10 3 13 8 3 8 0 0 10 8 5 3 0 5 13 0 8 8 0 0 10 0 10 8 5 8 5 0 10 5 5 5 5 5 5 5 0 3 3 0 5 0 0 5 5 8 10 10 5 5 5 5 5 0 13 5 10 5 13 10 10 5 5 3 5 0 8 3 0 8 10 3 13 5 0 8 5 3
1 8 0 10 10 3 0 5 3 0 0 10 3 5 0 5 0 8 0 8 10 5 13 0 3 0 5 10 5 8 5 0 8 3 3 3 3 8 3 0 0 5 5 3 10 10 5 8 5 5 8 3 5 0 3 5 8 3 8 0 3 13 0 3 3 8 0 5 0 5 0 8 5 0 8 10 0 8 0 3 8 8 0 8 5 0 3 0 3 10
1 8 10 5 10 10 5 10 8 8 8 3 8 13 8 0 3 0 5 10 13 0 8 10 8 5 0 0 8 3 0 10 10 3 0 0 10 5 13 3 5 8 5 0 3 8 3 8 5 10 8 8 10 8 5 0 3 3 5 10 3 8 8 3 10 3 10 0 13 5 10 13 0 10 8 8 10 3 10 8 13 8 10 10 3 3 3 0 3 5
1 0 3 3 3 10 5 8 0 5 10 10 3 3 8 5 0 5 0 5 5 8 8 8 13 10 3 0 8 0 0 10 10 10 5 8 5 8 8 10 10 0 0 10 3 0 10 0 10 5 3 13 3 3 5 0 0 5 0 3 8 13 0 10 5 3 3 8 0 3 5 5 10 10 5 5 5 5 5 8 0 0 8 0 5 8 10 8 0 5
1 10 3 0 0 0 5 3 8 10 5 3 8 5 5 10 3 0 10 0 3 8 3 0 13 3 10 0 10 3 3 3 8 3 13 0 0 8 0 10 0 10 8 0 10 3 8 5 0 8 8 3 10 5 3 5 3 8 8 8 0 0 3 0 3 8 0 8 0 0 0 8 0 5 0 5 5 10 8 8 3 0 3 0 10 10 10 8 5 5
1 10 10 5 13 10 8 8 10 3 8 0 5 0 3 8 3 10 8 0 3 0 8 10 10 10 0 3 13 0 5 10 5 5 5 5 0 8 0 0 13 10 0 8 8 10 0 5 10 0 5 3 0 3 3 3 8 3 8 5 5 13 3 3 0 8 0 10 8 10 0 8 10 8 0 0 0 10 8 8 8 10 8 3 8 5 0 10 3 3
1 8 3 0 3 10 5 5 0 0 3 5 0 5 3 0 0 0 13 0 0 10 0 3 8 3 5 3 10 8 5 5 8 8 5 10 3 0 13 5 3 8 10 5 8 8 8 3 3 10 5 8 5 13 0 0 3 10 8 10 8 5 8 5 5 0 8 10 10 5 10 0 3 0 0 0 0 5 8 10 10 8 3 10 5 0 10 0 10 0
1 0 8 10 5 0 5 5 10 5 8 3 5 5 5 5 3 0 5 3 5 8 5 0 8 0 13 10 0 10 5 3 3 3 10 10 8 5 5 0 5 8 13 5 0 13 3 0 5 5 0 10 0 13 0 0 10 10 0 5 0 5 8 5 10 0 0 5 5 8 13 0 0 5 5 10 8 10 3 8 8 5 10 10 13 0 5 0 10 5
1 3 13 5 3 3 0 5 10 8 10 8 0 3 3 8 3 10 10 0 3 8 0 0 10 10 10 3 0 3 3 10 8 5 10 13 8 3 8 0 0 8 10 13 13 10 10 8 0 5 0 10 10 5 3 5 0 10 3 5 5 10 10 3 8 0 3 3 13 3 10 3 3 0 3 10 0 10 5 10 3 5 3 8 10 10 8 5 3 5
1 8 3 8 0 13 10 3 0 0 3 10 3 3 10 10 0 10 8 10 5 8 5 8 5 0 10 8 5 5 10 3 5 10 10 0 10 3 3 5 5 5 3 10 10 10 13 5 3 8 3 5 10 8 10 10 3 0 8 0 3 10 8 5 10 8 10 5 8 8 3 8 3 10 0 3 0 10 10 10 10 5 8 3 13 5 10 10 13 10
1 5 0 10 10 8 10 8 5 5 3 8 10 5 10 5 10 0 5 10 3 0 3 0 0 10 5 8 0 10 13 8 0 3 0 13 0 8 5 0 8 0 10 0 8 5 5 5 13 5 3 0 3 8 13 8 5 10 5 8 5 5 3 0 5 5 10 10 10 8 8 10 10 3 10 0 3 3 5 3 10 5 10 3 5 5 10 0 3 5
1 8 8 3 10 5 0 8 3 3 5 10 8 10 8 5 5 10 3 3 10 0 3 5 0 8 3 8 8 5 0 3 8 0 5 8 8 5 5 10 0 10 3 8 10 8 3 3 10 10 0 8 5 5 0 5 3 10 8 3 3 13 5 10 0 5 0 10 5 3 5 8 3 8 3 3 0 3 8 0 8 0 3 8 3 10 5 3 0 3
1 8 8 10 8 0 5 8 0 5 10 8 10 10 0 5 0 3 3 8 10 5 8 8 8 10 5 3 5 8 8 10 0 5 3 0 8 5 3 5 8 5 3 3 10 13 13 0 0 5 0 5 5 10 8 8 10 3 0 10 10 5 0 8 10 8 5 3 5 10 3 3 5 10 3 3 5 0 3 10 0 8 10 10 3 3 5 3 10 0
1 10 8 0 5 3 0 0 3 5 10 8 5 13 3 3 5 3 0 5 8 5 8 10 10 3 0 10 3 10 3 3 0 8 13 8 3 5 3 8 8 10 3 3 0 10 13 5 0 0 5 3 5 10 10 8 3 0 13 5 3 5 8 10 3 8 10 13 8 10 13 8 0 3 0 0 5 13 0 8 0 0 5 10 5 5 3 5 5 3
1 8 10 10 3 0 8 3 0 5 3 10 10 10 3 0 13 10 3 10 8 8 5 13 0 5 10 0 3 5 5 5 5 8 10 0 3 3 8 0 3 5 0 10 13 0 3 0 8 3 8 10 8 3 10 10 0 3 13 8 8 0 10 10 3 3 5 0 3 8 8 0 8 5 3 0 0 8 5 0 5 10 3 10 3 3 10 0 3 8
1 3 3 10 5 10 0 0 0 0 3 0 0 3 10 10 3 10 5 5 10 10 0 0 13 3 13 0 3 10 3 3 0 10 3 13 13 5 5 10 3 10 3 5 3 0 0 10 3 3 8 5 0 5 3 0 8 10 0 3 8 5 0 10 5 0 8 8 13 0 8 8 8 5 5 0 3 10 5 10 0 10 10 13 10 5 8 5 0 13
1 0 8 8 3 8 0 3 0 3 10 0 8 10 0 0 3 0 8 3 8 10 10 3 8 10 8 10 10 5 10 8 0 5 0 0 0 5 8 3 10 8 8 3 5 10 10 10 5 3 5 8 8 8 5 8 13 5 0 3 5 0 5 5 10 13 10 8 0 5 10 0 3 8 8 3 3 8 10 3 0 0 8 3 10 3 0 8 8 10
1 10 10 8 13 3 3 13 10 0 8 8 0 10 3 5 10 3 5 8 3 3 3 8 3 0 8 3 5 10 8 3 0 8 0 10 3 5 10 5 5 3 0 3 0 10 8 13 5 8 0 3 10 10 13 3 0 8 3 3 5 5 10 10 8 5 10 10 0 0 3 10 3 13 3 8 8 5 5 10 8 13 0 10 10 3 0 0 5 3
1 5 0 3 8 8 5 8 0 3 8 0 8 3 10 8 10 10 8 0 0 10 10 0 0 5 10 0 8 0 0 3 0 0 0 10 8 0 10 10 0 3 0 10 5 3 8 10 0 8 3 8 5 0 3 10 5 3 8 5 8 3 8 10 3 3 3 5 0 8 3 10 3 5 8 8 10 8 0 10 5 10 10 0 3 8 10 3 0 3
1 5 3 5 0 13 5 3 8 0 3 10 8 5 8 0 0 5 0 10 10 10 5 0 5 0 10 8 3 0 3 0 0 8 5 10 5 3 10 3 8 10 0 3 8 10 3 10 13 8 8 0 5 10 10 3 8 3 5 5 3 0 3 3 5 5 8 0 0 8 8 10 10 10 3 8 10 0 8 10 8 10 10 13 0 3 13 3 0 8
1 10 10 8 0 10 3 5 5 5 5 5 0 0 10 8 8 5 8 10 8 10 8 3 5 5 8 0 3 5 8 3 0 3 0 8 8 13 0 8 10 0 5 10 10 8 5 5 5 3 10 8 3 8 10 0 0 5 3 3 5 10 3 13 3 3 0 8 0 5 3 8 3 10 5 10 5 3 8 10 10 0 10 3 0 0 0 0 5 3
1 0 10 0 10 10 3 10 3 8 5 3 8 5 3 0 8 0 8 8 8 5 10 5 10 8 0 13 3 8 10 13 8 0 3 5 8 5 10 0 0 10 5 10 5 10 10 10 3 10 10 10 0 5 3 8 10 8 8 0 8 0 8 5 3 0 0 3 10 3 5 0 5 5 13 10 3 13 0 3 0 0 5 0 5 5 0 13 8 13
1 13 5 3 5 8 8 3 8 0 0 8 3 10 3 5 0 13 10 0 0 8 8 5 5 5 5 10 5 5 0 3 8 3 8 8 3 5 3 3 3 5 10 5 10 5 5 5 5 5 10 10 5 8 8 5 0 3 0 8 5 0 8 8 5 8 5 10 8 0 3 8 10 8 10 10 5 0 8 3 0 10 5 0 0 0 3 0 0 3
1 8 10 0 3 0 13 3 5 10 5 3 0 0 8 8 0 8 0 0 0 10 5 8 3 8 3 0 5 10 3 3 10 10 3 10 0 3 0 5 3 5 8 13 3 10 10 10 8 13 13 5 5 8 0 5 8 5 3 0 8 10 3 0 0 5 8 13 3 13 8 8 8 10 5 8 8 0 3 5 0 5 5 0 3 8 0 8 0 10
1 0 0 0 8 5 10 8 5 3 0 10 8 3 3 8 3 3 8 8 3 5 5 3 5 3 8 0 8 10 5 8 5 3 10 10 5 5 0 5 5 0 5 10 5 10 0 5 3 3 10 0 0 0 13 0 5 10 0 0 0 5 5 8 10 0 5 0 5 5 5 13 5 0 0 8 10 8 0 8 8 8 3 10 3 0 8 8 8 0
2 0 8 6 0 2 2 3 2 5 5 2 8 5 3 6 6 0 6 6 0 2 5 2 6 5 2 0 5 5 5 3 3 3 5 3 2 3 6 6 3 5 2 6 5 2 3 6 3 6 2 3 5 0 5 2 2 8 5 6 0 2 6 3 8 6 6 3 3 6 6 0 6 5 5 6 0 5 5 0 2 2 2 2 0 5 2 2 2 2
2 2 0 6 8 5 0 2 2 6 3 6 0 6 6 5 3 6 3 8 5 6 8 3 3 5 3 8 3 6 0 0 5 6 3 8 6 6 0 5 5 8 5 2 5 6 6 5 2 0 5 2 8 5 6 0 3 6 6 5 2 3 5 0 3 0 6 5 8 6 6 6 8 5 2 2 2 5 0 5 2 6 2 3 6 6 6 3 6 2
2 2 0 0 6 3 3 8 8 0 6 3 0 8 2 5 3 6 6 3 0 5 6 2 2 2 8 0 0 2 0 6 8 2 5 3 2 8 6 3 3 2 2 0 2 8 3 5 6 6 5 5 8 6 5 8 2 6 6 0 6 6 8 0 5 3 5 6 6 0 5 0 6 2 8 5 0 6 0 2 0 5 0 6 2 2 0 2 5 6
2 6 6 3 0 5 2 8 0 6 2 5 2 6 2 3 8 5 3 6 8 0 5 2 3 6 8 2 6 6 0 3 8 2 0 3 6 0 2 2 2 8 3 6 5 3 0 2 6 6 2 6 2 8 3 0 5 5 0 5 2 8 6 3 6 3 2 5 3 5 0 8 0 0 0 5 6 6 0 2 3 2 3 0 3 0 8 3 3 2
2 2 2 5 8 0 8 3 2 6 0 6 5 2 0 3 6 3 2 3 3 8 5 2 0 2 5 2 2 8 3 6 0 0 5 5 6 3 6 5 5 8 6 2 5 5 6 3 6 5 5 3 0 0 3 2 6 5 2 3 8 2 0 5 5 0 8 5 8 2 5 2 8 8 5 6 6 6 2 3 3 5 5 2 2 2 6 5 3 6
2 3 6 0 6 0 0 5 8 5 6 6 3 3 3 5 2 3 3 0 2 6 0 3 3 2 8 3 3 2 3 3 0 0 5 3 2 2 8 6 3 3 0 6 3 6 8 8 6 3 8 5 8 3 3 6 6 0 5 8 6 6 2 6 2 2 5 3 3 0 3 6 5 3 6 2 6 5 5 3 6 5 2 5 8 0 0 0 0 5
2 0 2 0 2 0 3 0 2 2 3 6 5 6 0 6 0 5 2 6 8 0 0 2 3 3 0 0 2 3 8 3 0 5 2 2 5 0 0 0 2 3 6 8 2 6 5 0 6 0 6 6 2 5 6 2 5 2 0 2 8 6 0 3 6 0 5 8 6 2 6 3 8 0 5 3 8 0 6 2 8 6 3 3 2 6 5 2 0 5
2 8 5 0 3 6 8 5 0 0 8 6 0 8 3 5 0 5 3 0 2 2 2 6 5 2 0 2 8 6 2 3 3 2 5 2 0 5 0 0 2 6 5 6 2 5 3 3 0 6 3 6 0 3 2 8 0 5 6 2 3 6 5 5 6 8 2 6 8 6 5 3 2 8 8 3 5 6 5 3 5 0 8 0 3 5 6 3 6 5
2 0 3 0 3 2 0 2 0 0 2 0 0 5 2 6 3 2 0 8 2 6 3 0 6 6 0 0 5 6 8 6 6 8 6 3 2 6 6 5 5 5 6 2 2 5 2 0 2 0 3 0 5 2 6 2 6 8 5 6 2 8 3 6 3 5 3 5 5 6 6 6 6 5 2 6 6 8 3 3 8 0 6 8 8 5 0 2 0 6
2 5 0 0 6 3 5 0 3 2 0 3 5 3 0 0 8 5 6 6 6 6 0 6 3 5 0 0 5 6 6 5 3 3 5 6 2 6 0 3 8 3 0 3 6 5 3 6 5 0 2 8 2 6 5 5 5 2 6 8 6 6 0 5 0 3 5 2 3 6 0 0 3 0 6 2 5 0 6 5 6 5 5 2 3 2 6 6 0 3
2 6 3 3 5 2 6 2 8 3 2 0 3 3 6 6 0 8 6 5 0 6 8 6 0 5 6 3 2 0 2 5 5 0 5 2 6 5 6 0 6 5 3 2 0 2 5 2 2 5 2 8 3 0 5 2 0 2 5 3 8 6 5 5 0 6 6 8 2 0 8 3 5 6 6 3 5 3 0 5 2 5 3 6 0 6 3 5 5 0
2 8 0 5 5 6 5 5 6 0 3 5 0 0 8 6 3 6 2 8 8 2 2 0 8 5 3 2 6 0 2 3 6 0 0 0 0 2 0 3 2 8 6 0 5 2 2 0 0 2 5 5 0 2 2 5 6 8 8 3 6 3 2 3 3 2 2 3 3 0 2 6 0 5 2 3 6 5 0 8 3 3 8 0 3 2 3 2 5 3
2 3 8 6 3 2 0 6 3 6 0 5 0 0 8 6 5 2 6 0 3 2 6 6 5 8 8 5 8 0 2 8 3 8 3 2 8 2 6 6 0 6 3 8 0 3 0 8 5 0 8 3 2 5 3 0 6 5 8 5 3 3 2 0 8 3 0 3 5 3 5 5 0 8 0 3 2 0 8 3 8 0 8 5 2 5 2 0 8 2
2 0 5 2 2 5 2 6 6 5 2 0 3 8 0 0 3 0 3 0 6 2 6 3 2 0 2 8 6 3 5 2 3 5 5 0 6 6 2 3 6 0 6 6 6 0 2 6 2 5 0 6 2 2 6 6 3 0 2 0 2 6 8 3 3 3 6 6 0 0 8 0 5 6 8 3 3 6 6 8 5 5 3 5 8 5 2 6 6 5
2 5 3 0 2 0 5 5 0 0 2 3 2 6 2 0 3 6 5 0 0 5 3 3 6 8 3 6 5 0 5 6 6 3 6 5 3 2 3 2 2 8 2 5 8 5 2 5 3 0 3 5 6 0 2 8 6 0 3 6 8 2 5 6 5 2 2 3 3 6 5 3 5 0 0 5 2 0 3 3 6 2 2 8 8 3 3 3 8 8
2 3 3 6 0 3 8 2 6 6 6 2 6 5 8 0 0 5 5 3 3 2 6 6 5 5 0 0 5 5 3 2 8 2 3 6 2 6 2 3 0 3 0 6 0 2 3 5 3 2 6 5 2 0 5 2 3 0 3 3 0 5 3 3 5 0 3 2 0 2 8 3 3 8 6 0 6 6 5 3 6 6 3 2 6 6 2 8 0 6
2 8 3 6 5 2 3 0 3 2 5 5 6 0 6 2 2 0 6 6 3 5 0 6 2 2 6 0 3 5 5 3 3 3 0 2 8 2 5 0 3 0 6 0 6 5 0 6 2 8 8 0 3 8 5 2 2 6 2 2 3 0 3 3 6 2 3 5 3 5 0 0 8 2 3 3 3 5 5 8 0 6 5 5 2 2 2 3 6 2
2 0 3 0 3 3 0 8 6 2 6 3 3 3 6 3 8 0 0 6 2 8 0 5 2 6 5 3 2 0 0 3 2 6 6 5 5 0 0 6 3 8 8 3 5 5 0 6 8 8 0 5 3 5 8 2 3 0 0 2 5 8 5 2 2 5 0 0 5 8 5 3 3 5 5 3 3 5 3 2 2 0 3 2 0 3 5 3 0 0
2 2 2 6 2 6 3 2 5 5 3 2 5 5 8 8 0 8 3 0 2 6 0 0 6 2 0 2 5 6 6 2 3 2 5 2 6 2 5 3 2 6 2 2 5 2 2 0 8 6 5 5 3 3 6 6 2 5 6 6 2 6 0 3 3 2 3 6 6 3 5 3 6 6 8 6 5 8 2 3 0 6 5 8 0 3 2 0 5 5
2 2 5 6 3 2 6 6 3 0 2 6 3 0 0 2 3 3 0 0 0 6 6 3 3 2 0 8 6 2 6 3 3 6 0 2 8 0 6 0 0 0 2 6 5 2 3 3 0 5 0 8 5 6 8 0 3 2 6 3 2 0 0 8 5 5 3 6 5 2 2 0 5 6 6 3 0 0 6 8 5 5 0 0 6 6 0 5 6 2
2 8 3 3 8 6 2 2 3 8 6 3 0 5 5 0 3 5 6 2 5 0 2 6 2 0 3 5 2 3 2 0 5 5 5 3 6 2 0 0 2 2 2 5 6 6 6 0 2 3 2 0 5 2 6 2 6 0 5 0 5 2 6 6 5 6 2 0 0 6 3 0 0 0 3 2 2 5 5 0 3 6 0 3 3 5 3 6 5 0
2 6 5 5 0 8 3 0 2 5 6 3 8 2 5 2 2 5 0 6 3 6 0 5 0 6 3 0 3 5 5 3 6 3 3 0 0 3 0 3 5 6 6 6 8 5 3 2 2 8 6 5 0 5 0 5 8 3 5 5 3 2 2 5 8 3 6 2 2 5 0 5 0 6 0 2 0 3 0 2 3 2 6 3 8 0 0 8 0 3
2 2 5 0 6 2 6 8 0 5 6 0 6 3 8 5 5 5 0 0 3 3 8 0 0 0 0 5 0 6 5 6 6 0 3 6 2 5 2 8 5 3 5 5 2 3 6 5 3 5 8 8 5 5 0 6 2 0 0 2 6 3 0 0 0 2 3 0 6 2 5 6 6 2 5 6 5 8 6 2 2 2 6 0 8 8 0 2 8 8
2 8 6 3 0 8 6 0 6 2 5 3 5 0 2 6 3 0 5 3 5 6 8 3 0 5 3 3 0 3 2 0 5 6 6 2 2 6 0 5 8 5 2 5 8 6 5 0 8 5 2 6 0 2 6 6 8 3 0 3 3 2 0 3 0 6 0 5 3 5 3 2 2 6 5 2 6 6 5 3 5 5 2 5 5 0 3 3 0 8
2 5 3 0 3 5 2 3 2 3 0 2 8 0 6 3 0 2 3 2 0 6 6 5 6 0 0 8 3 5 2 6 3 2 6 5 3 5 2 2 6 5 5 5 6 3 0 6 6 2 2 3 6 3 6 6 5 8 5 0 5 0 3 0 0 5 6 5 0 6 0 2 3 8 6 8 6 8 3 5 0 0 8 0 0 6 0 5 5 6
2 5 0 2 3 5 5 6 6 6 5 5 2 0 8 0 2 3 2 6 2 6 0 2 0 3 0 2 3 3 0 3 2 8 8 0 6 3 3 6 3 3 6 5 3 6 0 3 0 6 2 6 3 0 8 5 0 6 0 5 6 5 8 2 0 0 5 3 2 6 6 8 3 2 6 3 3 0 2 5 5 0 3 6 2 0 6 6 6 3
2 5 6 2 6 6 2 5 2 3 3 0 0 8 2 5 0 3 0 6 0 8 6 3 0 3 8 0 2 6 5 6 5 6 0 0 5 5 6 2 5 2 3 5 5 2 0 0 3 5 6 5 3 0 0 6 3 2 5 0 0 0 6 5 0 8 0 5 0 6 2 2 2 3 0 8 3 3 3 5 0 3 5 6 8 5 3 8 0 5
2 3 3 5 3 3 5 6 3 5 0 6 5 3 6 6 6 2 2 3 3 3 8 3 3 6 6 2 0 0 3 6 5 6 5 2 0 8 2 3 0 2 6 6 2 3 0 6 8 2 5 5 6 0 6 2 0 3 8 6 0 2 2 0 0 8 0 2 5 6 0 2 3 6 2 3 0 5 5 6 8 6 8 6 0 8 2 0 6 6
2 2 5 6 6 2 8 5 0 5 0 3 3 2 2 2 0 2 3 2 2 3 8 2 2 0 6 5 0 0 2 0 2 2 2 2 5 0 0 2 5 8 3 6 6 3 0 3 2 5 3 6 0 8 3 6 2 3 3 2 6 6 3 5 8 0 0 8 8 3 8 6 0 0 0 5 3 3 0 2 8 0 0 5 2 0 0 3 2 5
2 2 3 3 5 3 8 5 6 3 0 3 2 8 6 6 5 0 2 6 3 3 5 6 6 8 0 5 2 5 0 3 2 5 2 5 6 6 8 0 5 5 3 2 5 0 2 5 3 2 2 3 6 2 3 3 5 3 0 0 3 2 0 8 3 3 2 0 0 3 6 2 8 5 0 5 2 0 3 2 0 3 5 6 8 2 5 2 0 3
2 6 2 6 0 2 3 3 5 3 2 6 6 3 6 3 5 3 6 2 0 2 2 3 8 6 6 5 2 8 6 0 2 0 5 6 3 0 0 3 0 5 0 0 3 6 5 0 5 6 5 3 5 2 2 2 0 3 3 2 5 0 6 5 3 3 6 6 6 3 3 5 3 3 5 2 6 2 3 0 2 0 3 0 6 0 5 0 3 2
2 3 0 8 6 3 2 0 0 2 5 0 5 2 8 0 8 2 6 3 6 3 0 0 6 5 0 2 8 6 5 3 0 3 6 8 3 0 0 5 2 8 8 5 6 2 5 2 5 5 3 6 2 3 8 0 5 2 2 6 3 2 3 0 6 0 5 0 2 8 2 5 2 5 5 6 5 6 2 6 2 5 6 3 0 0 5 0 3 0
2 5 3 3 6 2 2 0 3 0 6 2 0 5 2 6 0 3 5 5 2 0 0 0 8 6 3 0 6 3 2 2 3 0 5 6 6 5 6 6 8 5 6 0 0 3 6 8 0 5 5 5 6 3 0 3 0 0 6 8 3 3 5 6 5 3 2 3 5 3 6 6 2 0 6 5 5 3 0 0 2 5 3 0 6 5 2 3 6 0
2 3 6 3 0 5 2 5 5 5 2 3 5 0 2 2 3 3 5 6 2 5 2 8 0 5 8 5 0 0 2 5 5 2 0 6 6 0 3 3 0 5 2 2 3 6 6 6 2 3 3 6 2 2 2 2 6 2 6 6 5 3 5 3 2 3 0 8 3 5 2 0 2 3 6 0 3 2 6 3 6 3 3 0 3 0 6 3 3 0
2 3 6 0 6 5 0 0 2 6 0 2 6 0 6 2 8 3 5 5 3 5 3 5 0 3 0 8 3 6 2 5 8 3 5 0 3 2 2 0 0 0 2 5 0 0 6 2 3 2 0 8 2 0 5 6 2 3 8 0 3 3 0 6 0 0 8 2 3 5 2 2 8 0 3 8 3 5 5 5 0 5 8 0 2 5 2 0 8 5
2 8 2 0 5 3 0 0 2 6 5 6 5 8 5 2 3 5 5 2 5 5 2 3 5 3 6 8 6 3 3 5 2 2 3 3 0 5 3 2 3 8 2 6 5 3 3 2 8 0 6 5 2 6 0 6 3 2 3 2 3 3 2 0 5 3 8 6 0 6 6 5 5 8 0 8 3 3 8 6 3 0 3 0 6 5 3 5 0 2
2 0 0 0 5 6 5 5 0 8 6 3 8 6 5 2 8 2 8 6 2 6 2 0 6 0 5 2 2 0 0 6 5 5 3 2 3 0 3 0 2 0 6 2 8 3 8 5 2 3 0 3 2 8 6 5 2 5 6 2 6 6 5 8 0 3 6 0 2 0 8 2 2 6 6 8 0 0 6 5 0 2 0 6 2 3 3 3 3 0
2 2 2 0 6 3 6 0 2 3 2 6 3 2 0 2 3 6 5 0 3 0 2 5 5 5 0 6 3 6 6 3 8 6 6 2 3 0 0 3 5 6 8 0 3 3 5 8 6 8 0 0 0 2 5 6 0 2 5 3 6 5 3 8 3 2 6 5 5 5 0 6 2 6 0 5 0 2 8 5 5 0 6 5 0 8 0 3 5 5
2 8 2 2 5 0 0 5 5 6 6 2 3 2 3 0 2 3 6 3 0 2 8 5 2 0 5 2 3 0 3 5 2 2 2 6 6 6 3 0 3 6 3 2 5 6 6 0 2 3 0 6 6 6 5 8 3 0 5 3 3 6 3 0 2 6 0 5 6 3 2 0 6 2 8 0 8 5 2 2 8 6 2 5 5 5 2 6 8 8
2 2 5 5 5 0 3 5 2 8 5 5 8 3 3 3 2 2 6 2 6 2 8 5 8 5 2 8 2 3 0 0 2 3 6 2 5 5 3 2 0 8 0 3 2 3 6 2 3 0 8 5 2 3 5 6 2 2 8 6 3 6 0 3 5 3 2 5 6 2 6 6 5 8 5 5 6 2 3 0 0 6 0 8 2 0 2 2 0 5
2 2 6 8 5 3 5 6 2 3 6 6 2 8 5 5 3 6 6 0 2 2 3 5 2 3 5 6 2 6 5 3 6 2 3 8 6 5 6 5 6 0 8 0 5 3 3 2 2 6 8 6 0 5 6 0 6 0 3 6 2 8 2 3 6 8 3 6 0 2 5 3 2 0 2 6 0 6 6 5 5 8 6 3 6 0 6 5 6 3
2 6 5 0 2 6 6 2 8 2 5 2 3 2 6 0 0 5 3 3 5 0 0 8 5 5 3 5 5 5 2 2 2 0 2 8 8 6 2 5 5 6 0 0 3 3 8 0 5 2 0 5 0 8 2 6 8 6 2 0 3 8 0 5 0 0 0 0 6 5 2 0 5 5 2 5 6 3 8 0 3 3 5 8 5 8 5 0 0 5
2 6 2 0 6 6 5 0 0 8 8 6 0 8 5 5 0 8 0 5 3 6 3 8 6 5 3 2 5 2 6 2 2 2 0 0 8 6 3 5 5 5 5 0 6 5 2 6 6 2 3 5 0 6 0 2 6 0 3 3 3 0 2 3 5 2 0 6 5 8 6 2 2 0 0 2 3 2 3 2 5 5 5 6 5 8 8 6 8 0
2 5 3 6 2 3 2 0 5 5 2 6 6 5 3 5 5 0 3 2 5 5 0 6 0 2 2 3 2 0 2 0 6 3 3 8 2 6 5 5 2 2 2 3 0 3 6 5 5 2 2 6 3 3 6 6 5 6 3 6 3 5 3 2 2 3 8 0 2 2 3 5 8 2 5 5 6 0 2 5 8 0 2 5 6 2 8 3 2 2
2 3 8 2 3 2 3 6 6 5 0 5 3 8 8 5 5 3 5 2 5 2 0 2 3 3 2 3 6 6 3 2 2 6 6 2 3 2 6 2 5 6 3 0 6 0 8 5 5 2 6 3 5 3 0 5 2 3 6 0 0 0 5 2 3 3 6 5 6 2 2 2 2 8 6 5 0 6 2 0 3 0 5 2 5 2 6 6 0 8
2 2 8 3 2 0 6 2 3 0 3 0 2 6 3 3 6 3 0 0 8 3 6 3 2 8 2 3 2 5 3 3 6 3 8 0 8 2 5 6 0 5 3 6 5 3 0 3 6 6 3 5 0 3 2 8 5 3 6 3 8 2 5 0 8 6 0 0 3 2 5 3 5 2 0 6 5 3 2 6 0 0 6 5 0 0 6 6 5 5
2 0 3 5 6 2 0 3 3 3 6 3 8 6 0 2 6 2 2 3 0 2 5 3 3 5 0 0 5 3 0 8 0 0 6 5 3 6 3 5 0 0 3 6 5 6 5 0 6 2 6 6 2 6 6 2 2 3 2 2 3 3 2 6 5 5 5 6 0 0 2 3 0 8 3 3 3 5 2 8 3 5 3 3 8 2 6 6 3 3
2 6 0 6 6 6 8 2 5 3 2 5 6 5 5 2 5 6 5 3 0 8 5 6 6 5 8 5 5 5 3 5 0 3 5 2 6 0 3 0 3 2 2 6 2 6 5 6 0 3 0 6 8 6 0 6 3 2 2 2 6 5 3 3 2 8 0 6 5 3 6 6 5 2 2 6 3 2 6 5 6 8 3 8 6 0 2 2 8 5
2 5 6 0 0 2 6 3 0 6 0 3 6 0 3 8 0 5 6 0 0 0 0 6 0 5 2 0 6 3 2 2 2 6 3 6 2 6 6 3 8 3 3 3 0 6 6 2 5 0 2 0 2 6 5 2 5 2 0 0 5 5 2 5 3 2 3 8 8 3 8 2 5 2 8 3 6 8 5 5 2 2 3 0 6 0 3 3 6 6
2 6 6 2 0 3 2 2 0 5 8 6 3 3 3 6 2 8 3 3 3 6 6 6 5 6 0 3 5 6 5 2 2 8 3 5 3 2 8 6 8 8 2 0 3 5 6 6 0 0 0 8 3 3 0 3 6 2 5 0 3 0 2 2 6 6 2 3 2 3 3 5 3 5 5 6 5 3 3 0 5 2 5 2 3 0 5 0 3 3
2 2 0 5 5 3 2 2 3 0 5 5 2 0 6 2 3 2 5 5 6 8 5 0 6 8 2 2 5 5 8 3 6 2 8 0 3 6 5 6 6 3 3 6 3 3 0 6 6 6 2 0 3 6 6 6 0 6 8 2 6 5 3 5 5 2 5 0 0 6 6 8 8 2 2 6 2 5 2 5 3 5 2 6 0 2 2 5 2 0
2 0 8 5 5 5 2 2 5 6 0 8 8 5 6 5 0 3 0 2 6 0 3 3 3 8 6 3 8 5 0 3 0 2 6 6 3 6 3 5 6 5 3 6 3 3 3 2 0 0 0 2 0 8 0 3 2 3 6 2 3 6 0 3 2 8 3 8 2 5 0 6 6 6 5 2 3 0 6 3 5 2 8 5 0 3 2 0 5 3
2 8 3 2 2 3 6 2 5 0 0 3 3 0 6 5 2 5 5 8 0 0 5 0 0 6 0 2 0 5 6 2 5 3 2 0 0 3 8 0 0 0 5 3 6 6 2 3 8 8 5 6 5 0 0 6 5 3 2 2 6 5 5 5 5 0 2 2 5 2 2 5 6 2 5 0 5 6 8 2 6 2 6 5 3 6 0 2 2 3
2 6 3 2 5 6 2 6 6 0 3 2 0 6 3 5 5 6 3 2 5 5 5 3 3 5 0 3 0 6 6 0 0 6 2 6 3 6 0 3 3 0 6 0 3 5 5 2 5 6 5 6 8 8 0 0 5 3 8 8 6 6 0 3 3 2 3 0 5 5 2 8 5 8 3 3 6 2 3 2 6 3 5 8 6 3 3 6 5 0
2 6 6 6 0 3 0 2 8 3 6 0 6 5 5 2 0 5 0 6 2 0 6 3 0 6 6 5 5 3 2 5 6 3 3 2 8 6 3 6 5 2 8 0 2 3 0 8 0 5 0 0 2 6 0 0 6 8 6 5 5 8 2 0 3 6 2 2 2 8 0 6 3 2 6 3 6 6 6 2 2 5 0 5 2 6 8 3 3 5
2 2 2 5 0 0 6 0 5 0 5 2 2 2 0 0 0 5 0 5 3 2 6 0 3 0 2 2 0 6 3 0 5 0 5 2 5 2 2 2 5 8 3 5 0 2 3 0 6 2 6 6 8 5 0 3 0 5 6 3 5 8 5 6 6 2 5 6 5 2 2 2 6 0 0 8 2 6 5 6 8 5 2 3 3 3 3 2 8 6
2 2 2 6 2 6 0 6 6 6 6 5 5 2 0 2 0 6 5 8 5 2 6 2 6 2 2 0 2 2 2 3 6 0 2 3 6 3 5 3 0 6 6 5 6 6 5 5 2 8 0 6 5 5 8 6 2 0 5 0 6 5 6 3 3 8 0 3 0 6 2 5 2 5 5 3 6 5 5 0 2 5 3 5 0 3 8 2 8 5
2 0 5 0 8 0 5 0 8 0 8 8 0 2 2 6 2 3 6 5 6 5 3 5 6 8 0 0 6 5 5 0 8 2 2 0 5 6 2 2 3 0 2 5 5 5 2 3 5 3 0 6 6 3 0 3 5 3 0 5 6 3 6 5 3 5 0 3 0 2 3 3 2 3 0 0 5 5 3 0 5 3 5 6 2 8 0 6 3 3
2 5 6 2 8 5 2 2 8 3 5 6 6 2 6 0 6 5 2 5 6 0 5 6 3 0 5 5 5 0 8 5 8 3 2 5 2 3 0 5 5 8 6 8 0 6 5 5 5 2 5 0 8 6 5 8 6 8 0 0 2 5 0 5 6 3 5 8 0 8 3 0 5 6 2 5 6 2 3 2 5 6 2 6 5 0 2 6 3 2
2 6 0 5 6 5 6 2 5 6 3 6 2 0 0 3 6 5 6 0 6 5 6 2 8 2 0 5 3 2 5 0 3 2 2 2 5 0 5 6 6 3 5 0 3 6 6 3 0 3 2 6 5 3 2 5 5 8 0 6 0 8 6 8 5 2 3 8 5 3 8 6 5 6 3 5 5 3 3 3 2 2 3 3 6 5 0 6 8 6
2 3 2 5 0 0 0 0 3 0 3 3 3 5 5 0 5 5 8 8 6 0 0 0 5 5 2 8 0 0 0 6 5 6 6 2 8 6 2 2 0 3 6 3 3 6 5 2 0 3 0 5 5 5 5 8 2 5 5 0 0 0 3 0 3 6 0 2 0 0 3 0 5 0 5 8 6 3 6 5 2 2 2 6 3 3 6 5 2 3
2 0 5 8 3 6 2 5 0 2 3 2 6 6 3 3 2 0 6 3 2 3 6 6 0 3 8 2 3 0 5 2 5 0 2 3 3 8 5 0 8 5 2 5 0 0 5 3 6 5 5 5 2 6 3 5 5 3 0 6 2 5 0 0 3 8 8 6 6 3 2 5 6 5 0 6 6 3 0 8 6 8 2 0 5 6 2 0 6 5
2 5 0 3 5 3 0 3 5 3 2 2 5 5 0 2 6 3 2 5 6 8 8 3 6 2 3 8 6 8 2 5 3 5 6 0 2 5 3 2 0 6 2 3 3 6 3 6 6 2 6 5 6 2 0 2 5 3 3 8 0 3 8 0 2 8 3 2 8 2 5 5 3 8 6 2 2 3 2 0 3 8 5 3 3 2 2 3 2 0
2 0 6 3 3 5 0 0 6 0 8 2 0 8 8 6 0 2 0 2 6 0 0 0 5 8 5 0 3 2 5 6 8 3 8 3 6 8 0 2 2 2 5 0 5 5 8 2 0 3 3 3 6 8 5 5 0 3 2 5 5 5 5 2 0 5 0 0 0 6 3 2 2 3 6 8 6 0 8 8 3 8 6 5 5 0 6 2 6 2
2 3 6 3 0 8 6 5 5 2 0 5 0 6 2 2 0 0 6 6 0 5 6 5 6 5 5 2 0 8 8 5 6 6 0 2 6 6 3 2 8 5 2 0 3 0 2 2 6 0 5 5 3 8 5 3 5 3 5 2 5 8 8 0 0 0 3 2 8 8 2 0 8 2 2 3 8 2 6 0 5 0 5 6 3 8 2 5 5 3
2 5 2 0 2 2 8 0 0 3 5 0 5 6 3 5 5 5 6 6 2 6 6 5 2 3 5 2 0 5 5 3 8 2 3 3 0 6 2 0 0 6 5 5 8 0 6 8 6 0 3 5 3 6 3 2 6 6 0 3 6 2 3 5 8 2 0 3 8 5 0 3 3 0 6 5 8 8 6 0 5 6 3 2 3 0 6 6 5 0
2 0 6 6 2 6 6 0 2 2 8 2 0 0 3 6 8 8 8 0 2 3 0 0 6 0 6 3 0 3 6 2 8 8 2 5 3 2 5 0 6 5 0 0 8 0 2 5 0 6 3 5 5 2 0 2 3 5 0 0 6 3 8 3 6 6 6 0 5 0 2 0 0 2 6 5 0 8 8 3 8 5 0 0 6 0 2 8 3 3
2 2 6 2 2 6 2 5 2 2 5 3 8 0 3 5 0 0 5 6 5 3 5 5 8 0 0 0 3 0 8 0 0 3 0 2 5 5 3 0 3 3 5 0 6 6 5 3 6 2 3 0 0 6 0 6 6 3 8 5 5 0 8 5 2 6 0 0 0 8 3 6 5 5 3 5 2 5 5 3 3 6 5 3 5 5 2 2 2 5
2 6 3 6 5 6 2 2 5 2 2 6 8 3 3 5 6 3 3 6 0 6 6 2 2 0 2 5 8 2 6 3 5 0 5 0 6 0 8 5 3 6 3 0 5 5 6 3 8 8 8 0 2 3 2 2 6 3 2 3 0 2 6 2 2 6 0 0 2 0 3 2 3 5 6 3 3 3 2 3 5 3 0 2 5 3 3 0 6 6
2 5 3 2 6 3 6 5 0 3 3 6 6 8 6 3 3 6 6 8 0 3 0 0 5 3 2 5 6 0 3 5 5 3 2 6 6 0 0 3 3 0 3 3 0 3 5 6 6 0 0 3 2 5 5 2 2 5 3 2 5 5 8 5 3 0 2 8 2 8 0 6 3 5 6 2 0 3 2 0 8 8 2 0 3 3 3 3 0 6
2 6 3 8 2 6 3 0 6 6 6 3 8 5 3 0 6 5 2 0 5 5 2 6 6 2 3 6 0 2 3 8 0 0 3 0 5 5 5 0 5 5 0 2 5 2 0 6 3 6 5 5 3 3 2 3 6 3 0 5 2 2 2 2 5 0 6 5 8 0 6 0 8 0 8 3 6 5 8 6 6 6 3 3 6 2 5 2 0 5
2 3 5 0 6 6 0 8 6 0 8 3 6 6 6 2 0 3 3 5 5 8 3 0 6 2 6 5 5 0 5 0 8 0 2 3 6 2 3 3 3 0 6 6 6 3 6 0 8 2 3 0 5 8 0 6 6 2 8 0 8 3 0 5 5 2 0 0 3 3 0 2 0 6 0 5 5 3 0 3 5 6 3 2 0 5 8 3 3 2
2 5 6 8 3 3 5 6 0 3 6 5 0 3 6 5 8 0 0 5 8 3 0 5 6 5 6 2 2 8 8 6 6 3 5 2 6 2 0 6 6 6 0 5 2 0 6 6 3 2 0 0 0 3 8 6 6 2 5 6 5 6 3 3 6 8 8 0 3 2 3 5 3 0 0 2 2 6 3 2 5 8 3 2 6 5 3 5 8 3
2 0 3 8 0 0 5 0 6 6 5 0 3 0 5 8 5 2 3 6 6 0 2 3 5 2 8 0 5 0 2 0 0 0 3 2 5 2 5 6 2 5 3 3 3 2 2 2 3 8 5 2 5 5 5 6 2 2 2 5 0 2 2 0 6 6 6 6 0 6 2 3 5 2 0 8 5 0 6 6 3 0 3 2 2 2 3 6 8 6
2 6 5 3 6 3 3 6 2 2 8 0 5 6 2 0 6 5 0 0 0 3 5 3 5 6 2 6 2 0 6 3 2 2 2 3 5 8 0 2 3 0 8 0 0 5 5 8 0 5 3 5 8 6 6 0 5 6 2 5 0 3 5 2 5 2 2 2 2 2 3 2 5 2 3 0 2 5 0 6 5 6 8 0 0 2 3 3 2 6
2 2 3 2 8 0 3 2 8 0 0 6 0 6 3 8 6 6 6 8 8 5 2 5 3 0 0 0 0 0 5 8 0 6 3 0 0 3 6 5 2 0 3 8 5 3 3 0 6 5 3 3 3 2 5 3 2 3 5 6 0 0 6 0 0 0 3 8 5 0 8 3 0 3 5 2 0 6 5 2 8 6 6 6 8 3 5 8 5 6
2 0 6 3 5 6 3 2 0 5 2 2 0 5 2 5 5 3 3 5 8 6 5 6 0 3 6 5 5 3 2 3 0 8 2 6 5 3 0 0 5 0 2 3 0 3 6 6 3 6 3 2 0 8 6 6 5 6 5 6 5 6 5 0 6 2 6 6 3 2 5 8 3 2 2 0 8 0 6 5 2 0 0 2 5 6 0 2 0 2
2 3 3 6 0 0 6 2 8 5 2 2 5 5 3 2 6 2 6 6 6 6 3 3 3 5 2 0 5 5 5 0 5 6 0 6 3 5 3 3 6 2 5 5 3 0 0 5 0 2 3 2 8 8 2 8 2 8 2 6 6 8 6 6 6 2 0 6 6 3 2 3 8 0 3 5 2 5 0 3 6 6 8 3 6 2 8 8 2 2
2 3 5 2 2 5 2 5 3 2 3 6 2 3 6 8 2 5 8 5 5 5 0 0 5 6 0 0 3 5 5 0 0 8 0 5 5 6 6 2 2 5 2 5 3 6 8 6 3 6 6 6 2 5 0 2 0 2 6 6 3 5 5 6 2 2 6 3 6 5 2 5 3 0 0 0 6 5 3 0 5 8 5 8 3 0 6 8 3 0
2 6 6 5 3 3 2 0 3 6 0 3 6 2 8 0 2 0 5 5 2 5 5 8 5 0 2 6 3 5 2 2 2 6 5 3 5 0 0 5 8 6 0 2 2 2 2 3 5 2 5 3 8 2 5 2 6 0 2 0 5 5 0 3 5 2 2 6 3 2 0 0 8 6 3 3 3 5 0 6 0 2 0 0 0 6 5 5 0 0
2 3 3 0 3 0 3 8 0 0 2 6 6 5 3 2 8 6 3 5 6 3 3 6 3 6 3 3 3 0 2 5 6 2 5 0 2 6 2 0 8 5 0 6 0 2 2 5 2 6 6 3 6 5 3 6 3 5 2 6 5 6 3 3 5 0 0 6 6 6 3 0 3 3 8 5 6 8 6 0 3 0 3 6 8 5 2 3 5 6
2 3 2 2 5 6 3 0 8 6 6 5 5 6 5 6 6 5 2 0 5 8 6 8 5 0 0 0 6 5 3 2 5 6 3 8 2 5 0 6 5 8 3 2 2 0 8 5 6 2 6 0 2 5 3 5 3 0 0 0 5 5 6 8 0 0 6 2 2 3 0 8 5 6 2 6 6 8 5 3 0 5 0 2 6 6 0 6 6 8
2 3 5 3 6 3 8 6 5 5 2 2 5 3 0 6 2 2 3 2 2 3 6 0 3 6 6 5 6 2 8 0 3 5 0 5 3 6 2 5 6 3 3 6 3 6 2 2 2 3 5 5 3 2 2 3 5 0 3 8 2 2 0 3 3 6 3 3 5 8 5 5 0 5 6 3 3 3 3 0 2 2 8 0 2 3 0 0 0 8
2 0 3 8 2 0 5 2 6 3 6 0 0 6 2 0 6 6 0 6 6 3 3 0 2 3 6 0 3 3 0 2 2 5 5 0 2 6 6 6 8 6 2 6 0 0 6 6 6 6 3 2 3 5 6 5 5 2 8 2 2 6 3 3 6 8 6 2 3 6 2 3 3 5 0 0 2 3 5 6 0 6 3 3 0 2 6 2 3 6
2 5 5 2 5 6 3 6 2 2 2 3 8 0 0 2 6 6 3 5 2 0 6 2 3 5 3 3 5 5 2 2 3 0 3 8 3 0 3 0 3 0 3 6 8 3 0 0 5 0 2 5 5 6 3 8 3 0 3 5 6 2 6 5 5 3 0 5 8 3 5 2 6 5 5 5 2 2 6 0 6 3 5 5 3 0 3 6 6 8
2 0 5 5 0 5 2 8 2 6 6 3 2 0 3 6 2 3 2 2 8 2 6 0 2 6 6 5 3 3 6 2 6 6 5 8 3 3 0 5 5 6 0 5 2 3 8 3 5 5 0 6 6 3 5 5 2 0 8 3 6 0 2 2 6 0 0 3 2 2 5 6 0 3 6 3 2 5 2 2 5 5 5 3 5 5 0 6 5 3
2 2 6 2 5 5 2 6 0 0 3 6 0 0 2 6 0 3 0 5 0 0 5 2 2 0 6 3 6 6 8 3 5 3 6 3 3 2 3 6 5 5 3 6 6 5 3 0 3 5 6 6 2 8 2 5 3 8 3 0 2 0 5 2 5 2 8 2 3 2 6 6 6 6 3 3 3 0 2 5 0 8 2 0 6 2 5 0 2 5
2 2 8 2 6 2 3 3 0 2 2 2 3 5 5 5 0 6 2 0 2 2 2 6 2 6 0 8 0 6 2 5 0 5 0 5 2 0 3 5 3 8 2 0 3 0 8 5 6 2 6 5 2 8 5 3 5 5 0 3 5 6 2 2 2 6 0 0 2 0 0 2 3 3 8 3 5 5 6 0 8 6 2 8 8 2 6 3 0 8
2 8 0 2 0 3 0 0 0 2 5 2 5 2 3 3 8 6 8 5 3 5 6 0 2 2 6 8 0 2 3 5 0 6 5 8 5 5 0 5 6 8 2 2 5 5 2 2 0 3 6 0 6 8 2 3 6 2 3 0 0 6 3 3 5 5 2 0 0 8 2 3 3 5 2 0 6 3 2 3 3 6 6 3 5 5 0 0 3 0
3 0 4 8 5 9 9 8 0 3 0 3 3 0 1 1 6 8 4 0 9 0 1 6 1 6 6 1 3 5 1 0 1 5 9 8 6 0 4 5 8 8 3 0 8 8 3 1 8 8 4 9 8 1 8 0 1 8 4 0 0 6 8 0 4 1 1 1 6 6 8 3 0 0 8 3 8 0 1 8 0 9 5 1 0 8 0 8 6 9
3 5 0 9 3 6 5 4 8 8 5 4 1 0 8 8 5 5 6 8 5 8 8 6 5 1 3 8 5 6 9 6 3 1 4 6 1 5 5 5 5 4 1 9 6 1 6 4 4 5 6 4 3 6 0 1 3 6 6 6 1 3 5 1 4 8 6 1 0 1 6 6 1 9 0 6 9 8 1 9 5 4 0 0 5 8 1 6 1 4
3 5 6 0 0 1 3 0 3 4 4 1 5 5 5 3 6 9 8 5 3 8 0 1 3 9 6 9 6 3 0 1 4 1 5 3 3 3 0 4 0 8 6 0 3 1 5 0 8 0 5 3 5 8 0 6 4 8 9 3 0 6 6 1 4 6 9 3 1 6 4 3 3 3 0 0 3 8 3 0 8 3 5 0 1 3 1 1 9 6
3 8 0 5 0 4 5 0 4 0 1 1 0 9 8 6 3 1 4 8 3 5 0 9 1 4 3 6 3 6 8 5 4 9 0 4 8 6 1 8 6 3 8 0 0 1 0 4 5 3 1 4 6 5 8 5 4 9 3 0 9 3 9 5 9 8 6 5 1 9 3 0 0 5 5 0 5 3 4 5 6 0 4 1 4 6 5 1 6 0
3 1 5 0 9 0 9 9 3 4 8 3 0 5 0 5 6 4 0 8 3 1 9 3 3 3 4 6 5 4 0 1 9 6 8 1 8 3 4 4 6 0 5 6 8 4 1 4 9 1 3 1 6 5 8 3 9 6 9 1 0 9 8 6 6 6 8 4 5 1 6 1 3 3 5 1 6 5 1 9 0 3 3 3 4 1 6 6 3 8
3 5 5 5 3 8 0 4 1 9 1 5 0 3 8 1 1 0 5 6 1 4 6 4 5 8 8 8 9 0 1 4 6 1 5 5 0 8 6 5 0 0 8 4 3 3 8 8 6 0 8 5 3 4 8 4 6 5 3 5 6 6 9 8 0 1 4 0 3 8 6 1 5 1 0 1 6 0 1 3 5 8 9 1 4 5 1 8 0 4
3 9 1 5 0 8 9 0 0 5 9 0 1 8 0 4 5 1 1 1 0 5 6 4 5 0 8 1 0 1 5 5 3 1 5 3 5 3 3 6 9 3 4 4 8 1 1 6 6 8 9 1 6 1 1 5 4 4 3 3 1 8 3 6 0 1 9 8 0 6 5 4 0 1 6 5 0 5 5 6 8 9 3 0 1 1 6 3 5 6
3 0 3 3 3 6 1 0 0 1 6 8 9 9 1 8 6 0 8 8 5 4 4 5 4 3 6 0 8 8 8 6 4 0 6 1 6 4 6 6 3 3 3 3 6 3 8 5 1 1 8 4 0 3 8 1 5 6 6 6 5 0 0 5 5 1 1 9 1 5 8 0 5 0 0 6 1 9 8 3 5 1 5 3 9 6 4 0 8 8
3 4 0 0 6 3 0 6 4 0 5 3 9 6 6 1 1 9 9 4 1 8 5 6 1 8 4 4 4 0 0 0 9 0 0 0 8 6 1 6 5 8 0 4 9 5 9 8 0 5 6 4 6 4 1 1 3 5 4 1 0 8 0 3 0 3 5 4 4 0 6 1 8 3 3 4 5 8 8 4 9 3 9 1 6 4 6 8 5 3
3 3 0 1 4 1 8 8 0 9 0 6 0 3 0 4 8 5 6 9 6 0 5 3 1 5 4 6 1 1 9 8 9 8 6 9 8 0 5 9 1 0 0 5 3 4 1 6 1 0 4 3 8 1 0 3 5 1 8 0 3 0 1 8 4 6 4 3 8 0 3 8 8 5 0 5 1 6 1 9 1 0 1 0 1 3 0 0 1 1
3 6 3 6 6 9 8 3 1 0 1 0 6 9 4 6 1 5 3 4 6 8 1 0 3 8 6 6 3 1 3 5 9 4 4 4 8 9 3 3 1 4 3 4 8 1 6 3 4 3 8 5 8 3 5 1 6 1 3 1 5 6 5 4 9 5 6 3 9 8 0 5 5 4 3 8 3 5 5 8 3 9 1 0 5 5 3 4 6 8
3 8 4 3 9 3 8 1 8 9 1 5 0 1 1 4 8 1 1 8 4 1 0 3 5 4 1 0 3 4 0 3 3 8 1 8 6 4 0 1 8 1 0 4 9 6 5 9 0 5 4 8 4 3 5 3 8 6 4 1 8 3 4 1 5 8 8 5 6 0 1 4 3 5 5 4 3 3 3 6 6 0 4 6 9 3 4 3 8 8
3 0 4 1 6 3 4 8 3 1 3 0 8 0 1 1 1 6 8 8 1 5 6 0 0 0 6 1 4 6 1 5 3 5 1 3 6 0 6 5 3 6 9 0 8 6 1 3 4 3 6 3 9 6 3 3 3 6 3 9 0 5 9 0 9 0 0 4 4 8 0 4 9 4 4 5 8 4 9 4 0 1 5 4 4 1 8 8 1 8
3 8 6 6 0 0 3 5 0 8 1 9 6 4 0 6 3 6 8 4 3 4 3 5 0 4 3 4 1 6 6 8 5 4 8 5 8 0 1 3 8 8 8 6 5 5 1 5 6 8 4 9 6 0 3 3 6 1 5 5 3 3 0 3 0 4 9 5 9 5 5 1 4 1 4 8 8 8 6 5 4 5 6 3 4 0 8 3 3 5
3 8 5 6 5 6 0 6 3 0 3 5 5 9 0 0 1 1 6 9 0 6 0 8 0 9 4 6 4 3 6 9 1 9 5 6 9 3 8 8 3 5 4 3 6 6 8 4 6 1 1 6 4 1 5 6 3 0 0 0 1 3 1 1 6 3 6 4 5 8 8 4 3 4 1 8 3 6 3 5 9 3 1 6 9 3 1 3 3 0
3 5 3 8 5 3 5 3 9 9 5 3 1 0 9 8 0 6 6 0 6 6 4 0 3 3 1 5 8 0 6 3 6 1 3 4 3 0 3 4 5 6 3 8 3 5 5 4 6 6 3 5 8 1 4 0 8 4 0 8 4 5 9 1 3 9 0 9 4 0 5 8 1 8 5 5 0 6 1 6 0 8 1 8 5 6 8 3 8 0
3 5 8 6 6 6 4 3 5 5 3 0 3 3 0 8 0 0 9 6 0 5 8 1 4 0 3 3 3 4 0 5 6 3 5 3 3 3 3 6 3 5 6 6 3 6 6 4 8 8 0 4 8 1 8 1 1 8 6 0 0 0 4 4 1 6 8 8 9 9 5 4 0 1 4 3 6 0 8 1 4 9 0 5 8 8 9 4 4 8
3 0 5 4 8 4 1 1 5 1 6 8 0 0 5 4 1 5 0 3 6 9 5 9 9 1 1 0 1 5 5 3 0 8 8 1 9 4 8 3 6 3 0 1 1 5 9 6 4 4 1 6 3 0 5 4 0 1 0 8 6 8 4 1 0 1 5 0 0 6 6 9 3 6 5 3 0 6 4 5 8 3 5 5 5 1 6 0 1 1
3 3 5 4 4 9 5 0 5 0 6 4 0 4 8 5 4 5 1 0 8 6 3 5 3 6 6 5 0 5 6 6 6 6 3 5 4 3 1 0 4 0 0 1 1 4 1 4 1 9 1 6 1 8 8 6 0 5 4 1 5 4 3 8 4 8 0 0 1 6 3 8 6 1 1 3 0 5 8 1 4 0 3 8 4 3 8 9 0 8
3 5 8 0 6 6 5 1 4 3 0 1 8 4 4 9 5 1 1 1 0 6 9 3 6 1 0 5 4 6 9 0 9 3 6 8 0 9 4 4 0 6 5 1 6 1 0 0 3 5 8 6 8 6 5 5 5 1 0 4 4 1 0 3 4 0 4 4 8 4 4 3 8 0 3 3 3 4 6 8 1 1 0 4 6 1 1 9 4 1
3 4 5 9 3 4 8 5 0 9 0 5 3 5 1 4 8 4 5 6 3 0 3 3 0 5 1 8 8 0 4 5 5 8 3 4 9 1 9 3 1 8 3 3 9 0 1 0 6 6 8 0 8 1 6 6 4 0 8 3 0 1 1 4 0 8 4 5 3 4 3 5 6 0 4 0 0 1 3 6 1 4 1 5 4 0 1 0 1 5
3 5 1 8 1 8 8 4 8 4 5 3 5 9 8 0 0 3 0 4 4 1 0 4 5 1 5 4 3 3 4 3 6 4 4 6 6 5 1 3 3 9 0 4 9 5 3 3 0 0 3 1 8 8 3 9 4 3 3 8 6 3 4 3 8 0 6 3 3 4 5 4 9 6 0 4 3 5 9 9 1 1 4 0 1 1 3 1 6 5
3 4 9 4 4 3 6 4 9 8 0 3 1 4 4 4 3 8 3 8 4 3 8 0 5 0 6 0 3 6 4 5 3 4 0 3 5 8 3 6 1 6 3 3 4 8 5 8 5 4 0 1 5 1 4 0 9 1 6 1 0 6 4 5 4 8 6 4 5 4 9 1 5 1 6 9 0 9 4 9 1 8 5 6 8 3 1 1 3 4
3 1 4 6 5 1 6 6 1 4 8 3 8 3 1 4 3 0 3 8 3 9 4 1 0 5 3 3 9 4 0 0 0 0 4 3 0 3 8 1 4 0 4 3 0 3 9 9 4 5 3 6 6 3 4 0 3 1 1 1 6 5 3 6 9 5 8 8 3 4 6 1 3 3 9 8 4 8 1 4 0 0 3 1 6 1 1 8 6 1
3 1 4 9 3 1 5 3 5 4 4 6 6 8 0 4 8 6 4 3 0 6 0 0 1 0 8 5 8 6 1 8 4 4 4 5 8 1 8 9 8 0 5 5 8 4 3 5 1 4 3 1 1 1 1 4 8 1 1 3 5 3 4 3 3 8 4 1 5 0 1 0 8 8 3 9 6 4 1 5 4 1 4 1 4 9 0 6 6 5
3 0 5 8 0 3 3 3 5 3 6 0 9 6 8 6 0 8 8 5 6 5 4 6 8 6 0 1 0 0 0 1 1 6 9 1 6 6 0 6 8 4 6 1 5 6 4 5 3 3 1 6 8 4 3 1 0 0 9 1 6 3 6 9 8 3 5 0 6 5 6 8 6 5 5 0 1 6 0 1 6 3 5 4 1 0 9 8 1 8
3 6 8 9 8 1 8 1 6 4 0 3 4 8 9 3 4 5 1 3 1 4 4 5 9 3 8 0 8 8 0 6 8 3 3 1 4 9 0 8 1 3 5 0 9 0 8 0 8 9 4 4 1 6 0 1 6 4 1 8 5 5 4 5 4 3 1 8 1 8 1 0 5 3 0 0 3 4 4 6 8 5 6 0 5 4 8 9 8 8
3 1 5 0 5 0 9 5 6 3 5 0 1 4 5 3 1 4 8 5 9 8 4 0 8 1 0 8 0 4 0 0 8 8 3 4 9 9 4 6 0 0 1 5 6 0 1 4 3 4 6 0 9 6 5 9 0 6 3 6 4 5 6 5 1 0 0 8 0 8 8 6 8 8 0 8 1 6 6 4 1 1 4 8 4 0 1 8 3 0
3 5 3 6 6 3 0 4 1 4 9 0 1 0 0 0 4 5 9 1 3 1 3 8 8 5 3 9 4 0 4 4 4 3 5 4 1 8 6 1 4 8 3 6 1 8 0 3 8 8 8 5 0 0 3 4 1 0 5 6 0 3 3 6 0 4 1 5 0 6 5 6 1 1 5 1 4 1 8 6 5 8 0 0 1 3 9 8 8 3
3 8 3 4 0 6 0 0 3 6 5 3 3 8 6 3 1 1 0 5 6 9 0 8 3 1 5 9 0 4 0 1 9 8 6 3 5 5 5 0 0 5 5 4 5 3 9 8 0 1 4 5 3 6 5 6 4 1 1 6 5 1 0 6 6 5 8 5 4 5 5 3 4 1 4 8 8 5 6 1 8 1 3 8 8 4 9 5 4 5
3 9 1 0 6 6 1 9 4 8 1 5 0 5 5 4 5 0 4 4 3 3 9 3 4 0 4 6 5 5 6 0 3 8 5 0 5 5 3 6 1 0 1 6 1 5 6 0 1 6 6 6 4 4 8 3 4 4 4 1 6 3 9 0 0 5 1 1 8 6 8 4 8 8 3 9 1 1 5 3 3 4 0 0 4 4 4 1 4 1
3 8 5 3 5 9 1 8 8 9 4 3 8 1 6 0 4 3 5 0 3 8 3 3 5 4 0 0 3 8 0 3 0 5 9 6 1 3 3 3 3 4 5 3 3 9 0 3 6 0 8 6 8 1 6 5 1 5 6 0 8 0 6 5 0 9 0 0 6 6 4 6 4 8 3 8 0 5 0 1 1 4 8 0 0 5 5 5 0 8
3 0 6 4 0 6 3 4 3 1 1 5 6 5 6 6 9 1 1 9 4 0 4 8 9 5 4 3 9 9 8 3 0 0 5 3 3 6 5 8 4 3 0 0 4 3 3 3 4 0 0 8 0 0 3 4 4 6 1 6 0 6 6 5 9 6 3 4 8 8 8 4 6 3 5 5 6 3 5 6 8 3 6 5 5 3 6 8 3 1
3 1 3 8 5 6 6 0 0 4 8 0 0 9 8 5 3 0 4 8 6 5 8 3 9 6 6 1 1 3 1 0 1 3 0 0 5 3 0 1 4 4 3 9 9 1 9 1 6 1 4 0 9 4 6 6 9 8 1 8 6 5 3 1 4 6 5 4 8 4 4 8 5 4 5 3 4 3 8 9 0 0 6 4 3 1 4 5 1 6
3 8 6 0 4 6 1 1 9 0 3 6 1 9 6 8 5 3 1 5 5 8 0 4 3 1 4 4 5 0 4 0 4 6 3 0 6 8 3 1 4 6 8 4 8 8 8 3 6 1 0 8 1 6 6 8 5 6 0 1 5 0 5 6 4 5 9 8 0 3 1 5 4 8 3 9 5 8 3 9 1 9 8 1 3 0 9 0 9 9
3 3 5 4 9 5 8 9 9 4 5 3 0 4 3 6 9 8 8 3 4 6 6 8 3 6 6 4 9 8 4 3 5 9 5 1 0 6 3 1 5 4 0 1 1 5 0 4 0 6 9 6 0 0 8 6 3 9 6 8 9 5 6 5 6 0 3 6 3 1 8 1 0 3 6 0 4 3 0 0 1 4 5 6 6 3 8 6 5 0
3 1 3 4 8 5 3 4 0 4 3 5 5 3 5 4 6 3 3 0 1 5 4 4 5 8 6 0 5 6 3 6 1 9 8 8 6 0 8 5 5 5 4 9 8 9 5 5 4 4 3 3 9 6 6 8 0 9 8 5 3 5 0 3 0 6 0 4 0 3 0 6 9 1 3 3 5 5 0 0 1 6 5 5 4 5 8 4 3 6
3 1 5 6 8 1 5 6 1 1 9 8 1 0 9 3 1 1 6 1 8 1 5 8 5 5 5 8 6 3 8 9 5 3 9 0 1 8 0 4 5 3 1 4 6 6 0 1 6 6 4 4 8 0 0 8 8 0 8 5 5 1 5 0 8 1 6 5 0 5 9 5 6 3 3 0 8 3 4 6 0 3 1 6 6 5 0 9 6 0
3 6 1 8 1 0 3 0 8 9 0 4 8 4 1 0 5 0 8 9 0 6 4 1 4 6 3 8 6 6 5 9 0 6 6 6 0 0 5 0 0 8 0 6 6 3 3 1 0 6 4 3 0 5 1 6 5 1 8 4 1 0 0 5 9 0 4 8 0 0 0 5 1 0 0 6 8 8 1 4 6 8 0 5 1 8 6 6 0 8
3 9 9 0 1 3 0 8 6 8 4 8 4 8 8 0 9 5 8 6 9 5 6 0 1 4 6 8 8 8 5 6 3 9 8 1 8 1 8 8 0 8 0 5 5 1 8 9 1 1 4 5 1 5 1 9 1 9 1 6 5 6 1 3 0 6 3 0 8 3 8 6 6 0 0 1 4 5 4 6 4 0 5 3 8 0 5 0 5 8
3 6 3 0 1 0 9 5 8 5 0 0 1 8 0 6 6 0 8 4 6 3 5 4 5 8 1 4 6 3 4 5 6 0 6 9 0 0 4 1 3 0 3 3 3 1 4 6 5 8 5 0 3 0 0 9 8 1 8 5 4 6 3 8 1 5 5 9 0 9 0 4 0 4 1 1 5 5 4 6 1 5 3 0 3 4 6 8 4 8
3 1 4 1 1 1 3 3 0 9 6 8 3 6 4 0 4 4 4 9 3 0 4 3 1 3 3 1 3 3 0 8 8 3 6 0 8 4 1 5 0 4 0 1 5 5 3 6 5 0 5 1 8 6 6 8 8 9 3 1 8 8 6 0 9 5 8 1 1 3 4 5 3 1 5 6 0 4 0 1 1 4 5 4 6 1 3 0 3 3
3 3 5 1 8 6 4 4 1 9 0 5 3 0 8 1 4 3 0 4 0 9 9 0 4 4 1 0 5 4 5 0 5 3 0 6 5 4 3 4 0 8 3 0 8 9 3 4 8 4 1 3 3 1 6 0 3 0 5 6 3 0 3 6 6 8 3 9 3 0 3 5 6 6 8 4 8 8 6 8 3 3 5 6 1 8 3 3 4 4
3 5 9 1 4 3 0 5 0 6 6 5 5 0 9 3 4 9 6 0 3 4 4 1 1 6 4 3 0 8 6 1 5 5 8 4 4 6 5 0 0 6 8 4 0 1 9 6 5 1 8 8 1 8 3 4 9 1 8 8 3 6 5 0 6 0 4 0 5 6 0 1 8 0 3 8 1 6 6 4 5 1 9 1 6 1 6 4 6 6
3 1 4 3 1 4 3 5 3 5 1 1 0 1 3 5 5 3 1 9 5 8 8 4 3 5 0 3 1 8 8 8 0 0 5 4 6 1 6 9 6 6 6 6 5 0 6 3 8 1 5 9 9 0 5 4 6 4 9 0 0 0 4 6 4 8 1 6 1 0 4 3 0 4 3 3 4 3 3 6 3 4 0 0 0 3 1 6 4 1
3 5 6 8 3 9 1 6 8 9 0 3 1 8 4 4 9 4 0 8 4 1 6 8 4 9 1 8 5 4 0 8 6 5 8 4 8 6 5 0 6 5 0 1 8 3 0 4 1 3 4 4 5 1 1 6 4 6 1 3 6 0 0 8 9 0 8 0 8 3 0 6 4 4 4 0 0 5 5 3 4 4 8 3 1 1 5 1 8 5
3 4 0 4 1 1 3 5 3 3 0 5 6 1 0 6 4 4 9 4 8 0 1 1 3 5 9 6 8 1 0 3 5 6 0 1 5 3 4 4 4 1 1 9 6 1 8 0 3 6 9 1 4 8 8 0 1 0 6 8 6 6 3 9 8 4 5 3 4 1 9 6 1 1 6 1 1 0 5 5 4 5 5 1 5 4 3 1 8 1
3 3 1 3 4 0 8 8 4 8 5 1 8 5 8 4 9 8 3 6 0 9 0 1 5 9 4 0 4 6 3 9 4 6 1 4 6 4 0 6 3 0 3 0 8 5 4 0 0 4 6 6 8 9 3 5 1 1 6 9 1 5 0 5 5 3 0 6 3 4 9 8 9 9 1 6 8 1 6 1 1 1 1 9 5 5 6 0 5 0
3 3 1 9 0 1 5 5 4 8 9 5 0 5 3 8 8 8 0 5 3 9 5 1 3 8 3 5 5 3 1 0 6 5 8 1 6 8 1 1 1 8 8 1 9 8 8 3 6 0 8 8 6 4 3 4 4 8 9 8 4 6 6 6 8 9 6 6 3 1 1 1 4 1 1 4 1 3 4 8 0 4 6 9 6 5 4 5 0 3
3 1 8 6 9 8 5 6 1 1 6 3 1 6 0 6 6 0 6 6 8 8 0 0 0 8 9 8 9 6 0 3 9 6 0 3 3 4 5 8 9 9 3 6 8 8 4 4 0 9 0 6 1 3 3 5 4 6 1 1 4 5 3 6 4 8 6 4 3 3 4 0 4 5 0 5 3 5 6 3 1 8 3 6 1 4 1 0 3 4
3 6 3 1 3 8 5 1 5 1 0 9 8 0 1 3 8 6 3 8 1 4 5 6 0 6 4 3 8 0 1 4 0 1 1 1 4 6 0 5 3 8 3 5 5 8 5 1 4 3 9 0 8 3 5 1 9 3 9 8 0 8 8 3 1 1 8 4 8 5 3 6 0 4 1 3 0 6 3 3 0 0 5 3 5 0 5 0 9 5
3 0 9 3 3 5 5 0 3 8 0 3 0 3 0 1 0 6 5 8 6 6 4 4 5 3 4 8 3 0 5 6 3 8 5 6 0 6 4 8 5 6 8 3 3 4 8 1 8 5 1 6 0 1 3 3 9 9 3 5 5 8 3 5 0 6 4 5 3 1 0 3 5 8 8 6 3 0 4 9 4 4 5 0 1 0 6 5 9 8
3 0 4 8 4 4 5 5 4 0 5 4 8 5 5 1 1 0 5 0 1 5 1 5 8 4 9 9 1 5 3 4 3 8 4 0 8 5 5 3 8 4 8 4 1 6 8 5 1 5 3 5 6 0 1 6 4 0 6 1 6 3 8 5 5 0 3 5 0 0 9 0 5 0 5 4 0 1 3 5 1 3 9 5 8 8 9 5 5 8
3 3 3 6 1 6 4 9 3 3 1 8 0 0 5 6 4 5 1 8 8 9 6 9 9 8 6 6 8 5 5 6 4 6 4 6 5 3 8 4 4 4 4 6 8 6 8 4 3 4 8 4 6 3 0 0 8 3 9 6 0 0 0 5 4 3 5 8 5 0 6 4 8 6 6 1 3 3 6 6 6 8 6 0 5 3 0 8 6 6
3 1 3 6 1 1 1 4 5 3 0 6 5 8 4 1 4 1 6 0 0 5 1 4 3 1 3 1 5 0 8 0 4 1 5 1 0 1 5 1 5 1 5 0 3 5 0 8 0 0 0 9 5 6 0 0 6 8 6 5 0 1 8 5 5 6 9 8 9 1 8 8 6 5 5 6 0 5 6 8 0 5 8 0 6 3 8 6 9 0
3 8 1 1 6 6 0 1 9 1 4 8 6 4 5 0 4 8 9 1 4 8 0 9 5 5 8 0 9 3 5 6 5 1 0 3 6 0 5 8 0 4 3 4 3 5 5 1 6 5 0 1 3 0 5 5 0 4 1 0 1 3 8 5 0 1 9 0 3 0 0 5 5 1 1 6 3 6 9 4 3 1 0 0 4 3 9 5 3 3
3 1 0 3 6 1 8 1 9 6 6 4 0 6 5 3 9 5 0 4 3 4 4 9 6 4 3 3 8 3 4 4 4 9 5 1 3 4 1 0 1 5 5 8 4 3 9 6 8 5 4 5 9 5 9 4 4 0 8 3 5 5 0 1 5 6 0 5 5 9 3 3 6 3 4 1 6 1 1 3 5 4 3 6 4 9 3 6 3 4
3 3 1 6 0 0 6 8 3 8 0 3 0 5 1 3 5 5 5 6 8 8 3 9 8 6 8 1 6 0 6 3 4 4 3 8 1 8 6 6 8 8 3 0 6 4 4 1 8 6 3 9 0 0 8 4 1 4 0 3 4 4 0 0 3 0 9 1 4 9 9 6 8 3 8 5 3 3 5 1 5 4 8 5 0 5 3 8 8 1
3 0 8 3 4 5 1 8 8 0 4 8 5 3 8 6 1 1 8 8 3 6 3 6 9 8 0 3 8 8 4 3 8 4 1 6 1 0 0 8 1 9 6 8 0 6 3 8 6 5 0 6 1 6 3 3 5 1 3 0 3 8 3 3 4 3 0 0 3 4 3 0 5 8 8 6 8 4 5 1 8 1 0 6 1 5 9 6 5 3
3 4 5 6 9 3 6 6 5 0 3 8 4 4 3 3 0 8 6 1 3 1 5 1 3 3 3 5 3 6 3 8 4 8 4 4 6 0 4 8 8 8 6 0 1 4 0 9 8 1 1 6 4 6 3 6 8 0 8 3 0 8 8 8 4 4 5 3 0 0 8 8 3 6 1 4 3 9 6 8 8 0 3 8 1 3 4 4 6 8
3 0 4 5 6 9 6 1 6 8 6 8 6 9 4 0 5 3 1 4 0 3 6 8 6 1 3 5 0 3 1 9 1 1 5 4 4 4 8 5 4 1 0 8 5 4 3 6 4 5 8 6 8 8 0 9 0 5 0 1 4 0 1 0 1 1 0 6 1 4 5 6 8 0 0 1 0 1 6 0 6 4 0 0 0 0 5 0 8 8
3 3 6 6 3 3 1 0 1 6 3 8 1 4 5 0 3 9 6 3 4 5 4 0 4 8 5 0 6 5 0 9 0 0 0 8 8 5 4 1 6 0 8 0 9 3 1 5 6 9 6 5 6 4 1 1 3 1 5 8 3 1 0 4 8 6 4 9 1 0 4 4 4 8 4 4 5 4 5 4 6 1 5 1 4 9 8 4 6 0
3 9 4 6 6 8 9 0 0 1 0 0 1 3 9 1 4 0 8 5 3 8 8 3 8 1 4 5 8 4 1 5 5 1 5 6 0 6 1 8 6 9 3 4 5 0 1 6 5 6 6 1 4 5 8 0 8 0 1 0 9 4 4 0 1 8 9 4 9 8 6 3 6 5 1 5 8 1 5 6 0 4 4 4 4 0 5 4 6 8
3 6 6 1 8 9 3 1 1 1 1 5 8 3 1 3 1 6 6 1 9 3 6 8 0 9 6 4 6 0 3 9 8 4 0 9 0 3 5 6 3 6 3 8 8 6 6 6 4 0 0 4 6 3 5 1 1 4 3 6 1 4 4 3 0 4 4 3 6 8 3 0 6 6 1 3 0 1 9 3 4 4 0 3 0 4 0 4 4 8
3 5 1 5 3 1 8 6 5 0 3 4 6 3 3 3 6 0 8 5 5 3 5 5 0 4 1 5 0 8 9 4 0 3 3 4 5 0 1 9 1 0 6 4 0 3 9 0 3 0 0 3 5 5 6 6 4 6 0 6 5 3 6 6 1 0 6 5 0 3 1 0 0 1 3 0 0 3 0 8 1 6 1 4 5 1 3 9 1 3
3 1 5 0 1 3 1 0 5 1 0 6 0 0 0 5 1 3 1 6 1 9 4 6 6 0 5 1 8 5 0 4 8 6 8 4 3 6 5 5 5 5 6 5 6 4 0 8 4 5 5 6 1 9 6 4 3 4 3 8 8 3 0 4 8 0 0 1 1 5 8 3 8 3 3 3 5 8 3 3 3 1 1 8 8 6 3 8 9 9
3 6 4 1 8 4 8 5 3 3 8 3 3 9 4 5 6 3 3 3 6 8 8 1 0 0 1 4 1 3 3 9 0 9 8 4 8 8 6 6 3 1 6 6 0 1 3 9 1 6 1 1 4 1 4 4 8 3 8 8 4 5 1 6 3 4 1 0 5 9 1 5 6 5 8 4 6 1 4 3 8 5 6 5 8 5 1 4 9 4
3 0 1 3 5 1 4 4 6 3 0 9 1 3 6 4 8 5 3 4 5 8 0 4 1 9 6 5 6 1 8 6 6 0 5 8 9 3 0 0 9 8 6 5 5 5 5 5 5 9 3 4 4 5 3 1 3 3 5 0 6 5 5 5 3 5 3 0 0 3 3 1 3 6 1 0 8 1 5 0 9 0 1 0 1 0 6 5 3 1
3 5 3 9 4 1 6 3 5 8 8 1 3 8 0 8 6 3 0 9 3 8 5 8 1 1 4 0 1 8 0 0 3 8 6 1 1 0 1 6 3 0 6 1 6 9 6 5 5 1 1 5 5 4 1 5 1 5 3 8 0 5 3 0 8 4 1 6 4 0 3 5 4 0 6 6 9 6 6 3 3 4 6 3 6 3 5 3 5 6
3 0 8 5 5 4 5 0 4 4 3 8 4 5 5 8 4 5 8 1 6 0 0 3 5 6 5 1 6 0 8 8 5 5 8 9 6 8 0 1 5 5 8 8 6 4 3 1 5 6 0 6 4 5 1 5 4 6 3 0 5 0 3 5 4 4 4 5 5 4 0 9 9 8 0 4 5 6 5 4 5 4 9 6 5 4 5 4 9 1
3 0 3 6 6 4 4 5 6 5 0 9 1 4 1 5 5 4 3 0 1 6 8 8 1 1 5 9 8 1 9 6 8 4 9 6 3 0 1 6 6 0 3 5 4 8 8 4 6 8 9 3 4 5 4 8 0 9 8 4 6 3 8 4 9 1 9 0 8 6 6 0 6 5 1 6 4 4 3 1 8 4 1 0 5 8 5 0 3 3
3 8 6 8 5 4 0 3 5 0 8 5 9 3 0 3 4 0 6 3 8 4 4 1 5 3 0 3 3 9 0 0 0 6 5 4 5 6 3 0 6 3 4 0 3 1 0 3 6 6 5 5 5 1 0 5 8 8 6 1 1 6 8 1 8 9 6 5 0 8 9 0 0 3 3 0 8 9 0 4 1 0 1 3 6 6 9 3 9 4
3 5 8 8 6 4 8 0 9 6 0 4 5 5 4 5 3 6 4 1 4 1 9 4 6 4 0 6 5 3 1 4 0 3 6 8 5 0 5 1 0 6 1 3 0 3 1 3 6 5 1 3 4 0 6 6 8 8 9 6 5 4 5 8 3 5 3 0 5 0 6 1 3 0 0 0 9 1 3 4 6 9 6 4 0 0 9 3 3 5
3 4 4 0 8 1 0 4 5 8 0 0 8 8 1 4 3 0 8 4 5 1 3 0 4 8 1 1 6 1 5 9 8 0 3 0 0 4 1 5 9 0 4 6 3 4 1 8 6 6 6 6 9 9 0 1 6 6 8 5 1 8 1 5 1 0 9 3 0 5 0 8 5 5 0 6 6 1 1 1 5 4 8 0 6 4 0 6 5 5
3 1 4 3 8 5 6 5 3 1 0 5 6 5 6 3 8 4 8 6 6 6 5 4 1 1 9 6 5 1 3 9 4 6 6 6 1 4 4 1 0 5 6 6 9 0 6 1 6 5 3 8 3 6 6 1 1 8 5 9 9 6 8 4 5 9 5 4 4 6 0 5 8 0 8 0 8 1 1 3 3 1 3 6 1 5 1 4 8 3
3 3 4 1 0 3 5 6 8 3 6 1 0 3 6 4 5 6 8 4 8 0 3 5 1 5 8 5 8 0 5 8 3 1 3 5 4 0 4 4 4 1 4 1 9 0 9 3 0 1 9 1 1 1 6 6 0 9 5 3 0 1 4 1 5 3 0 3 0 3 1 1 0 9 6 4 0 0 1 0 3 9 6 8 6 1 0 6 3 3
3 8 3 6 6 6 1 3 0 3 1 0 4 0 8 1 0 1 3 8 4 5 6 0 5 8 0 4 3 0 8 5 5 4 0 4 3 8 6 3 6 5 1 4 0 6 9 8 5 4 8 6 3 6 4 8 8 1 9 4 8 1 5 0 1 1 6 9 8 6 8 8 3 8 0 6 5 0 4 8 0 8 5 6 0 9 5 1 1 3
3 4 3 8 3 0 5 1 8 9 8 4 5 6 0 6 0 0 3 1 1 9 3 5 5 0 1 4 3 1 6 5 4 4 1 0 8 6 3 6 4 6 0 4 6 0 8 3 3 8 6 5 6 1 1 1 0 3 1 8 6 6 4 4 8 1 0 4 0 0 3 6 5 8 1 8 5 6 0 0 0 8 3 1 1 3 4 4 4 9
3 4 1 0 6 9 1 5 5 4 1 8 6 3 8 8 1 3 1 0 6 9 4 6 8 6 6 5 5 0 1 0 3 3 3 1 3 8 4 8 0 0 4 8 1 5 1 1 9 8 3 6 0 0 0 8 0 4 3 6 5 1 1 8 0 8 4 3 9 0 6 1 8 6 8 0 3 9 4 0 0 0 0 3 9 4 3 1 5 1
3 0 6 8 1 8 6 5 4 1 1 9 5 1 3 1 1 3 6 5 5 8 5 4 4 6 4 8 8 5 0 8 4 6 3 4 3 8 3 5 4 1 8 0 1 6 8 4 1 8 6 8 6 5 6 3 3 4 8 1 8 3 0 5 8 6 5 1 8 0 0 5 3 4 1 3 8 6 8 4 0 3 9 9 6 1 8 6 1 3
3 0 4 8 9 6 5 1 3 1 4 1 3 1 9 1 6 3 8 5 8 3 8 8 0 6 3 4 5 5 6 6 3 3 5 3 5 3 4 6 0 4 0 4 5 0 6 9 4 4 6 0 4 6 6 8 3 5 4 8 4 8 4 5 1 5 1 5 6 8 8 3 3 8 0 4 0 3 4 4 1 0 5 5 5 0 4 4 0 8
3 4 1 9 4 1 6 1 4 5 6 8 3 1 3 1 5 5 1 3 5 6 5 6 4 3 6 0 8 0 5 3 3 5 4 1 3 3 5 0 0 9 6 1 3 6 6 5 4 5 4 9 3 3 9 5 4 5 8 1 4 3 8 3 1 5 1 5 8 8 6 1 8 8 9 5 1 8 3 4 9 5 0 0 8 0 3 6 4 4
3 6 5 1 3 6 6 6 5 8 1 6 3 1 9 9 5 8 1 8 0 1 4 3 6 6 3 0 5 4 0 5 4 0 4 0 1 4 6 5 1 3 8 0 5 8 4 8 0 6 0 1 5 8 4 5 0 5 6 9 0 8 6 9 5 1 3 4 1 5 1 5 9 5 4 6 3 3 8 1 3 0 8 0 1 9 6 0 0 5
3 5 0 0 4 8 0 3 6 6 5 1 4 6 0 5 0 6 5 0 0 5 1 8 3 8 3 9 1 1 6 6 6 1 1 5 8 6 4 9 0 3 1 3 3 1 5 1 4 6 8 8 1 9 1 5 3 3 6 1 0 5 8 8 5 6 5 6 3 6 8 8 3 8 4 4 6 3 6 5 0 6 3 4 0 5 9 1 3 5
3 8 5 3 9 3 3 8 0 5 0 4 8 0 1 3 4 6 1 1 6 1 1 4 5 8 0 5 9 3 9 6 6 8 3 0 8 6 8 1 0 6 8 4 3 3 1 6 4 5 6 4 1 1 3 8 9 4 4 3 3 5 5 8 0 6 6 0 1 4 6 1 4 1 0 4 8 4 0 3 0 3 4 1 8 0 0 3 0 1
3 8 3 3 0 8 8 4 6 8 9 9 4 4 8 4 5 5 5 3 0 3 4 5 8 3 9 6 6 3 0 4 3 1 5 9 0 6 6 3 5 9 5 3 3 3 0 9 3 8 8 1 8 1 5 8 1 5 6 6 0 6 0 0 4 8 8 4 1 5 4 4 4 9 5 6 8 0 3 1 8 6 0 1 8 6 0 1 4 3
3 9 6 1 1 4 5 1 4 8 6 0 3 9 9 1 5 3 4 6 1 1 5 1 1 3 5 4 6 6 1 6 3 5 6 4 4 3 8 3 6 0 6 8 0 6 9 8 9 6 3 0 3 4 8 1 8 9 6 5 5 3 4 4 3 6 8 4 6 3 5 8 1 1 8 4 3 1 5 6 4 8 6 0 0 3 0 0 9 6
3 0 0 1 3 1 0 0 8 0 5 0 3 6 6 8 4 0 9 8 1 4 3 0 1 5 4 0 5 3 3 0 5 1 5 9 0 5 6 5 5 8 4 3 3 6 3 1 9 6 9 8 5 1 8 6 3 9 4 6 6 3 4 0 1 0 0 8 4 5 6 6 5 4 0 6 3 3 6 3 6 4 6 3 5 8 3 5 0 8
3 1 9 3 6 1 1 4 6 4 1 0 5 6 5 0 5 3 6 0 0 9 6 4 0 9 1 8 4 0 9 0 0 4 4 1 0 9 3 4 0 4 3 3 5 9 5 0 3 4 8 5 3 4 4 4 8 6 0 3 3 5 5 4 0 9 3 5 3 1 4 3 4 8 9 8 1 6 4 8 3 6 5 3 6 1 4 8 9 0
4 0 1 1 0 3 4 2 3 6 0 2 4 3 1 1 6 1 4 3 0 3 2 2 4 3 4 3 0 2 6 0 2 3 2 2 3 0 3 1 3 1 4 0 2 1 6 3 4 4 3 4 3 3 0 1 0 1 4 2 2 1 1 3 1 0 1 1 3 2 6 1 4 0 0 3 1 4 4 1 4 1 1 0 2 1 3 2 3 4
4 1 0 2 0 4 3 4 1 0 2 6 6 2 2 0 2 3 0 1 0 6 4 2 2 4 6 6 3 1 1 6 6 1 4 4 0 1 2 3 2 0 1 1 3 0 1 2 0 3 2 1 0 2 6 3 0 1 3 4 0 2 1 2 1 6 2 0 4 2 0 4 2 3 3 3 4 4 4 4 1 4 2 0 4 4 4 4 6 2
4 4 1 0 0 4 3 6 2 1 6 4 3 3 4 3 2 1 0 3 6 0 0 3 3 4 2 2 3 2 1 2 6 0 1 2 2 1 1 6 1 3 3 0 3 3 1 3 4 4 4 2 2 2 0 2 4 0 3 0 1 2 1 2 6 1 4 1 2 2 1 4 1 0 1 3 2 1 4 2 2 2 0 0 1 4 2 2 4 1
4 2 4 4 0 3 0 4 3 3 2 0 4 3 3 0 1 3 2 2 6 3 0 1 4 3 1 6 0 3 0 1 0 2 6 6 6 3 0 4 4 2 1 1 3 0 1 2 1 3 0 4 0 0 2 4 2 2 1 4 0 4 1 2 0 4 4 1 3 0 1 2 4 1 1 4 2 1 2 1 0 6 3 4 2 1 4 6 6 1
4 3 0 1 1 0 1 6 6 0 0 0 0 6 0 1 4 3 4 6 4 1 3 2 6 1 0 2 4 1 3 0 3 0 4 4 6 4 0 2 1 2 2 2 4 4 3 3 3 4 2 4 0 2 0 0 3 1 3 6 6 3 4 1 2 2 1 2 4 6 4 2 0 0 0 2 1 6 4 1 4 1 3 3 2 3 1 3 2 1
4 2 2 1 1 2 0 2 1 4 3 3 6 4 0 1 3 3 0 1 3 1 1 4 2 0 3 2 3 1 0 0 1 1 1 6 3 1 4 3 1 3 1 6 0 4 3 0 0 6 4 3 1 4 1 3 6 6 3 6 0 1 4 1 3 1 4 4 0 4 2 2 0 1 1 6 3 4 0 4 0 1 0 0 6 2 2 1 1 2
4 6 0 3 0 1 1 0 2 4 4 2 1 0 4 0 3 2 3 2 0 4 2 4 2 2 4 0 1 4 6 2 2 0 6 1 4 2 1 3 6 0 3 1 4 3 1 2 2 4 0 6 1 3 3 6 3 2 1 1 0 6 2 0 0 0 6 1 2 1 1 6 0 0 1 0 0 4 3 0 2 0 3 3 4 4 1 3 2 1
4 4 1 0 1 4 4 1 0 1 1 4 4 0 4 1 1 4 4 0 3 3 1 2 0 1 2 2 0 4 6 3 4 1 0 2 2 1 0 4 1 4 1 2 3 0 2 4 3 4 0 1 3 1 0 0 1 4 1 1 4 1 0 0 4 4 6 3 2 4 4 1 4 6 4 3 4 2 2 6 4 1 1 1 6 3 4 3 3 6
4 2 1 1 2 4 3 3 4 0 6 3 0 2 2 0 4 3 3 6 1 2 3 4 3 2 2 2 3 1 2 2 1 2 3 4 4 1 2 4 4 1 3 3 3 2 2 1 3 2 0 6 6 1 6 4 1 2 0 3 0 2 2 1 6 3 3 0 0 3 4 1 4 3 1 3 2 2 0 1 2 1 0 1 2 1 1 0 3 6
4 4 4 2 0 3 4 1 1 3 0 1 2 0 4 4 2 4 4 0 0 3 1 3 2 4 1 3 0 4 2 6 4 3 1 2 3 2 1 4 0 0 3 2 1 1 6 0 4 1 0 2 6 0 3 3 3 1 0 4 4 2 0 1 6 3 1 6 4 0 1 1 1 4 6 0 4 1 1 3 6 4 1 1 6 0 3 3 0 0
4 6 6 0 1 1 6 1 4 0 6 0 1 4 1 2 2 6 6 1 2 6 0 1 0 6 2 0 4 6 4 0 2 1 2 2 1 2 4 4 1 0 3 0 2 0 1 1 1 0 1 6 1 6 3 3 3 1 4 1 0 2 3 2 4 2 1 0 1 2 6 2 2 6 2 2 2 1 2 1 1 6 6 0 2 6 3 3 1 6
4 6 0 0 4 6 3 2 0 4 2 4 0 4 1 2 1 4 6 6 2 6 3 4 2 3 6 0 2 2 6 0 6 4 0 0 2 2 3 2 4 6 4 1 6 0 1 3 4 2 4 3 4 1 3 1 0 0 1 1 0 3 3 2 2 0 3 2 1 1 3 3 3 4 4 4 2 4 1 4 3 6 6 2 0 4 3 4 3 0
4 0 3 2 0 3 4 0 6 4 0 2 2 0 3 1 3 2 1 1 3 4 6 2 4 3 2 4 1 0 3 2 1 1 3 3 0 1 6 3 0 3 4 4 2 1 3 0 2 3 2 1 4 4 0 2 3 4 1 0 4 0 3 1 4 4 3 2 2 6 2 1 3 0 3 3 1 1 4 0 0 3 1 3 6 1 4 0 0 3
4 1 3 4 3 1 3 6 4 2 1 4 1 4 0 0 2 2 1 0 2 3 1 4 1 4 1 4 4 4 3 1 1 3 4 2 1 6 4 0 2 3 0 0 2 1 2 3 3 0 0 0 4 4 1 0 3 1 0 1 1 4 1 0 1 2 3 0 2 3 6 4 1 3 1 0 2 1 2 4 3 3 3 4 6 4 4 0 4 3
4 0 2 0 4 1 0 1 0 2 3 0 0 0 0 0 4 1 0 0 1 4 6 4 0 2 4 2 0 1 4 0 3 0 2 4 3 1 1 6 1 0 4 4 6 2 0 2 4 4 0 4 2 4 1 6 2 2 2 4 3 2 4 2 1 4 6 0 2 0 3 1 3 2 3 2 3 0 0 0 3 0 6 0 1 2 6 0 2 2
4 0 0 1 1 4 0 0 3 2 3 3 1 3 4 2 0 1 3 2 0 1 3 1 2 2 3 3 2 4 4 1 2 3 3 2 2 2 2 2 1 2 0 3 2 2 6 1 4 4 2 4 1 3 4 6 3 4 2 1 3 2 1 3 3 0 0 6 1 1 1 0 1 0 3 1 2 2 0 2 1 3 0 1 2 4 1 3 2 2
4 2 6 1 4 0 0 3 0 3 6 0 1 2 1 6 0 0 6 2 4 1 2 1 4 0 3 3 2 1 0 1 0 0 1 2 3 1 1 2 6 6 4 4 4 0 2 1 4 3 4 2 6 3 4 4 3 1 4 3 2 1 4 2 2 4 4 0 2 0 6 3 2 2 4 1 2 1 3 1 2 0 1 0 4 4 1 0 1 1
4 4 6 0 1 0 3 0 1 0 0 2 6 0 0 1 3 1 0 1 4 1 3 3 4 0 6 6 0 1 0 6 1 4 2 2 4 4 1 4 1 1 4 0 2 2 6 4 0 0 0 1 6 4 2 6 6 4 4 3 3 0 0 2 2 1 3 3 2 3 2 1 6 3 3 0 3 2 0 2 3 0 4 2 4 3 3 1 2 4
4 3 6 6 0 4 0 1 0 2 2 4 2 6 4 4 1 2 0 0 2 3 1 2 2 6 3 1 2 3 1 4 3 2 4 4 0 4 0 0 3 3 3 3 4 2 3 0 1 0 2 1 0 4 0 3 3 2 4 4 0 2 2 4 2 6 2 6 0 1 3 1 2 2 4 3 1 0 2 2 3 3 4 2 3 4 4 2 3 4
4 4 3 0 3 4 4 0 2 4 3 2 3 1 2 4 1 3 0 4 0 4 1 0 6 3 2 4 1 0 6 4 3 1 3 4 4 4 4 0 3 3 0 4 0 4 4 3 4 0 2 3 4 1 6 4 2 1 3 2 1 0 3 4 2 4 2 6 2 1 3 0 1 0 3 6 0 4 1 6 0 3 4 2 3 3 0 6 0 3
4 3 4 6 3 4 4 0 3 2 4 1 3 0 1 2 4 1 2 4 4 0 6 6 2 1 1 0 2 4 1 3 0 1 3 6 0 1 3 0 4 3 3 1 6 3 0 3 3 2 3 1 3 0 0 3 2 1 1 0 3 2 2 4 3 4 6 3 3 0 6 1 6 1 2 2 4 2 3 2 1 3 1 3 6 3 3 3 0 3
4 4 2 3 2 4 3 1 0 6 3 1 2 0 3 3 1 4 4 2 1 4 0 3 0 1 6 1 2 4 4 3 3 0 1 3 6 1 2 2 6 0 6 6 1 0 1 4 3 1 2 1 2 0 3 3 4 1 0 2 0 0 1 3 4 2 0 0 0 4 4 1 4 0 2 0 2 3 2 4 2 4 1 0 0 1 2 4 6 1
4 2 3 3 3 0 0 1 1 2 1 3 4 3 1 4 0 4 4 0 0 3 1 0 1 6 3 4 3 4 6 3 1 0 3 2 0 0 2 2 0 1 1 4 3 1 2 2 4 1 4 1 6 3 6 0 1 2 4 2 2 4 0 6 1 3 4 2 4 6 0 3 2 3 6 4 0 4 0 6 0 2 3 0 3 3 6 6 3 2
4 2 0 0 0 2 6 2 2 2 1 2 0 0 0 0 6 2 2 0 2 4 3 3 0 4 1 4 6 4 1 3 3 4 3 2 4 1 4 0 2 0 6 0 4 1 4 3 4 3 3 2 1 1 3 0 6 0 1 0 4 0 4 6 6 0 2 2 3 1 3 0 0 4 1 4 0 0 3 4 4 0 6 3 0 0 1 2 4 4
4 4 6 2 0 4 2 3 3 2 6 4 4 1 2 2 6 1 4 4 0 0 6 1 4 0 6 3 1 3 3 4 1 3 1 1 1 0 6 0 3 0 3 4 3 6 6 3 0 3 0 1 6 4 1 3 3 6 4 1 0 3 6 1 3 1 2 0 1 4 0 2 0 0 1 3 4 6 2 0 4 3 1 6 3 4 1 6 6 1
4 2 4 4 4 0 4 6 2 3 4 3 3 0 2 1 0 1 4 2 2 3 0 6 3 3 0 0 6 4 3 2 0 4 3 3 4 3 2 3 0 0 4 2 1 1 0 1 0 2 0 6 3 2 0 3 2 2 1 3 1 1 0 4 3 4 3 3 4 1 2 2 3 4 2 2 2 6 1 2 2 4 4 1 4 2 3 6 2 3
4 2 4 1 3 1 4 3 3 3 4 6 6 0 0 1 3 3 1 2 1 2 0 4 4 1 3 0 4 4 0 6 0 6 1 3 2 6 1 3 0 4 3 3 4 3 1 3 4 3 2 2 2 4 2 0 4 1 6 0 4 6 6 1 1 0 3 1 4 4 2 6 3 1 4 1 2 3 1 3 4 2 2 3 3 3 3 4 2 3
4 0 0 4 4 3 2 2 0 1 4 3 1 2 4 2 1 4 0 0 6 6 1 2 6 3 1 4 0 1 2 1 4 0 0 4 1 6 2 3 1 3 2 4 3 0 2 1 1 6 4 4 4 6 3 0 1 0 3 4 4 4 2 3 4 4 1 4 3 0 3 2 2 2 0 1 3 2 3 0 2 2 1 4 0 4 0 4 2 2
4 0 3 2 3 0 4 4 2 2 2 3 0 0 1 1 3 3 3 2 6 1 2 4 2 2 3 0 0 0 1 0 3 0 3 2 4 0 0 4 3 1 0 6 0 3 4 2 6 2 3 4 4 0 0 0 4 3 0 2 1 4 1 4 1 4 4 0 2 1 3 1 2 1 4 6 3 4 0 1 1 1 0 4 3 4 0 3 4 3
4 4 4 6 0 1 6 2 4 1 0 1 2 3 3 2 1 6 2 6 3 4 2 2 6 1 0 1 1 1 0 2 1 2 1 4 6 4 2 3 2 4 2 1 4 3 0 6 0 1 4 1 4 4 1 1 2 2 6 2 2 1 4 2 1 3 1 3 3 0 1 6 0 1 1 0 4 4 3 4 1 4 1 0 0 0 4 6 6 6
4 2 0 1 0 0 2 0 3 4 1 1 2 1 2 2 3 1 4 1 4 4 3 2 1 6 2 6 6 3 3 0 0 3 3 1 6 4 1 1 1 2 3 6 1 4 3 0 1 4 0 3 1 2 1 3 4 3 3 3 6 1 2 3 4 1 1 4 0 1 3 0 3 0 2 6 1 6 4 2 4 4 1 3 3 3 0 0 2 2
4 0 4 0 1 2 0 0 4 3 6 1 1 6 0 6 0 3 4 6 4 6 0 4 2 3 1 3 2 1 2 1 0 0 6 1 3 3 2 0 2 2 3 0 0 4 2 0 1 1 2 4 2 2 3 2 1 6 2 3 4 4 0 2 4 1 2 3 3 0 2 2 0 0 2 3 1 1 3 6 3 2 1 3 4 1 0 0 1 2
4 1 4 1 6 1 2 0 4 1 6 6 1 4 4 0 0 1 4 3 0 2 1 2 4 3 3 4 4 3 4 3 4 0 0 3 1 0 3 0 1 2 2 4 1 3 0 3 1 2 0 1 1 1 2 2 4 0 4 3 1 1 4 4 1 1 0 2 0 1 1 6 4 0 4 1 1 3 1 2 4 0 0 2 6 1 4 1 0 3
4 4 2 3 3 0 2 3 0 2 1 0 4 4 6 4 4 0 1 3 3 2 2 1 1 4 4 3 3 1 0 2 6 2 0 0 4 2 0 4 1 2 2 6 1 0 0 3 0 1 4 0 2 2 3 2 4 1 1 4 1 2 2 0 4 4 4 6 0 4 2 4 2 2 6 2 6 2 1 0 6 1 1 4 4 4 4 0 6 4
4 1 6 0 0 4 0 1 0 3 0 0 3 6 2 1 1 6 0 6 0 0 3 0 4 4 3 2 3 2 3 4 0 6 0 0 6 1 2 4 3 3 6 3 3 4 4 3 4 1 0 0 1 4 2 4 4 6 3 4 4 0 3 3 0 0 1 6 4 1 6 2 1 2 1 4 2 4 4 1 1 0 2 0 4 4 1 4 4 0
4 3 4 3 3 6 1 1 3 2 3 1 6 1 2 0 3 3 3 3 4 6 3 1 1 3 4 2 3 2 0 3 0 3 3 4 0 0 1 4 2 2 0 3 2 2 3 4 3 4 1 0 0 2 3 3 4 0 3 1 0 3 1 3 3 3 2 4 3 4 4 4 2 6 4 2 4 4 1 3 2 3 1 2 2 6 1 3 0 3
4 0 4 6 4 4 0 3 0 2 6 1 2 4 3 0 6 2 0 1 4 3 3 2 3 0 2 2 3 1 0 2 0 0 0 1 1 0 0 6 2 4 1 1 1 4 6 4 2 3 2 3 3 4 0 4 4 0 2 1 6 6 3 1 4 0 4 1 1 2 0 0 3 2 3 0 4 3 1 4 4 1 4 0 0 0 4 2 6 0
4 2 1 0 2 6 3 0 6 2 3 0 1 3 4 0 3 1 4 3 2 6 2 3 1 1 0 4 6 4 3 1 2 4 0 2 0 0 0 4 3 0 6 4 4 1 4 4 3 2 6 4 4 0 4 4 4 2 0 3 1 4 1 6 1 6 0 0 2 3 3 0 2 4 2 4 4 1 2 0 1 3 0 4 2 3 6 1 1 1
4 1 3 6 2 1 3 4 1 4 6 3 2 4 3 3 1 4 3 1 2 1 6 4 3 0 1 1 2 4 4 2 6 4 0 0 3 2 2 0 2 1 3 4 6 1 6 0 6 4 3 6 0 4 4 3 4 4 6 1 2 4 3 3 2 0 2 6 3 4 4 4 4 0 4 4 0 3 1 2 4 4 0 3 1 2 3 1 3 0
4 0 2 0 3 3 1 3 4 3 0 0 0 0 4 3 1 3 0 2 6 6 3 1 3 1 1 4 1 3 1 1 2 2 4 2 0 3 1 4 0 2 0 1 3 4 2 1 2 1 4 1 3 1 3 2 4 3 2 2 4 1 4 3 6 1 3 1 2 4 2 1 1 3 0 1 3 2 1 1 6 0 3 4 0 3 3 4 1 2
4 3 4 3 0 3 1 4 1 6 0 0 2 4 4 3 4 1 2 4 2 3 1 0 3 0 1 2 1 2 3 2 4 2 2 0 1 3 1 3 4 0 0 4 1 2 6 0 0 3 3 0 0 4 3 2 0 3 4 2 0 6 3 3 3 4 4 0 2 4 4 0 4 1 2 3 4 2 0 4 2 0 0 2 0 2 0 1 4 2
4 6 6 0 3 3 3 3 4 6 0 2 6 6 4 2 3 3 0 4 2 6 4 2 4 1 1 4 2 4 3 4 0 3 1 6 2 4 1 2 4 2 0 1 0 4 3 3 0 2 2 2 2 4 4 6 6 2 0 1 0 0 0 3 1 1 4 3 1 2 0 0 3 2 1 0 3 4 2 0 2 4 2 2 6 6 0 1 0 0
4 0 6 2 4 3 0 0 3 3 3 4 0 0 0 1 3 0 3 4 4 2 2 1 2 0 1 1 2 0 3 6 2 3 3 2 1 6 1 4 4 0 3 0 2 3 1 1 2 0 2 2 0 2 6 3 2 4 3 4 0 1 2 0 4 6 1 1 0 0 3 1 1 0 2 1 6 2 3 1 1 2 3 2 2 1 0 1 2 4
4 3 2 4 2 1 1 3 2 1 4 4 6 3 0 6 0 6 0 1 0 3 6 1 6 2 3 4 2 1 2 4 0 2 4 2 2 4 4 4 6 1 2 1 0 1 4 3 0 0 1 4 4 4 2 1 4 4 4 2 3 0 3 1 4 3 0 0 3 1 4 3 6 1 1 1 4 0 1 1 0 0 0 1 2 2 4 0 6 2
4 4 3 4 1 3 1 4 2 3 0 3 4 3 0 0 4 4 1 0 0 2 0 6 4 0 3 0 3 3 4 6 4 3 1 2 6 0 3 4 0 3 2 2 3 0 4 4 2 4 3 6 0 2 4 3 0 2 3 0 3 2 0 4 4 0 1 4 6 2 6 2 3 4 2 3 2 2 2 2 0 6 6 3 0 2 6 4 0 3
4 6 3 4 0 1 3 4 4 4 1 1 4 1 4 0 2 6 0 1 0 6 3 6 0 2 1 4 1 2 2 1 0 0 1 3 6 1 2 3 4 1 4 1 2 4 0 6 0 4 3 1 0 0 4 0 1 2 4 1 1 6 2 0 2 2 6 0 2 3 4 6 1 1 3 0 3 0 0 2 0 2 6 4 0 3 3 0 2 2
4 3 2 0 2 1 2 1 4 2 0 3 2 2 2 1 3 3 6 1 2 0 3 6 6 1 0 1 6 0 0 0 3 3 2 1 3 2 3 4 4 3 1 3 4 0 2 0 6 0 2 1 6 0 6 2 3 1 4 2 3 6 2 3 4 3 2 2 4 1 1 4 4 4 2 2 1 6 3 2 4 3 3 2 4 3 4 6 1 3
4 2 1 3 2 1 2 1 6 6 1 4 2 4 3 3 1 2 0 2 0 6 3 3 2 4 1 0 1 4 1 0 2 4 2 6 4 6 1 3 1 6 1 2 3 1 1 2 0 2 6 6 3 3 1 2 1 4 4 6 4 3 4 0 3 4 2 0 4 2 2 4 1 3 1 0 2 2 1 1 1 2 2 1 6 6 1 3 6 0
4 4 0 2 3 2 0 4 2 0 0 2 3 2 6 0 0 4 4 1 1 1 1 3 2 2 1 2 0 4 4 6 4 3 1 6 2 0 2 0 2 2 2 0 0 2 0 4 4 0 1 2 3 1 0 2 4 6 3 4 1 0 0 3 1 0 1 2 1 1 4 3 4 3 2 4 1 1 3 3 2 2 3 2 0 3 6 2 2 0
4 6 4 0 0 0 0 4 1 2 1 6 2 4 6 3 0 0 0 6 1 0 1 4 4 3 0 4 1 0 0 2 3 4 4 0 0 4 4 3 0 2 3 4 4 0 0 4 1 6 0 1 3 2 0 0 0 0 2 1 6 1 3 3 0 2 2 4 1 6 0 4 0 4 1 0 1 6 1 2 1 1 4 2 2 4 1 2 2 2
4 1 2 4 6 4 2 2 2 1 1 4 3 2 3 4 1 4 0 2 1 6 1 4 0 2 1 0 0 4 1 0 4 1 1 3 4 4 3 3 3 0 4 1 2 4 2 4 4 2 0 0 0 0 0 1 4 3 3 4 1 0 6 3 3 1 0 1 4 3 0 2 3 6 3 1 4 6 4 2 0 2 1 0 6 4 3 4 1 0
4 3 0 0 4 2 2 1 3 6 3 3 4 1 1 1 3 3 0 1 2 3 4 0 0 0 1 4 4 3 1 0 6 1 0 0 0 1 2 2 6 4 4 6 2 6 0 2 6 4 0 1 0 6 6 0 2 3 0 0 4 0 0 2 3 3 0 3 3 2 4 6 0 6 3 6 1 4 4 1 1 4 4 3 4 1 3 3 3 2
4 4 6 0 6 3 2 1 0 3 0 4 2 0 0 2 3 1 3 1 1 1 6 2 1 2 2 4 3 3 1 2 1 0 3 4 6 6 4 0 2 1 6 1 1 0 3 4 1 4 1 1 1 0 4 0 2 2 3 2 3 3 0 0 2 1 4 1 2 1 2 0 3 2 3 1 2 6 3 3 2 1 3 0 0 2 4 1 2 3
4 2 3 1 0 2 4 3 0 3 2 1 1 1 3 2 2 0 1 3 1 2 2 6 0 2 2 3 1 0 2 2 6 1 2 6 3 3 4 2 0 4 4 3 4 0 3 2 4 0 1 0 4 1 0 4 6 3 1 1 0 2 1 1 4 0 6 0 6 1 2 1 2 3 3 0 3 0 6 1 3 4 1 4 4 1 3 0 3 4
4 4 6 0 2 0 2 6 3 6 3 2 2 1 4 2 2 1 2 1 0 3 1 4 0 4 4 4 2 2 1 6 1 3 3 2 1 2 2 2 2 0 0 6 3 6 0 0 1 1 1 4 2 4 0 0 6 2 1 3 1 1 2 0 6 6 2 1 1 3 2 2 4 2 2 2 2 2 2 3 4 1 0 3 3 1 2 4 6 0
4 2 1 4 0 1 2 6 1 6 0 3 4 3 2 2 3 1 1 1 6 1 3 6 0 3 6 1 1 2 0 6 4 1 2 4 4 2 4 2 3 0 3 1 1 6 2 3 2 1 1 4 0 0 0 2 0 2 2 0 2 0 3 1 4 6 0 4 3 4 4 4 2 0 6 2 6 2 6 0 3 0 6 0 6 3 4 6 0 6
4 2 4 0 1 1 0 0 3 1 2 3 4 1 6 4 0 0 1 4 0 3 0 4 6 0 2 2 3 4 3 2 2 0 3 2 0 6 4 0 2 1 4 1 0 2 0 4 4 0 4 1 4 1 1 1 2 0 4 0 3 4 4 2 4 1 4 0 3 1 2 0 1 0 1 0 0 6 0 0 1 3 0 4 2 0 4 4 1 0
4 2 2 0 0 3 0 0 0 4 3 3 1 3 0 4 6 2 2 4 0 2 4 0 1 1 1 2 1 4 3 3 4 6 2 3 0 3 2 2 2 3 2 1 3 0 0 0 0 0 0 2 2 0 4 2 0 6 0 1 2 1 1 2 4 4 1 3 4 0 1 6 3 3 0 1 2 3 2 1 3 1 4 4 3 3 1 2 4 1
4 6 6 0 1 6 4 6 4 6 2 0 2 4 3 1 3 4 4 3 6 4 3 3 4 1 0 0 4 0 3 0 2 0 3 2 2 0 0 2 2 4 4 0 2 1 2 1 0 0 1 0 0 1 3 1 0 2 0 0 4 2 1 2 1 2 1 0 4 6 0 4 4 0 2 0 1 0 3 4 2 6 2 4 3 4 3 6 2 3
4 2 3 4 0 3 0 1 6 1 3 0 2 0 1 2 0 6 0 2 3 4 0 4 2 3 4 0 6 0 2 3 3 3 0 2 6 3 2 6 3 6 2 3 0 2 2 4 4 0 2 4 2 2 1 1 2 0 1 3 0 0 0 0 3 1 0 2 3 1 0 0 4 1 1 1 3 2 3 0 4 0 6 4 3 0 3 4 0 4
4 1 1 4 1 1 2 0 2 0 0 2 6 2 2 0 4 3 0 2 1 4 2 2 2 1 0 0 2 3 3 0 0 4 2 4 3 1 0 1 0 3 2 2 3 1 6 3 2 0 4 2 1 0 0 1 4 3 0 4 3 0 0 6 2 1 0 2 4 1 1 2 1 1 2 2 0 6 2 1 3 2 0 0 1 1 4 0 2 1
4 1 1 0 1 4 1 3 3 0 1 4 6 0 2 0 0 1 1 4 1 0 4 1 3 2 3 6 3 4 3 4 1 1 1 4 4 6 0 0 0 3 3 0 1 2 6 1 2 1 1 2 2 2 0 4 6 6 0 0 2 2 0 0 4 6 6 4 0 2 1 4 1 1 1 6 4 6 3 3 6 4 0 0 3 1 3 1 2 1
4 6 4 3 4 3 2 1 4 0 3 4 2 2 2 0 6 2 3 6 0 2 6 1 1 0 0 1 4 2 4 4 2 3 4 3 1 2 2 6 1 1 1 2 4 1 0 6 1 1 2 2 6 6 6 0 1 3 1 3 4 2 3 0 0 4 2 4 3 2 4 2 3 0 0 1 4 0 0 1 4 2 0 3 4 2 4 3 4 0
4 0 2 6 3 3 4 6 4 2 4 6 4 3 1 0 2 3 0 3 2 4 1 3 0 6 0 4 4 1 6 1 3 1 2 6 6 1 0 3 0 0 4 0 2 2 4 1 0 4 1 2 4 1 3 3 0 6 1 4 1 0 4 3 0 4 6 3 3 2 2 3 0 0 2 2 4 2 4 1 6 4 3 0 0 1 3 4 1 1
4 3 0 1 3 3 1 0 6 1 1 1 1 3 0 3 1 3 6 2 3 6 0 2 3 3 2 2 2 2 0 0 3 1 1 2 1 1 4 2 1 3 6 3 4 0 2 4 4 1 2 1 2 1 1 6 1 4 1 2 2 1 0 6 1 0 1 4 1 6 1 2 3 4 4 1 1 6 6 4 0 0 3 2 1 1 1 2 6 1
4 3 2 1 0 2 0 3 1 2 3 0 4 1 1 2 4 3 4 3 0 2 4 0 2 3 3 1 4 1 1 2 1 1 3 2 4 4 3 0 0 4 2 6 1 1 4 2 2 0 6 4 6 1 6 2 4 1 2 0 2 2 3 0 3 2 0 0 4 2 0 4 3 1 1 1 1 1 1 1 0 0 0 0 3 1 4 3 3 3
4 1 4 0 3 1 2 2 1 4 0 4 4 2 6 4 4 6 2 0 3 0 4 2 6 1 3 4 0 1 6 4 1 6 0 0 0 0 6 0 2 6 6 1 2 4 1 4 1 0 1 1 1 1 4 4 3 2 6 6 1 0 6 3 4 3 6 0 0 0 6 0 1 1 0 0 0 1 3 6 1 0 4 4 4 6 4 0 1 4
4 2 1 0 0 6 4 2 2 4 4 4 0 0 3 0 3 6 0 4 4 2 0 1 0 2 1 2 0 6 4 0 1 4 0 1 3 0 6 2 3 4 2 0 0 4 6 3 0 2 4 0 3 2 4 4 2 0 0 2 4 1 3 2 3 3 2 6 0 0 4 0 6 2 3 3 0 1 3 6 2 3 0 2 2 2 1 4 2 6
4 3 1 3 3 1 3 3 2 0 0 0 0 6 3 4 4 0 3 6 2 0 0 4 6 3 3 1 2 0 3 0 1 1 0 0 1 2 1 1 6 4 4 1 1 3 4 1 1 2 1 0 0 1 2 4 1 4 3 3 1 4 3 1 4 1 0 6 2 0 4 0 3 1 4 3 1 3 4 4 1 6 3 3 6 0 4 2 3 4
4 3 1 4 4 4 2 0 3 1 1 1 2 4 4 2 0 4 1 1 4 0 0 3 0 1 3 2 3 3 1 3 4 2 0 2 3 0 1 3 4 4 1 2 0 0 2 6 0 3 1 2 0 1 3 4 3 2 3 1 0 0 1 6 0 2 4 1 6 3 0 6 0 6 1 4 2 1 0 0 0 2 1 0 1 3 4 0 2 6
4 3 6 0 2 1 2 1 1 0 4 4 0 4 3 1 1 2 6 2 4 3 2 4 6 2 6 2 1 1 2 2 1 2 4 2 4 0 0 1 3 0 4 0 3 1 3 0 0 4 2 0 3 0 0 0 3 4 4 6 0 0 0 4 3 4 2 0 4 2 1 0 4 3 4 1 2 3 3 6 2 1 4 2 4 2 1 0 0 6
4 0 2 4 4 2 0 4 2 3 0 1 4 4 1 4 4 3 2 1 0 6 2 3 4 4 0 3 0 1 2 2 1 0 2 3 3 0 0 3 4 2 0 0 4 3 2 4 2 3 4 1 0 6 4 6 2 3 2 1 4 6 1 0 1 4 2 3 3 0 1 1 0 2 0 1 6 0 0 3 3 0 4 3 0 3 3 4 6 2
4 2 4 4 1 2 1 6 4 6 4 2 1 2 2 4 3 0 6 2 0 1 0 4 6 3 4 4 3 2 4 1 2 1 3 2 2 3 4 6 1 3 3 0 6 4 3 3 4 1 0 2 3 3 3 4 1 3 2 3 0 2 0 0 0 4 1 0 3 3 3 0 0 0 3 4 6 3 1 0 4 0 0 0 3 2 6 2 3 2
4 3 1 2 6 2 0 0 1 2 6 1 1 0 3 4 4 2 4 2 2 2 2 4 3 0 4 3 0 2 1 3 1 0 6 6 2 3 4 0 3 2 3 6 0 0 1 3 4 0 0 2 3 2 1 3 0 3 4 3 1 2 4 3 1 4 4 4 2 0 1 6 4 2 0 2 6 1 1 1 1 4 1 1 2 4 4 2 6 3
4 4 0 6 3 4 3 3 6 2 1 0 1 2 1 0 4 2 2 4 2 2 0 2 4 4 6 3 6 0 4 2 1 4 3 4 4 0 6 1 6 1 4 1 1 3 3 3 3 2 2 2 2 0 0 4 4 2 4 2 4 0 4 2 3 1 6 1 2 0 0 0 2 0 1 0 2 2 4 6 4 2 4 3 3 3 6 1 2 6
4 1 3 1 2 0 3 4 3 0 2 1 2 4 0 6 1 2 3 6 4 0 0 3 4 0 2 3 3 4 4 6 3 0 1 2 3 1 1 4 4 2 6 1 3 4 3 4 4 0 6 4 4 3 3 2 1 3 4 4 4 3 1 3 1 4 3 6 4 2 6 1 4 4 2 0 0 4 6 4 3 3 6 4 4 0 3 0 1 6
4 3 1 6 3 1 1 0 3 4 3 1 3 4 1 0 3 6 4 2 2 3 4 4 6 4 0 4 1 0 3 3 1 0 2 2 1 3 6 1 4 4 0 1 6 6 0 2 3 2 6 3 4 3 4 4 0 4 6 4 3 6 1 1 0 1 0 1 3 0 1 2 1 0 4 0 0 0 6 4 0 2 0 2 4 2 2 3 0 1
4 2 0 2 1 2 4 0 0 2 4 3 4 1 6 3 2 6 2 3 0 3 1 3 1 2 4 3 4 1 3 6 1 6 6 6 3 4 4 0 3 3 2 2 1 4 2 2 2 3 4 1 2 1 4 1 4 4 4 3 3 2 2 3 0 4 3 0 2 1 1 3 1 6 1 4 2 1 0 2 2 2 2 4 2 2 4 0 3 4
4 1 0 4 1 0 0 0 3 0 4 6 0 0 3 4 2 0 1 2 4 0 3 1 2 6 1 3 0 3 1 2 2 4 4 2 0 2 2 2 3 0 3 4 3 1 3 6 4 2 2 1 2 4 4 4 0 4 4 3 3 3 6 6 1 1 6 3 4 0 2 3 4 3 0 3 4 6 2 0 1 6 1 6 6 2 2 1 4 2
4 0 2 3 1 3 4 0 1 0 0 2 6 0 4 3 2 1 0 6 4 1 4 2 2 1 0 4 3 6 4 4 6 3 3 3 3 2 0 0 3 3 0 1 4 3 4 2 1 2 4 4 4 1 2 6 0 1 2 6 2 1 0 4 6 4 0 6 0 4 2 1 1 1 1 4 2 3 0 4 0 2 4 1 4 0 3 3 3 4
4 2 4 0 0 4 1 3 1 2 3 6 4 4 4 2 3 1 4 2 0 2 1 0 0 2 1 1 4 3 2 4 4 3 3 2 0 6 1 3 4 1 0 1 6 3 4 0 4 4 2 4 1 0 2 1 0 0 3 0 4 4 1 2 1 4 4 1 1 1 0 4 0 1 0 3 2 1 3 3 0 0 2 4 2 1 6 2 1 3
4 1 0 1 4 1 0 3 4 0 4 1 2 3 4 0 2 0 6 2 4 3 1 3 3 6 1 6 4 3 2 1 0 3 2 3 3 6 1 0 3 3 3 1 4 0 2 3 0 2 2 2 3 0 6 6 2 6 6 4 4 2 0 2 2 2 4 3 2 3 1 0 4 2 2 0 1 6 4 1 3 1 0 6 1 0 4 4 6 4
4 4 1 2 1 4 0 0 0 4 0 1 0 2 4 3 0 0 0 1 2 1 6 4 0 2 0 3 1 6 3 6 1 4 4 0 4 0 6 3 1 4 0 2 4 0 2 0 0 2 1 3 0 2 3 0 3 4 2 2 1 0 4 6 4 0 6 2 2 3 4 3 2 4 4 1 3 3 1 6 3 1 1 0 4 2 4 2 0 2
4 2 1 1 1 4 3 0 4 3 2 1 4 4 2 6 4 1 6 6 4 3 1 3 1 1 1 1 2 6 3 1 0 1 0 0 0 2 6 1 2 4 4 1 4 1 4 0 3 0 0 4 3 4 1 6 1 3 0 4 4 1 3 0 3 2 6 0 3 3 4 6 1 4 6 1 0 4 6 0 2 6 2 2 0 6 4 4 4 3
4 0 6 2 0 4 0 0 0 1 3 1 2 4 4 1 0 1 4 3 4 4 0 3 2 3 1 1 4 0 6 0 0 1 4 1 6 3 0 4 0 6 4 3 0 6 2 0 1 1 6 4 0 4 3 1 6 4 4 1 2 2 1 0 1 3 3 6 2 2 2 2 1 3 1 0 2 1 2 6 4 4 1 0 4 0 2 0 3 1
4 3 3 3 6 2 1 3 6 0 4 3 4 4 1 0 1 2 4 1 3 0 2 3 4 4 1 6 1 1 4 3 4 1 4 1 3 6 2 1 1 4 4 2 0 1 4 0 0 2 1 4 4 3 1 2 3 1 2 2 2 3 4 4 2 1 1 4 6 3 0 1 0 3 2 4 3 2 1 6 6 2 1 3 1 6 0 3 4 0
4 3 2 1 0 6 1 1 2 6 2 4 3 1 3 1 2 3 3 2 6 0 2 6 0 3 3 2 1 1 4 2 2 3 3 2 3 1 4 2 2 2 1 0 2 6 4 0 0 3 3 2 1 3 4 1 4 1 1 1 1 0 4 4 1 3 3 0 6 4 0 6 6 3 1 4 0 0 1 6 4 2 0 4 0 4 1 0 4 4
4 6 3 2 3 4 3 2 1 4 2 0 3 4 4 6 3 0 2 0 1 1 3 1 0 1 3 2 2 1 4 3 2 0 4 0 3 2 1 1 2 0 1 0 1 0 3 4 0 0 1 0 3 2 4 3 1 3 0 1 3 6 3 1 3 4 2 2 4 2 4 2 4 3 3 4 3 2 4 3 1 4 6 2 3 0 1 2 0 4
4 2 4 2 0 4 2 6 0 3 4 6 0 1 4 0 3 1 1 4 1 0 4 1 3 1 2 4 1 1 4 2 3 4 0 1 3 2 3 0 2 6 0 0 0 0 3 6 1 2 1 6 0 0 0 2 6 3 3 1 2 4 4 4 4 3 2 1 1 2 6 3 1 1 0 2 6 1 0 4 1 4 3 0 4 0 3 2 1 0
<end>