<number of tasks>
89
<number of stations>
12
<type of the robots>
4
<cost of the robots>
1 5.20
2 5.81
3 5.95
4 7.53
<task times>
1 73 88 197 77
2 67 107 114 230
3 56 65 133 82
4 110 100 161 110
5 123 134 138 137
6 104 67 96 90
7 63 96 150 169
8 108 86 151 78
9 69 81 69 70
10 90 120 61 102
11 58 112 87 125
12 50 146 114 147
13 46 60 79 57
14 104 88 113 81
15 75 115 224 206
16 69 155 146 121
17 42 77 57 118
18 79 103 108 167
19 65 74 99 62
20 77 79 176 117
21 54 76 94 88
22 96 124 49 80
23 50 64 188 58
24 60 67 104 82
25 152 153 141 187
26 110 212 89 139
27 112 162 121 73
28 73 191 118 219
29 108 98 69 104
30 62 83 244 74
31 73 174 103 85
32 46 81 156 68
33 110 162 128 80
34 133 193 97 139
35 62 117 99 114
36 67 76 136 94
37 194 89 145 108
38 58 71 126 58
39 117 84 79 81
40 89 162 106 186
41 83 217 89 207
42 69 129 161 69
43 117 71 118 76
44 60 95 92 118
45 75 74 86 110
46 56 86 104 82
47 146 102 109 173
48 67 110 156 90
49 42 48 74 70
50 98 158 193 113
51 98 117 116 88
52 98 64 160 76
53 71 58 128 92
54 135 126 148 118
55 104 55 71 60
56 71 129 96 109
57 56 100 114 120
58 104 77 106 199
59 63 79 109 66
60 146 167 103 104
61 62 71 87 117
62 52 71 72 130
63 156 203 176 72
64 89 114 91 58
65 54 108 92 70
66 50 67 67 72
67 65 124 124 116
68 58 83 96 89
69 100 96 103 135
70 50 60 92 97
71 92 71 114 66
72 160 93 244 112
73 81 60 89 86
74 63 189 244 161
75 62 124 108 210
76 83 243 101 104
77 56 119 54 52
78 79 74 116 69
79 54 65 62 54
80 85 191 101 186
81 67 231 180 97
82 187 132 97 100
83 135 84 146 68
84 63 153 145 66
85 123 93 94 72
86 83 98 114 86
87 42 117 99 90
88 63 53 161 133
89 67 53 89 70
<precedence relations>
1,2
2,3
3,4
4,5
4,6
4,7
4,8
4,9
5,10
6,11
7,12
8,18
9,18
10,14
11,12
12,13
13,14
14,15
14,16
15,17
16,54
17,18
18,19
18,20
19,22
20,21
20,28
21,54
22,23
23,24
24,25
25,26
25,27
25,29
26,37
27,33
28,29
29,31
30,54
31,32
32,33
33,34
34,35
35,36
35,37
36,38
37,38
38,39
39,40
39,41
39,42
39,43
40,44
41,53
42,53
43,45
44,52
45,46
46,47
47,48
47,49
49,50
50,51
51,52
52,53
53,68
53,69
53,70
53,71
54,55
55,56
56,57
57,58
57,59
57,60
57,61
57,62
57,63
57,64
57,65
57,66
58,67
59,67
60,67
61,67
62,67
63,67
64,67
65,67
66,67
67,73
68,72
69,72
70,72
71,73
72,78
72,80
73,74
74,75
74,76
75,77
76,81
77,78
78,79
79,81
80,81
80,87
81,82
81,84
81,85
82,83
83,86
84,86
85,86
86,87
86,89
87,88
87,89
<setup time between tasks by robots>
1 0 6 8 0 2 2 6 8 4 6 2 0 4 6 10 8 0 6 0 2 0 0 4 6 4 6 4 4 6 2 6 0 8 2 8 8 4 4 4 0 6 0 8 0 2 4 4 2 4 2 0 4 2 0 8 4 8 2 0 4 6 6 2 2 4 2 6 10 6 6 6 4 6 8 6 6 2 6 6 10 4 0 2 4 8 8 2 6 4
1 8 0 4 8 6 4 2 0 4 10 6 0 0 2 0 6 6 0 0 0 8 4 8 4 0 4 0 0 4 4 8 10 0 6 0 6 10 8 4 4 10 0 6 10 0 0 4 6 0 0 2 2 8 0 6 4 10 0 8 2 8 8 6 0 6 6 6 4 0 8 2 4 0 6 8 10 6 4 6 6 8 2 0 10 8 2 6 8 6
1 0 8 0 8 0 6 0 0 8 6 10 6 2 2 6 2 4 4 2 4 2 8 6 4 4 4 8 4 10 2 4 2 10 4 0 2 6 4 4 8 0 2 4 4 2 0 8 10 2 6 6 10 0 8 6 8 2 0 0 2 10 2 0 2 0 0 4 0 6 0 10 0 4 2 8 8 8 8 10 8 0 6 8 0 4 2 8 0 6
1 4 2 6 0 8 8 0 8 6 6 4 0 4 10 6 10 2 2 4 10 2 0 8 0 6 2 0 4 8 0 8 0 0 4 2 0 6 8 4 4 8 8 10 2 10 6 4 8 0 10 10 4 0 10 8 6 2 8 6 8 4 8 4 2 6 0 4 8 2 6 0 2 2 2 0 6 8 4 2 4 2 10 2 4 8 0 2 4 4
1 6 4 6 0 0 0 8 0 2 6 2 4 4 4 4 0 0 4 6 4 10 8 6 4 8 0 0 8 0 0 6 0 0 2 8 6 6 10 6 10 2 8 2 6 2 6 4 2 8 10 6 0 8 4 2 8 0 6 6 8 8 4 10 6 8 4 0 8 2 8 10 2 6 10 4 8 6 10 4 0 0 4 2 8 8 2 8 2 0
1 10 6 8 4 10 0 4 4 2 0 4 4 0 0 2 2 4 0 2 10 4 0 0 0 8 8 2 6 4 4 8 8 6 0 6 0 6 4 2 2 0 2 8 4 4 4 4 0 2 4 0 2 0 6 0 4 0 10 6 8 6 6 0 8 4 2 4 4 2 6 2 6 4 4 4 0 8 2 2 6 8 10 0 2 4 6 0 0 0
1 4 10 6 2 6 2 0 8 8 2 2 2 4 2 4 8 6 0 2 0 2 6 4 6 0 8 8 4 6 8 6 0 2 2 0 0 8 8 8 2 10 0 6 0 4 6 4 8 8 10 4 2 4 6 0 4 8 2 0 0 6 8 8 6 8 2 10 8 8 8 8 6 0 2 2 0 8 8 2 0 10 4 10 8 0 2 8 4 8
1 0 10 2 4 8 6 6 0 0 2 4 8 6 6 6 8 6 8 2 4 6 8 8 8 6 8 6 10 4 0 0 10 6 8 0 2 0 0 8 8 6 8 6 6 8 6 4 2 4 2 2 0 4 8 8 6 4 4 0 6 0 10 0 6 2 4 0 2 6 0 2 6 0 4 6 4 6 6 0 8 0 6 4 6 4 2 2 2 10
1 8 8 0 4 4 2 2 4 0 6 0 0 10 8 6 2 2 10 6 0 8 2 8 4 2 0 0 6 8 0 4 0 6 6 8 4 8 0 2 6 4 0 0 0 8 2 6 4 2 6 2 4 4 0 10 0 8 6 10 4 8 0 2 4 4 10 10 0 6 8 2 6 4 4 2 2 6 2 8 6 2 4 6 2 8 4 8 0 2
1 6 2 2 0 0 8 8 2 10 0 8 2 6 10 6 8 10 2 6 10 4 0 6 2 6 8 4 2 0 0 8 8 0 10 8 4 4 4 6 8 2 0 6 8 0 8 4 6 6 0 6 4 4 6 6 0 8 4 6 0 6 2 6 4 8 6 2 8 2 4 4 4 2 2 6 0 0 2 6 0 0 6 6 8 8 0 0 0 0
1 0 4 0 6 4 0 4 4 0 8 0 4 8 10 8 8 0 4 8 10 10 8 0 6 4 2 6 2 8 8 0 6 2 6 6 2 10 4 8 10 4 2 8 10 6 8 8 4 6 8 0 8 2 8 4 6 2 0 6 10 0 2 10 8 8 2 0 6 0 0 0 0 6 6 6 0 6 0 4 6 8 6 8 6 10 10 8 6 4
1 4 0 4 6 8 6 10 2 8 4 2 0 4 10 0 6 6 4 2 4 6 2 6 4 6 8 4 6 4 4 10 10 4 6 4 6 0 8 8 8 2 8 8 6 4 0 8 2 6 10 6 6 2 8 6 10 6 2 4 2 8 2 0 0 6 10 4 6 6 4 0 0 4 4 6 10 0 10 10 8 2 6 8 0 10 10 6 2 10
1 0 0 6 10 2 6 2 4 0 4 8 2 0 8 6 4 8 0 6 2 4 6 4 10 2 6 8 0 8 2 6 6 4 4 2 4 6 10 6 4 8 6 0 10 0 0 0 10 2 6 2 4 6 6 6 0 6 6 4 0 6 0 4 8 6 0 6 6 4 2 0 2 6 6 0 2 4 0 2 2 6 0 8 4 0 0 2 6 6
1 6 8 2 0 0 8 2 6 0 0 0 4 8 0 8 0 6 6 4 2 4 6 0 4 2 4 6 8 2 8 0 8 0 6 2 8 8 2 0 6 8 0 8 4 0 4 0 0 2 0 6 6 2 4 4 4 0 4 0 4 4 4 2 8 4 6 10 2 8 10 4 2 4 10 6 4 4 4 2 4 0 6 10 6 2 8 8 4 2
1 10 0 4 2 0 6 4 6 8 6 2 8 8 0 0 10 4 0 2 2 8 0 2 8 6 0 2 8 8 4 2 4 0 8 4 2 2 6 4 4 8 2 4 10 6 6 4 2 8 4 4 4 10 0 8 0 6 8 8 2 2 6 10 4 10 10 8 8 8 10 2 2 0 6 8 0 10 6 0 2 0 2 6 4 0 10 8 0 6
1 8 0 10 6 6 0 0 0 2 6 2 0 4 8 0 0 10 6 2 2 8 6 4 0 0 0 2 8 0 10 6 10 0 10 4 4 0 6 4 10 2 2 4 2 6 4 6 0 2 0 8 6 0 2 10 4 10 0 8 10 4 2 8 2 2 2 6 10 8 8 0 4 4 8 6 2 8 2 0 2 2 8 0 6 10 6 2 4 0
1 6 6 2 6 0 10 4 8 2 4 2 4 6 10 10 2 0 10 4 0 4 0 6 0 8 6 10 0 4 6 4 2 10 2 4 0 2 8 8 10 2 6 10 0 6 0 0 0 4 4 6 6 6 0 2 0 4 0 8 4 10 0 8 4 4 4 8 0 0 4 8 2 8 0 6 0 0 8 6 2 2 10 4 10 6 2 2 4 8
1 8 8 10 10 0 2 8 10 4 4 4 8 6 4 0 4 2 0 0 4 6 0 4 0 4 4 2 8 4 8 0 4 8 4 4 4 6 4 8 4 0 4 0 8 0 2 2 6 8 2 0 4 8 6 4 0 8 8 6 4 4 4 0 8 6 2 4 6 6 6 10 6 6 4 2 2 4 4 0 8 2 4 2 4 2 4 4 6 10
1 8 2 0 6 4 0 0 0 2 6 0 2 10 10 4 2 0 6 0 10 6 6 10 2 0 10 8 6 8 0 2 6 2 6 10 2 6 10 2 2 2 2 0 6 0 8 2 2 4 8 6 6 8 8 0 2 0 6 0 4 8 6 6 0 4 4 6 4 0 4 8 4 6 4 0 10 4 4 10 6 10 4 4 6 0 8 4 6 0
1 4 4 8 0 8 2 6 2 6 2 2 6 4 2 2 6 6 4 2 0 4 8 6 0 0 2 2 0 8 4 8 8 8 0 4 0 4 0 6 8 2 4 2 6 2 8 0 8 6 0 0 0 6 2 8 0 2 0 8 4 0 2 0 2 0 8 4 8 6 8 10 0 4 0 4 2 6 2 2 8 2 8 10 8 0 6 6 2 0
1 2 10 0 0 2 6 6 0 10 0 4 6 0 4 0 10 4 10 10 6 0 0 0 8 4 4 8 2 8 6 2 2 2 2 4 8 0 10 0 2 0 0 0 10 2 6 6 4 0 6 2 4 0 10 0 4 2 0 4 10 10 6 8 2 8 6 4 6 0 6 10 4 10 4 4 0 4 8 0 4 4 8 6 6 6 6 8 4 8
1 4 2 6 4 4 8 0 0 4 2 10 0 2 4 4 4 6 6 8 0 8 0 4 8 8 4 0 2 0 2 0 6 4 6 10 6 2 2 6 0 4 10 2 6 8 6 4 10 8 8 0 2 8 4 4 0 2 6 2 4 8 8 2 0 8 6 6 8 0 6 8 0 2 8 6 6 2 6 6 8 8 2 8 6 8 6 2 6 4
1 0 6 10 8 4 6 0 6 0 4 2 10 0 10 6 0 10 10 0 4 8 0 0 6 6 8 6 2 8 8 4 2 8 4 2 4 6 0 6 0 2 8 10 2 0 10 8 2 4 2 6 2 0 8 10 0 4 4 6 0 6 10 4 2 6 0 4 6 4 0 10 6 2 6 2 10 2 8 8 6 8 4 2 8 8 2 8 0 8
1 2 6 4 4 0 0 8 0 2 2 10 8 4 2 0 4 8 4 4 4 2 4 0 0 6 4 4 8 2 8 4 4 4 10 4 2 8 2 6 2 8 4 8 6 8 8 6 0 8 0 6 0 0 4 10 6 6 6 2 2 4 10 6 6 2 4 2 4 0 8 0 2 8 2 2 8 4 0 2 8 6 4 6 8 4 4 8 10 0
1 6 10 8 0 10 4 8 6 4 10 6 2 2 0 8 6 2 8 4 0 6 0 4 4 0 2 2 6 6 0 6 4 4 0 10 0 8 6 10 6 4 6 8 6 8 0 8 8 6 6 4 4 8 6 8 4 10 0 4 2 8 4 0 6 6 0 6 10 4 2 0 8 0 0 8 6 6 0 6 6 0 4 6 2 2 0 6 4 4
1 8 6 0 8 8 0 0 2 6 4 4 0 2 8 8 2 6 6 2 4 8 0 6 10 8 0 8 8 0 4 8 8 4 8 2 10 2 6 2 4 0 4 2 4 10 0 4 0 8 8 10 2 8 6 0 6 8 0 8 8 2 8 6 2 0 6 0 6 4 10 6 2 0 10 6 10 6 2 2 8 4 4 8 8 8 6 6 0 2
1 2 8 6 8 2 8 8 8 6 8 4 4 10 4 4 0 8 6 2 10 10 2 6 4 4 0 0 10 0 2 6 6 10 6 8 8 6 10 8 8 4 0 4 0 4 8 10 8 10 2 0 8 2 2 6 6 4 8 6 2 2 6 4 8 6 6 2 0 8 6 2 4 4 4 6 4 6 2 2 0 8 8 2 6 0 2 0 4 0
1 8 6 4 6 2 0 8 2 8 4 2 0 0 0 2 8 0 6 8 2 0 4 0 10 6 4 6 0 4 0 10 6 2 8 0 10 2 6 8 4 8 0 6 6 6 8 10 6 2 0 8 6 6 6 8 2 10 6 8 6 4 6 2 6 6 6 0 8 4 6 0 0 2 0 6 10 2 6 8 6 8 2 4 10 6 2 4 4 8
1 4 0 8 2 4 8 4 10 0 4 4 6 8 10 2 4 8 2 10 10 2 0 8 10 2 4 10 10 0 0 0 8 6 0 8 2 6 4 4 0 8 4 4 4 8 2 0 4 4 8 4 4 4 8 4 8 6 6 2 6 4 4 8 2 8 2 4 0 6 6 4 2 0 2 6 4 10 6 8 8 8 2 6 10 4 6 6 6 2
1 0 6 2 4 2 0 6 2 6 8 0 4 0 6 0 2 4 8 0 4 4 4 0 6 10 4 2 4 10 0 0 8 10 0 8 0 4 4 0 0 2 8 0 0 0 0 0 10 0 0 2 8 6 2 0 2 6 6 2 4 2 4 4 10 8 6 4 6 4 8 8 0 4 0 6 4 0 6 0 10 0 8 6 0 0 2 0 10 2
1 4 2 4 4 4 8 0 6 6 6 6 8 8 2 2 6 10 2 6 6 8 0 0 0 0 6 6 6 4 8 0 8 6 4 4 4 2 10 2 0 8 8 2 8 10 8 2 0 8 8 0 8 0 6 6 10 6 4 0 2 10 4 0 6 4 0 4 6 6 8 4 4 0 0 10 2 4 8 6 8 8 4 8 6 6 4 10 2 8
1 8 4 2 8 2 6 4 4 0 2 6 8 6 2 0 0 8 6 8 2 2 0 8 0 6 8 0 8 8 6 8 0 8 2 8 4 10 8 4 6 10 0 8 8 4 4 0 0 8 2 4 8 2 0 4 10 10 2 6 6 2 6 0 0 4 6 4 4 6 10 10 2 8 2 8 6 8 0 0 4 0 8 4 6 0 8 4 8 8
1 2 0 2 6 0 4 8 8 0 4 8 6 4 0 6 4 2 6 2 4 6 8 2 2 8 10 4 4 6 10 0 2 0 8 6 6 4 8 6 10 8 8 8 2 0 2 0 2 6 8 4 6 10 8 8 2 6 2 2 2 8 10 6 0 4 2 4 0 0 2 4 2 4 0 6 2 6 4 8 2 0 4 4 6 8 6 0 6 2
1 2 0 0 0 8 8 2 0 8 2 8 0 2 0 2 6 8 8 2 2 6 6 6 4 8 2 8 6 0 4 10 6 10 0 6 8 0 8 10 6 2 8 2 2 0 2 8 2 6 8 6 6 8 2 4 6 8 4 4 2 0 6 2 6 0 0 6 8 6 4 4 4 6 4 4 2 0 8 2 2 2 2 2 4 10 0 10 6 10
1 4 2 4 2 0 4 0 2 4 0 8 8 0 4 10 2 0 0 6 4 0 8 0 6 0 6 6 10 4 6 4 6 8 2 0 4 4 10 2 4 4 8 4 8 8 4 10 6 8 2 8 2 0 2 4 6 4 2 0 0 6 4 8 2 4 6 8 4 4 10 2 6 6 6 2 8 2 4 0 8 4 0 0 10 0 6 4 4 4
1 4 2 6 10 8 0 6 6 2 2 4 2 6 8 2 6 4 0 8 0 2 0 6 2 8 8 2 2 8 4 4 6 8 10 0 0 2 4 8 2 0 2 0 8 10 2 4 8 4 10 6 6 0 10 6 4 0 4 4 6 8 2 2 0 2 2 8 10 6 6 4 6 2 4 4 6 10 2 4 2 0 6 2 8 2 6 6 8 0
1 6 10 4 10 10 4 0 8 4 8 6 10 8 2 0 0 0 0 10 0 8 6 6 8 0 8 8 8 8 6 4 2 4 4 6 0 0 8 0 8 8 6 0 2 8 10 4 8 4 6 6 0 2 0 10 4 4 6 6 4 8 6 4 4 4 2 2 2 0 8 2 8 4 10 6 2 4 2 2 10 8 6 0 6 8 6 2 0 0
1 8 0 8 8 6 10 0 6 2 10 0 2 10 0 2 2 2 6 0 6 8 8 6 4 4 6 6 10 2 10 10 2 2 0 0 8 10 0 2 6 4 10 10 4 6 10 2 4 2 8 4 0 2 8 0 8 6 6 4 0 4 4 2 6 0 2 4 6 0 4 2 2 0 8 8 8 0 2 10 2 2 0 2 2 4 8 8 4 4
1 4 8 10 6 4 6 4 6 6 4 0 2 6 6 8 0 10 8 8 4 6 10 0 0 0 6 8 0 0 8 8 4 2 6 10 2 8 8 0 8 8 10 6 0 2 0 0 4 4 6 6 10 8 4 8 2 6 0 8 2 10 6 8 0 6 0 0 4 8 0 4 4 6 2 2 6 0 6 0 0 2 2 4 4 6 8 0 10 0
1 0 10 2 4 8 8 6 4 0 6 0 4 0 4 2 0 6 0 2 2 2 8 6 8 0 4 2 2 10 8 0 6 0 0 8 4 0 4 0 0 8 4 4 6 6 2 0 0 2 8 0 2 4 4 8 4 6 6 4 8 8 6 6 4 0 8 4 8 8 4 6 2 6 2 6 0 8 2 4 2 4 6 4 8 6 8 4 10 10
1 2 8 0 8 2 4 8 8 6 0 8 6 0 4 4 2 4 4 2 0 4 0 8 10 10 10 0 6 6 4 6 8 0 2 10 2 8 2 6 6 0 2 4 2 2 8 6 2 6 4 10 8 10 8 10 8 6 2 0 6 8 0 0 8 2 10 8 4 6 6 0 0 8 8 6 4 4 4 6 0 4 10 10 4 6 8 10 10 6
1 10 4 4 6 0 6 8 0 2 8 0 4 6 6 2 8 8 8 0 8 10 6 2 8 10 4 4 8 8 8 6 4 0 4 0 2 8 0 10 8 8 0 6 0 2 2 4 0 4 0 10 8 0 8 4 10 2 8 10 10 0 6 0 2 2 2 8 2 10 4 6 2 0 0 2 6 6 10 2 4 2 8 2 0 6 8 6 2 0
1 6 8 0 0 4 2 0 8 6 6 6 10 4 2 8 8 6 10 4 0 6 0 2 0 0 0 8 4 2 8 6 2 4 6 2 10 6 6 8 8 6 8 0 8 0 4 0 10 4 6 2 0 0 4 10 0 8 0 8 8 8 6 6 0 0 8 8 4 4 2 8 8 0 6 6 0 4 4 0 4 8 4 6 0 6 8 4 0 8
1 8 8 10 4 8 8 8 6 8 8 0 2 4 4 6 2 2 4 0 6 0 0 0 4 6 0 6 8 4 4 6 6 8 2 6 10 8 4 0 2 6 4 6 0 0 0 6 8 8 8 8 0 4 10 6 8 0 4 2 2 2 8 2 4 6 6 2 0 2 0 6 2 6 2 2 0 2 2 6 4 8 6 4 8 6 4 6 6 2
1 4 4 8 4 6 8 0 0 0 6 8 2 4 8 4 4 4 4 0 6 0 8 2 6 8 2 6 8 6 0 10 4 6 0 4 0 2 6 8 8 2 4 6 2 0 2 4 0 8 4 0 0 6 4 8 2 6 4 0 8 0 4 8 4 0 6 4 6 2 8 4 2 8 6 6 2 2 4 0 0 6 8 4 6 8 8 2 4 0
1 2 0 4 4 0 0 10 4 2 4 6 8 0 6 6 8 4 2 4 2 0 8 4 6 4 8 0 6 0 0 2 2 6 8 2 8 8 0 0 6 4 6 8 8 0 0 4 4 10 8 6 4 4 2 8 6 10 0 6 10 8 2 4 10 4 4 0 2 8 2 0 6 8 2 4 6 2 8 0 6 10 2 8 0 8 4 10 2 10
1 8 10 2 4 4 4 4 2 4 6 6 6 2 2 6 8 10 4 8 0 0 2 8 4 0 8 2 0 6 10 2 2 8 4 4 10 4 6 4 6 6 4 0 8 2 2 0 10 10 2 4 2 0 0 8 2 8 2 2 4 2 6 0 0 6 8 0 0 10 6 8 2 4 8 8 4 8 4 10 0 0 2 0 10 4 6 2 10 8
1 8 6 0 4 10 2 8 4 4 0 8 8 2 0 6 4 0 2 2 8 2 0 4 2 10 6 2 2 2 6 8 0 2 10 6 4 8 0 6 6 4 6 2 2 6 10 10 0 8 0 4 8 2 8 2 4 4 4 6 10 4 0 2 4 8 2 4 0 2 6 10 8 0 2 0 6 8 0 2 10 4 6 4 8 8 0 2 10 2
1 0 4 0 0 0 2 0 6 6 10 4 4 0 6 6 0 4 8 2 2 2 2 4 10 4 6 8 4 2 6 0 0 6 4 8 6 8 4 2 4 4 4 10 2 6 0 6 2 0 8 0 6 0 4 2 2 0 0 8 10 0 0 4 2 10 4 2 0 6 0 4 4 4 0 0 8 2 0 8 4 8 2 2 8 4 2 6 10 0
1 6 4 6 6 8 2 2 4 8 4 8 0 8 0 0 8 0 0 6 6 10 2 10 4 4 4 6 0 6 2 4 10 0 0 4 6 0 8 6 10 8 8 0 4 8 0 2 2 10 0 0 6 2 4 4 6 6 8 4 10 8 4 8 6 6 0 0 0 4 8 0 6 2 6 2 0 6 0 4 4 0 4 0 6 4 2 2 6 0
1 4 6 0 2 2 6 0 8 0 10 10 8 8 0 4 4 4 4 2 2 2 0 8 2 4 6 8 10 8 2 2 8 0 8 8 2 6 8 0 8 4 2 4 2 2 4 2 6 0 2 0 0 8 6 0 0 8 0 0 2 8 2 6 0 8 8 8 4 6 4 4 8 8 0 4 4 6 8 0 2 0 10 8 8 0 6 6 4 8
1 4 2 8 4 4 8 6 6 4 8 6 4 8 6 2 10 6 10 10 6 6 6 4 8 4 2 0 4 0 0 6 10 8 4 0 8 8 2 8 2 0 0 4 6 0 4 6 8 0 4 6 0 10 4 0 2 2 10 4 10 10 2 0 10 4 8 4 2 2 0 0 10 0 8 6 2 4 2 4 0 6 6 0 0 6 8 4 8 8
1 2 2 0 8 4 8 10 8 4 8 0 8 8 4 2 0 2 8 8 6 2 0 4 6 6 4 4 0 0 0 0 8 0 0 8 8 10 6 6 10 4 6 4 6 8 10 4 0 8 8 0 6 0 6 8 8 0 8 4 6 6 0 4 8 8 2 6 10 4 8 4 10 8 8 4 8 6 0 0 4 8 8 6 6 10 6 0 0 8
1 4 0 6 4 0 8 2 4 0 2 6 8 6 4 4 0 8 4 4 6 8 4 0 10 0 10 4 0 8 6 8 8 6 2 2 6 0 2 6 4 8 6 4 8 0 4 8 2 4 6 4 2 4 0 8 6 4 6 2 8 8 6 4 6 8 2 4 0 8 10 4 8 6 2 4 4 0 8 6 0 8 0 8 2 0 6 6 8 0
1 4 4 2 8 2 6 4 2 2 2 8 2 8 2 4 6 6 8 0 6 4 6 6 8 0 8 8 4 0 0 0 2 8 6 2 2 8 8 6 0 0 4 4 0 6 4 8 2 0 8 2 10 6 0 0 2 6 2 2 2 8 2 8 6 4 4 4 2 6 8 8 0 0 0 8 2 8 4 2 2 0 0 2 6 0 8 8 2 0
1 0 2 6 10 0 6 8 8 0 2 2 10 10 0 6 4 2 6 0 2 2 4 6 4 0 4 4 2 4 0 2 8 0 0 8 10 6 8 10 6 4 4 6 6 2 0 2 8 2 8 6 8 4 4 6 0 0 10 6 4 8 4 10 0 2 4 8 8 4 8 6 2 10 2 2 10 2 4 8 0 8 0 6 4 2 10 6 4 6
1 2 0 4 6 0 4 10 0 0 4 4 4 6 8 4 4 10 4 6 8 2 2 2 6 8 6 0 2 6 0 0 0 10 2 8 2 0 0 2 0 8 10 6 2 4 0 2 2 0 0 6 6 0 8 10 0 0 6 8 2 4 4 6 8 2 4 6 0 4 2 6 6 0 4 4 4 4 6 8 6 6 2 2 4 8 2 4 2 2
1 8 4 4 8 4 6 4 8 2 10 4 10 0 8 8 0 8 8 6 8 4 2 6 2 0 4 0 0 2 2 8 4 0 10 10 0 10 4 4 8 8 8 4 10 2 4 0 4 8 8 0 0 0 2 8 8 0 0 4 6 4 0 4 6 0 2 0 4 4 2 10 2 2 6 8 2 8 6 8 8 8 10 0 10 8 8 0 0 6
1 6 4 0 4 0 8 8 4 2 8 4 8 0 2 0 8 0 6 4 2 8 4 0 8 4 10 6 8 2 0 6 0 4 8 10 8 8 10 0 2 10 2 4 0 8 0 4 2 6 6 8 0 8 2 8 0 0 0 0 10 4 2 8 2 10 2 4 4 2 6 4 0 0 0 0 2 6 10 2 6 6 8 0 0 2 0 4 6 0
1 8 0 0 8 4 2 0 2 6 8 6 2 8 0 4 6 2 8 4 4 8 6 0 4 4 10 6 10 0 10 0 6 2 4 6 2 6 0 0 6 0 4 0 0 6 6 4 4 0 8 8 4 8 4 10 4 4 8 6 0 6 6 0 0 0 4 8 8 10 6 2 2 6 2 4 0 6 2 4 2 4 0 4 6 2 6 6 10 6
1 8 2 4 8 4 0 4 8 0 6 6 2 0 2 4 2 4 4 6 2 8 0 0 6 2 0 8 4 8 4 6 2 8 4 6 10 4 8 8 0 4 0 10 6 2 8 0 2 8 2 8 0 6 6 6 0 8 8 0 6 0 6 8 6 4 4 6 4 6 2 8 8 6 8 4 8 0 6 6 6 0 0 0 2 6 2 8 0 0
1 2 6 0 8 0 6 6 8 8 4 4 8 2 10 6 2 0 8 2 8 8 8 8 2 4 0 0 2 4 4 6 6 2 10 2 0 0 4 6 2 10 0 0 2 0 8 8 2 10 4 8 0 2 8 4 4 4 6 6 4 4 0 4 0 10 0 0 0 0 0 8 8 4 6 2 10 8 4 6 2 6 8 0 6 2 2 2 6 6
1 8 10 2 2 0 6 4 2 6 6 4 0 0 6 6 10 8 4 2 6 8 2 8 8 6 6 4 2 6 4 10 2 6 4 2 0 6 8 8 4 8 6 2 8 2 10 0 6 2 4 8 2 2 8 4 10 2 0 4 4 4 4 0 6 2 6 10 0 8 10 0 0 0 4 2 0 2 2 8 6 8 2 6 2 10 8 6 4 2
1 4 2 2 0 0 2 8 0 8 0 4 0 2 2 2 6 8 6 8 4 2 4 0 2 10 0 6 2 6 6 2 4 0 2 2 2 2 4 8 0 6 8 2 4 4 6 6 0 6 4 0 8 8 6 2 6 4 2 0 2 8 4 2 0 2 0 6 2 8 4 6 6 4 8 10 0 10 6 10 10 2 8 6 6 4 2 0 10 2
1 2 0 6 6 8 2 4 4 8 6 2 0 6 8 4 4 10 0 6 2 0 0 6 4 4 4 8 8 0 4 6 10 8 6 0 6 8 4 2 6 8 8 2 6 8 6 4 2 4 8 10 8 0 4 0 6 6 4 0 2 8 0 0 2 0 6 8 2 0 2 0 8 6 0 2 4 8 4 4 2 6 2 0 8 4 10 10 10 6
1 0 2 2 6 6 6 6 2 10 4 8 6 4 4 8 0 4 6 6 0 0 8 10 4 0 8 0 0 10 10 2 8 2 6 4 6 10 8 6 10 2 0 8 4 0 4 6 10 4 10 0 4 2 0 4 2 0 10 2 4 10 6 2 2 6 0 4 8 6 6 4 8 4 6 0 4 4 4 0 2 8 6 0 2 0 4 6 2 2
1 2 2 0 0 8 10 4 6 2 8 8 8 8 6 10 10 4 8 6 0 8 2 6 6 8 8 0 8 6 8 0 0 10 0 0 6 8 4 10 0 6 8 0 6 2 8 2 4 6 6 0 8 2 4 4 6 4 2 0 4 6 4 2 2 0 6 0 0 10 4 0 2 6 6 8 0 4 10 4 8 4 4 0 0 6 2 6 2 0
1 8 6 4 0 6 2 8 4 6 0 10 2 6 0 8 8 6 6 4 0 0 2 0 8 8 0 0 8 4 4 6 6 0 6 0 4 4 6 6 2 8 0 6 6 2 0 8 4 6 0 6 6 8 2 8 4 2 2 2 0 4 0 6 4 2 4 2 0 6 4 0 4 4 0 4 4 2 8 6 8 4 6 10 2 0 0 0 6 6
1 10 0 6 0 6 6 6 6 4 6 8 10 0 8 4 10 0 8 6 0 4 8 10 8 4 0 6 8 10 0 0 6 2 6 6 0 8 4 2 2 2 8 8 0 2 2 8 8 2 6 6 0 0 2 0 6 2 2 10 4 2 8 4 0 0 4 0 10 0 6 0 0 8 6 6 0 8 6 4 10 2 4 10 0 0 6 0 4 0
1 2 0 2 0 6 2 8 10 2 6 6 8 8 4 6 4 4 2 2 8 0 8 8 10 4 2 6 2 6 6 4 10 4 8 10 0 4 2 8 0 4 8 8 2 0 0 0 2 10 6 6 4 6 2 0 0 4 0 10 0 2 4 6 6 10 0 10 6 2 0 4 8 2 0 4 10 6 6 0 2 0 0 0 6 6 6 6 0 4
1 10 6 0 0 6 4 8 4 6 0 2 6 6 2 0 0 6 6 0 0 8 0 10 6 0 2 8 6 0 2 2 10 6 8 4 4 6 6 4 0 6 8 0 2 2 8 6 4 6 6 2 10 10 4 6 0 0 2 4 0 8 2 2 4 0 2 8 6 8 6 0 0 0 8 4 0 2 2 8 2 10 8 10 10 8 8 8 2 4
1 2 4 0 8 6 4 6 6 6 2 4 8 2 6 4 2 8 10 2 8 4 8 0 8 2 8 8 6 6 6 0 4 6 4 2 8 8 8 8 0 2 4 4 8 0 0 4 2 6 2 8 6 6 4 8 2 2 8 6 6 4 2 8 0 8 2 6 0 4 6 6 0 6 10 8 2 2 8 0 0 8 0 10 6 2 2 4 4 8
1 4 4 8 0 6 8 0 6 0 6 4 4 6 6 6 8 4 2 8 6 0 6 4 4 8 0 10 2 0 2 2 2 4 8 8 10 2 2 2 0 6 4 4 6 0 8 8 6 6 8 2 2 10 0 10 2 0 6 10 2 4 0 2 6 2 10 0 8 4 8 8 4 0 0 10 8 4 2 6 8 4 6 4 6 4 8 8 6 4
1 4 2 4 6 6 6 6 4 6 4 6 2 6 6 0 4 4 2 6 8 0 4 4 0 2 4 6 4 4 4 0 8 10 2 6 2 4 2 0 2 2 10 10 6 0 8 2 4 0 2 0 4 4 2 10 4 2 4 10 10 2 6 0 0 0 6 0 4 6 8 10 8 0 0 0 4 2 2 0 6 2 6 0 0 2 4 6 2 4
1 2 6 2 0 4 0 2 6 6 2 0 4 0 6 0 8 4 6 8 8 2 6 8 4 8 4 2 2 2 6 0 0 0 10 4 6 2 6 2 10 6 2 6 4 4 4 8 0 0 0 2 2 4 6 4 2 0 2 0 6 8 8 0 8 8 4 10 10 4 8 8 8 0 4 0 10 8 4 0 0 4 0 6 6 2 4 6 6 10
1 8 0 8 8 6 2 4 0 2 6 4 0 10 6 6 8 4 8 10 8 0 4 8 2 8 2 8 2 8 4 0 8 4 2 6 0 2 10 6 2 0 10 4 0 8 6 0 4 10 10 4 0 6 2 8 2 0 4 0 0 8 6 6 2 6 8 2 8 8 10 2 0 8 6 10 0 4 2 2 0 2 4 2 8 4 2 8 8 6
1 0 4 4 0 2 6 2 6 4 6 2 10 0 0 2 6 0 6 6 2 0 2 8 0 2 6 6 0 0 6 8 0 2 4 6 2 8 6 4 2 2 6 8 6 6 2 0 6 6 2 0 0 4 2 8 0 2 10 0 6 2 8 6 8 2 0 10 6 8 6 2 6 0 0 2 0 0 4 6 4 4 6 10 4 0 6 6 2 0
1 8 6 10 10 6 6 2 6 2 2 2 2 6 8 2 6 4 4 2 6 2 0 6 2 4 6 2 4 8 0 4 6 6 2 0 8 6 2 2 0 8 4 8 8 2 8 0 2 8 10 10 4 4 8 8 8 6 6 0 4 6 4 2 0 10 6 0 8 4 0 0 2 0 2 4 2 2 0 4 6 8 0 0 6 6 8 6 2 4
1 2 2 4 2 0 10 4 6 6 8 10 4 8 8 8 2 10 0 4 0 6 6 0 4 0 0 0 4 4 6 6 0 8 8 8 10 8 6 6 8 4 6 4 4 2 6 6 0 2 2 4 8 0 10 0 4 0 2 6 6 10 6 2 4 4 0 8 8 0 8 0 0 8 4 2 10 0 8 0 2 6 4 8 6 2 6 8 2 10
1 0 4 10 2 0 4 4 4 4 2 2 10 8 6 0 2 2 10 2 0 4 2 0 6 4 10 4 0 2 2 2 2 6 6 2 6 0 6 6 0 8 4 8 10 8 0 4 2 10 6 6 6 0 0 8 8 0 8 0 10 0 8 0 8 8 2 4 4 6 4 4 0 2 0 4 2 6 6 0 0 8 4 8 6 8 8 6 6 6
1 10 4 2 6 0 10 4 8 6 0 6 6 2 6 10 0 10 2 0 0 8 0 0 4 2 10 6 10 2 8 10 0 10 8 0 2 8 4 8 2 2 0 4 0 6 4 4 0 8 8 2 2 0 6 0 2 4 8 0 8 0 4 4 0 8 6 8 6 0 10 8 2 0 8 8 10 4 2 8 6 0 8 0 6 2 2 4 4 4
1 2 8 0 6 2 4 8 6 4 8 8 6 2 8 2 2 0 10 4 0 10 10 4 4 8 2 2 10 0 0 4 4 0 4 6 6 6 0 6 4 6 10 2 6 2 10 10 8 2 0 8 10 0 2 0 10 6 2 0 8 2 10 4 8 2 4 6 0 4 8 6 0 2 6 4 8 2 10 4 2 10 0 6 4 4 0 0 6 4
1 6 8 8 8 0 6 0 0 4 2 0 4 8 10 0 8 2 0 4 0 2 0 0 0 2 0 10 0 2 2 4 8 2 8 10 2 4 0 8 4 2 6 8 8 0 2 2 6 8 0 0 4 4 10 2 8 4 2 4 0 4 0 8 6 2 10 10 0 8 6 4 2 8 10 0 0 4 0 0 4 2 4 0 6 6 6 6 10 0
1 0 8 8 6 4 2 6 2 6 2 8 0 0 2 0 4 6 2 0 8 2 6 0 2 6 0 8 0 10 8 8 8 4 2 0 6 2 6 6 10 0 8 6 6 8 4 4 4 0 0 4 6 4 0 6 6 6 10 0 6 0 10 6 6 0 4 2 8 0 0 8 4 6 4 0 10 6 0 2 8 6 6 0 0 6 8 8 6 2
1 6 4 6 8 6 6 0 6 4 6 8 8 6 4 8 2 0 6 6 6 2 8 10 8 0 10 0 6 4 4 6 8 2 6 6 0 10 8 8 6 6 6 0 0 2 2 0 8 6 2 0 8 8 8 6 6 4 4 10 0 10 2 4 10 6 10 0 6 0 4 6 0 6 10 8 0 0 0 4 0 8 2 0 6 0 6 8 2 0
1 4 0 10 2 10 2 0 10 4 2 4 10 2 2 2 0 0 6 8 8 0 0 8 0 8 4 0 2 8 8 4 8 6 8 4 0 0 4 0 2 0 6 4 4 2 6 2 0 8 0 8 10 2 8 2 0 0 8 4 4 6 0 4 4 4 10 6 8 4 6 8 4 6 8 6 6 4 6 10 4 4 6 4 6 8 0 0 8 0
1 4 6 8 2 0 6 6 10 6 0 2 0 6 6 4 6 4 8 8 6 10 2 10 6 4 4 4 2 2 4 0 8 8 4 8 2 4 8 4 4 6 4 6 0 6 2 2 8 8 2 4 4 4 6 8 4 8 0 0 10 8 0 6 2 6 4 8 8 4 8 8 6 2 6 4 6 2 6 10 4 8 8 4 0 0 4 0 6 6
1 0 8 2 2 2 0 2 2 8 0 4 6 6 4 2 2 8 8 8 6 0 6 6 8 10 2 8 8 0 4 4 8 0 4 2 2 2 0 6 10 6 4 10 2 8 0 2 4 0 10 0 8 4 4 2 6 2 4 2 4 4 8 8 8 6 8 0 0 8 6 4 6 8 4 2 0 6 4 2 0 2 6 0 2 0 10 4 0 4
1 2 2 2 6 2 6 2 0 8 4 8 2 8 8 4 4 6 8 0 6 2 8 0 6 2 6 6 8 2 6 6 0 10 0 10 4 2 4 2 0 2 8 2 8 8 0 4 4 2 0 2 0 0 2 10 4 2 8 0 0 0 2 4 2 6 2 2 0 0 4 2 4 2 4 6 4 0 4 2 6 0 8 4 2 4 2 4 6 0
2 0 9 2 7 7 7 2 0 7 2 5 7 9 9 3 7 7 0 5 5 10 0 3 9 3 0 3 10 9 7 0 5 2 5 0 9 7 0 0 3 2 9 0 0 10 3 10 9 9 0 3 7 7 3 2 7 0 9 7 3 5 7 0 9 2 10 2 9 0 10 7 3 0 5 5 5 9 3 3 9 10 2 2 2 3 3 0 5 10
2 9 0 7 3 7 7 10 5 10 10 2 5 0 7 7 10 7 7 3 2 5 10 7 5 2 3 0 2 9 10 9 3 2 3 2 10 3 5 10 3 9 5 10 0 9 10 7 10 9 0 3 7 0 10 0 7 9 2 7 10 9 10 10 0 9 0 5 10 5 5 3 9 5 3 5 2 5 5 5 10 7 7 9 10 2 2 5 3 3
2 0 10 0 9 5 5 7 10 0 0 2 0 5 0 10 3 10 2 3 5 2 10 3 5 0 3 9 10 3 5 3 7 7 10 5 2 5 3 9 2 0 7 0 0 3 9 3 0 5 10 5 3 0 10 2 10 3 2 2 5 10 10 10 0 10 7 0 5 7 2 3 9 7 10 7 10 10 9 2 2 5 10 3 10 0 0 3 5 10
2 7 0 9 0 5 9 5 5 10 10 2 5 3 2 5 2 0 0 7 2 5 0 7 10 0 3 7 5 0 0 2 0 7 0 0 10 0 0 5 3 2 9 7 2 10 10 7 2 7 3 3 3 7 10 3 5 0 0 5 0 9 10 10 5 5 5 0 9 7 3 5 2 2 9 9 3 3 3 7 0 2 7 5 10 0 2 5 3 5
2 0 2 10 2 0 0 3 5 9 5 2 5 9 0 5 7 3 7 7 2 7 7 3 9 0 10 0 10 7 5 2 9 2 3 2 0 0 9 3 0 2 5 10 10 2 9 5 9 9 7 5 10 5 0 0 0 7 7 5 5 0 7 10 3 5 10 3 5 7 9 7 7 9 9 2 2 5 3 7 9 0 7 3 7 9 10 2 7 5
2 10 2 5 10 5 0 7 5 0 2 7 7 7 0 2 9 2 3 7 10 9 9 3 7 10 2 7 5 5 0 5 5 10 2 0 5 10 7 7 5 10 0 3 9 0 10 7 3 5 7 2 0 0 7 0 10 2 2 2 7 0 3 10 9 7 7 7 2 10 9 3 9 2 0 3 5 10 3 2 7 10 0 9 0 9 9 5 3 10
2 5 5 7 10 9 2 0 0 0 3 0 7 10 0 5 2 9 10 0 7 3 7 5 7 3 2 3 10 2 5 3 0 10 7 9 2 9 5 9 9 0 0 7 10 0 5 0 7 5 10 9 5 0 7 7 10 2 9 10 5 3 9 0 9 5 5 5 0 3 7 7 10 2 0 3 7 0 5 0 5 5 2 2 7 9 2 7 10 9
2 5 0 10 5 10 9 7 0 7 3 7 9 0 2 2 0 2 0 0 7 10 2 0 10 7 2 7 9 3 9 5 9 5 2 0 2 0 2 5 2 9 2 5 0 3 10 3 3 2 0 0 3 3 2 9 3 2 2 7 10 0 9 10 10 7 2 0 5 7 7 9 2 7 7 0 10 2 0 7 10 9 0 3 7 2 2 9 5 10
2 2 2 0 2 0 2 5 2 0 0 3 10 9 5 3 2 7 2 0 3 5 0 3 3 10 10 3 0 7 3 5 5 3 7 0 9 5 5 3 9 2 5 3 5 9 9 3 5 3 7 5 9 0 5 0 0 0 0 2 0 10 10 7 9 3 10 5 3 2 0 2 9 7 10 0 5 10 10 10 5 10 5 10 9 3 9 3 7 7
2 3 3 0 5 9 0 5 7 7 0 3 9 5 5 7 2 9 9 7 0 3 2 2 3 10 3 3 5 3 7 7 3 10 9 3 3 3 10 0 9 0 10 7 7 5 5 2 3 2 0 5 9 5 5 2 3 5 7 7 5 9 2 5 7 3 3 7 2 0 9 10 7 0 9 3 2 7 7 2 7 7 0 2 2 2 0 0 3 7
2 10 3 5 0 2 2 7 7 5 7 0 3 5 5 2 5 10 0 2 10 5 9 7 7 5 9 2 2 5 7 7 7 9 5 0 2 3 7 9 7 2 0 10 3 9 0 3 2 7 9 5 9 0 3 2 7 7 0 0 5 9 2 3 10 7 3 7 7 0 0 0 0 9 3 0 9 10 10 0 7 3 2 10 0 7 0 2 9 10
2 9 0 5 2 2 2 0 3 9 3 2 0 0 7 0 10 5 3 5 10 2 9 10 10 2 7 3 5 10 3 5 10 9 7 2 5 0 9 5 2 2 5 10 2 10 10 0 5 7 3 3 5 5 9 3 5 10 5 5 9 9 0 0 7 3 10 5 5 5 10 10 0 5 3 0 9 7 7 10 0 9 5 5 5 3 5 10 3 9
2 10 9 5 10 2 10 0 9 2 10 7 3 0 7 2 10 10 9 2 0 10 10 5 7 9 9 7 9 9 9 5 2 2 3 9 10 2 3 0 9 3 0 7 0 10 7 7 9 2 5 5 10 9 9 0 5 9 0 9 2 9 7 10 5 3 0 2 3 7 5 3 3 2 10 9 10 0 2 9 5 9 0 3 5 2 3 7 7 10
2 9 9 7 5 2 5 9 2 3 7 10 10 0 0 0 0 10 2 5 7 7 10 7 0 0 7 9 5 0 10 10 9 5 7 2 3 10 9 5 9 7 2 0 7 0 3 10 0 10 0 7 10 3 2 5 10 5 0 2 2 3 5 9 10 10 10 10 5 10 9 5 0 0 2 2 7 7 7 3 3 10 7 7 7 3 9 5 10 9
2 10 2 7 7 3 0 7 5 3 5 10 9 0 7 0 5 9 9 10 3 0 10 7 10 0 9 10 7 2 0 2 7 5 2 7 5 0 3 7 0 0 7 3 2 3 5 0 10 10 9 3 3 7 3 9 9 7 9 0 0 9 10 9 10 0 5 7 7 7 9 5 0 0 2 2 7 10 7 3 3 0 7 0 5 10 0 7 9 9
2 3 0 9 10 9 9 7 10 10 3 7 9 5 10 2 0 7 2 2 5 9 0 7 0 2 0 7 7 7 2 5 3 9 5 2 10 10 3 3 7 9 3 0 9 9 5 7 9 2 0 7 10 2 7 0 3 5 0 0 5 0 3 5 5 2 10 9 5 7 2 10 0 3 3 5 7 5 7 2 0 5 10 2 3 2 2 7 7 0
2 5 2 10 2 5 10 10 7 5 5 10 10 0 3 10 10 0 2 7 0 10 2 9 7 2 5 7 2 2 2 10 0 7 9 5 7 0 5 3 10 5 7 10 9 5 10 7 9 7 10 9 0 5 9 7 3 5 10 10 0 3 2 3 0 3 0 10 10 2 5 0 10 5 5 7 3 7 10 9 5 0 5 0 10 9 9 2 9 10
2 7 2 9 10 0 9 5 5 0 9 7 7 5 10 10 3 3 0 9 3 0 7 5 5 9 0 10 2 9 5 7 9 2 7 10 5 10 2 10 10 9 2 2 0 9 0 3 2 5 10 10 5 3 9 3 3 7 9 10 7 3 10 7 3 10 5 7 3 7 2 9 5 10 7 5 2 9 3 7 7 0 3 7 9 7 7 9 9 10
2 10 2 9 2 9 5 10 10 5 2 9 7 9 0 9 2 0 5 0 0 9 3 3 9 3 5 5 0 3 3 10 3 10 0 0 7 7 2 2 0 3 10 7 2 5 3 5 9 10 7 3 7 5 0 10 5 7 3 7 0 7 2 5 10 0 10 10 0 3 0 9 5 10 7 0 10 7 5 3 0 5 10 5 3 0 10 0 0 9
2 3 2 9 0 0 3 10 2 5 9 10 10 7 2 5 5 7 0 3 0 7 9 5 5 10 9 9 3 2 5 9 7 3 10 9 9 9 5 9 0 3 2 10 2 5 5 2 7 3 2 5 0 5 5 0 9 10 0 2 5 2 3 7 0 3 0 7 7 5 3 10 7 10 7 10 10 10 7 3 2 3 9 9 2 2 10 7 5 5
2 7 3 7 10 5 9 10 0 2 0 2 3 7 0 9 5 9 0 9 3 0 9 0 3 5 9 5 0 2 9 5 10 3 7 3 0 10 5 0 0 0 10 3 5 3 0 9 5 0 0 3 5 7 10 3 9 10 3 10 3 0 2 9 3 2 7 7 9 5 7 0 10 5 7 0 0 9 10 2 9 2 7 7 9 7 5 3 5 9
2 9 7 7 5 7 2 10 10 9 0 5 9 7 3 0 3 9 10 5 3 9 0 9 2 3 9 0 10 0 7 9 0 3 3 3 2 2 2 9 7 5 10 5 7 5 5 10 9 3 2 0 9 10 7 3 2 3 0 3 10 3 9 0 0 0 9 2 9 10 9 7 0 10 7 7 2 10 10 10 10 5 3 3 5 7 10 0 2 10
2 3 10 0 5 0 0 3 2 5 9 2 9 10 5 9 2 7 10 3 9 0 3 0 3 7 0 10 10 3 3 7 9 2 2 0 5 2 10 2 2 2 0 5 10 2 10 10 3 0 3 2 3 3 7 2 0 5 3 10 2 9 3 9 5 7 2 9 2 5 7 10 3 5 0 7 3 2 10 3 5 9 3 0 0 9 3 3 0 7
2 3 5 5 10 10 5 3 10 7 5 3 0 9 5 0 5 10 2 3 7 7 2 9 0 5 7 0 5 3 9 5 9 7 0 10 10 5 0 2 2 0 10 0 2 0 9 2 9 3 3 2 5 7 2 0 9 3 0 0 9 3 5 9 5 9 7 10 9 3 5 3 0 5 5 9 3 3 10 5 0 2 3 5 2 3 5 7 2 0
2 10 2 7 2 5 0 7 5 9 5 10 2 3 2 9 2 10 7 7 10 7 2 7 5 0 2 0 3 0 3 0 9 7 7 0 2 0 2 0 7 7 3 0 9 0 0 7 3 10 5 5 10 10 7 7 3 7 7 5 3 5 3 0 10 0 3 7 3 10 10 9 0 3 5 2 7 2 9 0 0 9 2 10 0 5 10 9 5 9
2 5 7 5 9 9 7 7 10 10 5 7 9 3 9 10 10 3 5 3 5 3 5 3 10 5 0 7 2 5 2 3 3 7 5 10 0 3 10 7 2 0 0 9 2 2 9 9 9 3 2 5 10 7 5 9 10 2 10 3 5 3 9 0 2 7 9 7 2 3 0 0 10 2 9 5 9 0 9 5 7 10 10 5 2 9 3 2 0 0
2 5 9 5 2 7 0 2 5 5 3 7 7 3 3 2 5 5 5 9 10 0 3 5 3 9 10 0 2 9 2 3 0 5 5 0 10 5 2 10 3 9 7 0 3 2 0 0 10 9 7 5 2 10 2 3 7 9 0 10 3 5 7 9 9 5 2 7 7 2 0 10 9 5 2 0 0 7 5 5 0 7 10 5 7 9 2 2 7 9
2 0 0 10 5 7 7 10 10 3 7 7 9 10 10 0 2 7 3 3 9 10 5 5 10 0 2 7 0 7 7 7 5 2 9 5 10 9 5 5 10 9 7 7 2 10 3 10 2 2 9 7 10 0 7 9 0 0 7 10 7 2 7 2 5 5 2 0 5 0 5 2 5 2 10 0 0 2 9 10 5 3 5 10 3 2 10 5 0 9
2 9 3 3 5 5 3 0 9 5 10 9 10 7 7 9 9 9 3 2 7 7 3 3 3 0 3 0 10 0 2 0 2 0 3 9 5 3 0 2 2 3 2 0 5 9 7 9 5 10 3 0 5 3 10 9 3 7 9 10 3 0 3 10 2 5 2 3 10 9 10 9 0 2 5 9 9 10 0 7 0 7 0 7 7 0 3 7 3 0
2 2 0 0 3 9 0 2 2 0 5 3 0 7 0 5 5 10 3 5 9 0 2 5 10 5 9 2 5 9 0 3 5 5 5 7 2 7 2 7 0 10 9 7 5 5 2 10 5 10 9 3 5 10 10 7 7 7 0 9 3 7 7 0 7 2 2 3 9 9 0 5 10 7 9 0 3 2 0 9 5 9 5 3 7 3 0 0 10 3
2 5 9 10 9 10 7 7 5 3 0 7 10 2 7 9 9 0 10 2 0 2 3 3 7 9 0 2 5 7 3 0 10 10 3 7 3 3 3 9 5 10 10 3 7 7 9 7 10 5 10 9 7 7 3 2 9 3 0 0 2 10 0 10 5 0 9 3 10 3 10 3 5 3 2 9 5 10 5 10 0 7 10 3 10 2 3 2 7 5
2 3 10 5 0 5 3 0 5 3 0 2 5 0 2 7 9 7 10 3 9 3 2 7 0 2 3 0 9 10 0 7 0 9 3 5 10 2 2 0 2 3 9 10 0 9 2 0 5 9 7 9 3 9 9 3 9 5 3 3 7 2 7 5 10 5 7 5 2 9 10 2 0 3 3 0 7 7 9 10 5 5 0 2 0 9 9 2 3 0
2 2 7 5 5 5 9 7 5 10 5 7 0 7 3 10 0 9 3 5 10 7 9 0 5 0 5 3 3 10 3 7 7 0 10 7 3 2 9 10 10 9 3 10 5 7 2 7 7 10 0 7 3 9 7 2 7 2 5 7 7 9 5 5 0 5 5 9 3 3 7 2 7 9 7 7 5 2 5 2 2 0 9 0 5 2 10 3 7 0
2 0 2 2 7 5 9 5 2 2 0 5 5 7 3 10 3 0 0 5 0 10 2 5 3 2 10 0 3 2 7 7 0 3 0 3 10 9 7 3 5 2 0 10 2 0 3 10 0 10 5 3 5 0 5 2 3 10 5 5 10 7 0 7 10 10 10 0 0 2 2 2 0 7 5 2 0 3 2 7 2 0 0 10 7 9 5 3 0 2
2 9 2 3 0 2 9 0 0 10 7 3 2 5 10 2 2 7 3 9 9 10 9 2 0 9 3 2 9 0 9 10 7 9 0 0 2 7 7 3 3 5 2 0 0 7 9 2 3 7 9 2 9 2 9 10 2 0 3 10 3 9 7 9 10 3 7 10 2 9 10 9 0 3 3 5 9 5 7 9 5 7 9 5 9 2 7 2 2 9
2 2 0 7 9 9 0 3 0 5 7 10 0 2 2 5 10 10 7 0 2 7 0 5 5 0 2 9 3 5 7 9 3 2 2 2 0 2 9 7 7 2 10 3 3 3 9 10 0 9 2 10 7 3 3 3 10 9 2 3 9 7 5 10 5 7 0 2 0 2 9 9 2 3 0 10 10 0 2 0 2 7 0 3 2 9 2 9 5 2
2 9 9 7 10 0 7 10 2 2 9 2 7 9 9 3 0 10 2 10 5 0 9 7 7 9 7 9 5 3 2 7 7 7 10 10 10 0 5 5 3 7 3 10 0 7 7 0 2 0 5 2 2 7 10 5 9 10 3 0 5 10 10 5 0 2 7 7 10 5 3 0 9 3 5 0 7 0 7 3 9 3 10 3 7 9 3 0 10 2
2 10 5 0 7 10 9 0 5 9 3 2 5 2 0 3 3 9 10 0 9 0 10 9 9 2 5 7 7 5 9 5 7 3 9 3 7 9 0 9 7 10 5 3 7 5 10 7 0 0 2 0 9 2 0 0 7 0 10 9 9 10 2 9 5 2 2 10 5 7 2 0 5 10 10 2 3 5 10 2 7 2 9 2 5 9 7 0 10 7
2 7 10 7 5 2 5 5 10 0 10 10 5 5 5 2 5 0 9 3 7 3 9 10 10 2 0 7 7 3 7 10 9 2 7 2 9 9 10 0 3 3 10 10 2 10 7 2 2 10 5 9 9 10 5 9 7 0 2 9 2 2 7 2 5 2 2 10 10 10 0 0 2 2 7 9 2 5 9 3 10 0 9 9 7 10 0 5 5 0
2 9 7 0 0 9 0 5 10 3 2 0 3 3 10 9 0 7 2 0 9 7 0 3 7 3 10 2 0 3 7 7 10 2 3 9 2 9 5 2 0 5 9 9 3 3 0 9 3 2 10 3 0 2 5 0 5 2 10 7 9 7 0 3 10 7 0 7 0 2 10 0 3 0 2 0 0 2 2 3 5 7 3 9 5 0 5 0 0 9
2 10 2 5 2 7 10 5 0 5 3 2 5 5 5 5 3 0 2 5 0 9 0 10 10 7 3 5 9 7 3 3 7 10 10 10 7 3 0 9 5 0 3 7 2 2 9 0 5 3 2 2 2 7 3 3 3 7 10 9 9 2 3 0 0 2 3 10 0 0 7 10 7 2 0 9 0 10 9 7 7 2 10 5 3 7 3 0 7 7
2 0 2 7 3 0 2 3 0 3 5 0 5 0 3 7 2 0 10 0 2 2 9 10 9 7 5 3 0 10 0 0 3 10 7 7 10 9 0 2 7 10 0 5 3 10 5 10 9 0 2 10 2 9 2 9 5 0 10 9 9 2 3 2 9 3 2 2 5 2 3 0 0 10 7 7 5 0 7 0 10 2 2 5 3 10 5 7 0 5
2 5 0 0 2 2 7 3 7 0 9 5 0 3 3 0 0 10 2 3 0 2 9 7 10 3 10 3 10 5 10 5 3 3 5 0 9 9 0 7 0 10 3 0 0 2 9 7 2 9 7 2 3 7 3 7 0 7 3 9 0 3 5 5 9 2 10 0 2 3 0 10 2 0 0 0 2 9 3 9 3 9 0 5 9 7 0 10 5 0
2 3 9 10 5 5 2 5 7 9 5 5 2 3 10 9 7 5 7 0 2 7 5 10 0 10 9 7 2 0 3 10 9 2 5 5 2 9 9 3 7 2 9 3 0 10 2 7 9 7 10 3 7 5 10 2 10 0 0 7 5 9 0 0 2 2 7 2 7 5 2 7 10 7 7 0 5 2 7 5 7 9 2 0 9 5 10 5 2 5
2 3 2 5 0 0 7 2 0 3 9 2 10 5 9 7 2 9 3 5 0 5 0 9 10 2 2 7 0 0 7 0 5 3 3 3 7 3 7 5 9 5 10 3 2 0 3 9 7 2 5 3 9 3 0 9 2 7 2 2 2 5 5 9 5 7 9 3 7 7 2 10 10 9 10 3 5 2 9 2 0 7 10 7 0 7 0 5 5 2
2 9 7 9 0 2 2 5 3 10 3 10 9 5 10 7 9 7 5 9 3 2 0 10 9 5 5 3 9 0 2 3 9 10 5 3 9 9 10 7 9 9 9 10 3 3 0 3 5 9 7 10 9 3 0 9 2 9 9 10 0 5 2 9 9 10 3 10 3 7 0 3 7 10 7 2 10 10 0 10 2 10 9 3 10 5 9 0 3 10
2 9 7 5 3 3 2 5 5 0 3 0 10 9 3 7 10 5 2 9 2 9 0 7 3 0 7 3 10 0 7 10 3 2 5 9 9 0 10 5 10 7 7 5 5 0 0 0 2 3 3 9 0 7 2 5 7 3 5 2 0 0 2 7 9 0 9 10 10 9 9 2 10 0 9 0 2 2 3 3 3 5 2 10 5 2 2 2 9 5
2 0 7 3 2 3 5 5 9 7 7 2 7 10 5 3 3 9 9 10 5 7 2 7 7 7 9 7 0 0 10 9 2 0 2 10 2 0 0 0 5 7 7 0 0 5 0 9 0 2 0 9 10 3 10 10 0 9 7 2 10 3 7 9 0 9 5 3 7 7 7 3 9 7 5 7 3 5 10 5 10 9 5 0 10 7 2 10 9 7
2 5 5 9 5 10 9 9 7 7 10 7 7 3 5 3 3 5 3 10 5 9 7 2 9 3 9 7 2 2 7 10 3 9 5 5 7 2 3 0 0 0 10 10 3 7 2 3 9 0 5 3 10 3 0 0 5 5 10 5 5 3 7 2 3 5 5 0 2 3 0 3 3 5 5 2 9 7 3 9 0 7 10 10 9 7 2 10 2 7
2 0 9 10 3 9 9 9 10 0 5 3 10 0 9 10 5 3 0 5 3 3 2 7 5 5 3 0 0 0 2 2 5 2 0 7 9 10 7 10 9 10 5 5 0 7 0 0 5 0 0 3 9 9 7 10 10 2 9 10 2 3 2 3 2 0 2 0 0 3 0 5 3 7 10 7 3 0 2 0 10 9 5 3 3 7 7 2 0 10
2 2 5 5 7 3 10 3 2 3 0 10 3 9 10 2 7 9 0 2 9 5 0 7 2 10 2 5 5 7 2 0 2 9 7 7 9 3 3 9 7 5 9 7 2 2 3 7 9 0 0 0 9 3 9 2 5 7 10 3 7 9 9 10 3 3 5 0 3 0 10 2 2 7 2 10 7 5 2 2 2 2 3 7 0 5 0 5 3 3
2 0 10 9 5 0 10 2 9 9 10 10 9 7 5 0 7 9 0 5 9 10 7 5 0 10 3 10 10 9 7 7 7 5 9 9 7 5 10 5 7 9 7 9 9 7 5 9 7 3 9 5 0 2 9 5 3 10 2 2 5 9 10 7 7 3 5 9 0 9 7 0 3 9 7 10 0 0 3 3 7 0 2 9 0 10 5 7 5 5
2 5 0 7 10 2 7 7 10 3 9 2 2 7 9 10 9 0 2 0 10 5 9 0 5 10 9 7 2 9 0 7 7 2 7 10 9 0 0 0 2 5 2 5 5 0 5 0 3 10 3 0 9 0 10 9 7 0 9 5 0 10 7 2 0 2 2 5 7 0 9 3 9 7 5 5 7 10 10 7 9 9 10 9 3 0 2 2 0 10
2 2 7 3 10 5 3 7 5 0 7 3 3 10 3 10 5 2 5 5 0 10 2 5 0 3 0 9 10 3 3 5 9 0 7 7 2 2 7 2 3 0 9 5 2 10 9 10 3 5 9 5 0 3 0 0 3 9 5 7 9 0 9 2 5 10 10 9 10 7 3 10 9 9 3 10 0 7 5 2 9 7 3 7 5 10 2 3 3 5
2 7 2 5 2 5 0 2 7 7 9 5 9 10 5 0 5 2 9 9 7 2 2 2 3 2 5 2 5 0 5 0 10 10 2 7 9 9 5 2 0 10 2 5 0 7 7 2 10 0 9 5 10 7 5 0 5 5 7 3 7 9 2 5 0 7 5 0 2 0 5 2 10 7 10 5 0 7 2 5 7 7 10 7 0 9 3 7 5 5
2 5 3 0 5 2 0 2 7 7 2 9 10 10 0 9 9 7 5 3 2 7 2 9 0 5 2 10 9 9 3 2 7 3 2 0 2 0 7 9 2 10 5 9 5 5 0 5 3 9 3 0 2 10 5 7 0 7 5 3 0 0 0 0 0 5 0 7 10 10 0 5 2 5 10 2 3 9 5 9 5 7 7 5 2 2 9 7 7 3
2 3 5 0 5 9 0 2 9 7 10 5 3 0 2 7 3 5 10 0 0 5 3 7 9 3 7 7 3 3 2 9 2 10 0 5 9 7 3 7 7 10 5 5 7 10 10 0 7 10 7 0 10 10 9 9 7 0 10 5 3 7 3 10 9 2 9 5 5 7 9 9 0 9 3 9 3 7 3 7 7 7 9 9 9 9 0 9 10 9
2 3 7 7 0 5 3 0 0 0 0 2 5 0 7 7 3 7 5 2 2 2 3 3 5 7 9 7 2 7 2 0 9 3 9 0 10 7 7 10 3 2 2 7 9 3 3 2 10 5 2 10 2 5 5 10 2 5 0 9 7 0 3 7 7 7 10 2 3 7 10 0 10 9 0 7 7 9 0 5 7 3 10 9 7 5 5 5 10 0
2 3 10 9 0 3 0 2 3 3 5 9 9 3 9 9 10 10 3 2 9 2 0 2 0 9 5 0 0 5 2 7 10 2 2 5 9 9 9 2 2 5 3 2 2 0 10 0 2 10 3 3 2 9 3 7 0 3 0 0 9 9 3 3 5 10 0 9 9 5 5 2 9 3 9 9 9 10 10 0 9 2 2 7 7 3 10 0 0 9
2 0 9 10 0 2 5 7 3 2 9 7 2 10 10 2 5 2 3 5 3 10 0 0 9 3 5 2 10 9 10 5 7 3 9 5 3 7 10 3 0 5 7 9 5 5 9 0 3 10 10 5 2 2 5 3 3 7 10 0 0 5 3 5 2 10 5 3 5 9 3 2 2 2 10 3 3 5 5 2 0 3 0 7 9 0 3 10 0 9
2 7 2 9 10 0 2 10 0 9 3 5 3 10 0 2 2 9 5 9 3 7 2 3 9 10 3 9 2 7 3 0 7 2 10 5 3 5 3 3 3 2 7 2 10 3 2 2 10 7 7 10 3 3 3 7 0 5 2 9 10 0 7 10 10 0 5 2 2 9 7 7 5 7 9 2 3 7 9 10 10 7 10 2 9 10 7 5 7 9
2 3 5 0 2 0 0 10 2 0 5 9 0 3 7 3 3 10 10 3 3 5 0 10 3 3 9 3 2 5 3 3 5 7 0 2 3 0 9 9 0 5 5 9 0 3 10 5 2 2 7 9 2 0 0 0 2 5 7 2 9 3 0 9 9 5 2 9 0 0 7 10 7 3 7 7 0 3 0 3 3 9 5 9 5 5 5 0 2 9
2 9 9 2 7 7 10 0 10 7 0 5 7 0 2 9 3 3 0 7 0 7 0 9 10 9 2 9 2 7 10 7 7 9 5 7 5 3 7 7 9 5 7 5 9 5 9 10 9 0 2 0 10 2 2 0 9 7 3 5 9 3 7 0 10 3 7 2 7 5 9 7 5 5 9 0 3 9 10 9 7 3 10 2 2 5 10 2 5 2
2 0 7 3 9 9 10 5 10 9 7 0 9 9 10 0 10 3 10 9 0 10 10 0 2 2 7 10 3 3 2 5 7 5 7 10 0 7 5 5 9 3 3 3 2 5 10 9 9 3 0 10 2 5 9 2 10 0 7 2 2 3 3 7 0 7 10 3 0 7 3 2 0 10 0 9 2 0 7 3 10 0 3 5 0 9 7 2 5 10
2 10 5 5 10 10 0 9 5 2 9 3 0 7 10 5 5 7 9 9 2 0 0 5 9 10 2 10 2 5 9 9 9 2 9 2 2 0 2 2 2 10 2 9 0 5 2 10 7 2 0 9 7 9 5 7 2 3 3 7 7 0 2 0 0 0 10 9 2 3 10 10 0 2 5 7 9 3 10 2 0 3 0 0 3 2 7 7 2 3
2 5 10 5 7 9 5 0 0 3 10 0 3 2 0 10 9 0 2 2 0 5 3 0 5 10 2 5 7 7 2 2 2 2 9 3 5 10 2 5 3 3 2 2 9 9 7 10 5 5 10 2 10 7 9 3 0 5 7 10 2 9 0 3 10 9 0 10 9 9 5 2 2 9 10 3 5 10 9 7 9 9 0 2 10 10 5 0 2 9
2 10 10 5 2 2 9 2 9 7 3 7 0 5 10 5 5 2 3 7 2 0 0 0 3 9 7 9 0 3 5 3 9 2 9 2 10 10 0 0 10 3 2 3 7 5 10 9 2 9 7 10 9 2 9 2 3 7 5 9 0 7 5 5 5 2 7 0 7 3 5 5 5 0 10 5 5 10 3 2 2 7 7 9 3 2 0 0 5 10
2 9 7 2 2 5 7 0 5 7 5 9 0 7 5 7 5 10 0 0 2 2 0 2 9 0 2 0 2 9 0 5 3 2 0 9 10 2 3 7 9 2 10 7 5 2 2 0 3 0 10 5 2 5 7 0 3 0 10 3 7 2 2 0 10 0 9 0 0 7 3 2 2 7 0 9 9 10 9 2 10 10 5 3 9 3 3 7 9 7
2 5 7 2 3 7 3 5 7 10 10 9 3 5 9 10 0 2 10 3 0 5 3 3 0 7 5 5 10 2 3 0 2 2 5 5 9 3 2 7 9 9 9 10 2 5 2 0 2 7 0 0 9 3 2 3 7 3 7 2 7 5 10 0 10 10 5 2 3 0 2 7 10 10 0 0 5 10 9 2 5 5 9 9 9 10 9 3 3 7
2 7 10 7 2 3 5 2 9 10 2 3 7 9 3 9 3 2 10 0 9 7 0 0 5 5 5 2 3 7 0 3 2 2 9 2 9 5 0 3 5 5 5 0 2 5 2 7 10 10 0 9 3 2 2 10 7 9 5 2 9 10 0 5 10 9 9 7 7 10 0 0 0 9 5 9 3 0 0 5 5 3 9 3 7 0 7 3 7 5
2 5 3 7 5 2 3 7 7 0 5 2 10 0 5 9 9 2 3 5 9 5 7 5 5 2 0 5 10 2 0 5 10 10 0 2 0 7 7 9 0 10 10 2 10 9 2 3 3 3 10 10 2 2 2 2 3 0 7 9 3 7 9 3 7 10 0 2 5 2 10 0 9 0 0 3 0 5 9 5 0 0 5 2 10 10 3 9 7 7
2 2 0 0 9 0 9 2 5 10 9 10 2 3 0 9 10 9 9 3 2 5 3 9 2 2 7 2 9 7 9 3 10 9 3 10 9 3 5 10 10 2 5 3 9 7 10 3 10 5 9 10 3 3 3 9 9 3 10 10 0 10 10 7 3 10 0 0 2 9 3 9 0 0 7 7 0 9 7 5 9 2 3 10 9 2 0 9 9 5
2 0 3 0 0 7 0 5 10 5 0 7 5 0 10 3 0 0 0 10 0 10 10 3 9 2 5 5 7 9 0 2 3 5 5 5 10 0 10 5 9 9 10 5 9 9 9 10 2 5 2 5 7 0 3 5 2 7 7 3 9 5 7 2 2 9 5 0 5 2 9 5 3 0 2 3 3 3 0 3 3 9 10 10 3 2 10 9 9 5
2 0 9 7 0 9 7 2 9 9 10 3 7 5 7 10 5 9 7 9 7 10 0 0 10 7 3 10 9 0 5 9 10 7 7 0 9 0 7 10 0 0 0 9 2 2 9 2 0 0 0 3 0 2 5 0 0 10 5 5 2 0 0 0 7 5 2 3 0 0 9 7 0 2 0 2 0 9 5 9 9 0 2 5 10 10 2 5 3 5
2 10 2 0 0 10 7 7 3 2 7 3 3 10 0 5 9 2 9 0 9 9 5 7 3 0 9 3 10 5 0 2 0 5 2 0 0 3 7 0 10 5 2 3 3 5 9 0 10 3 3 3 0 9 0 3 7 10 10 7 3 10 0 0 5 0 10 3 3 2 3 3 2 7 5 0 7 3 9 5 0 7 0 0 10 10 5 10 3 7
2 2 7 9 9 5 5 2 9 5 7 7 7 10 10 0 3 9 7 5 2 7 0 9 10 7 5 5 3 7 2 10 0 2 7 5 10 7 2 0 2 3 10 5 5 7 0 3 5 7 10 10 0 3 9 0 5 7 10 3 2 5 5 0 10 3 3 10 9 7 7 0 10 10 0 3 0 0 0 7 9 5 3 7 3 9 2 5 5 3
2 3 9 7 3 10 10 0 0 10 2 2 10 5 7 7 10 0 10 7 7 5 2 3 3 0 7 5 3 3 5 3 10 5 5 10 2 0 9 2 0 2 3 2 7 0 10 3 9 2 10 2 7 0 2 9 10 0 3 0 5 5 2 7 10 3 3 3 5 3 10 5 2 0 0 2 5 0 7 3 10 5 2 2 2 0 9 10 3 0
2 10 2 9 10 0 7 5 5 10 10 5 0 2 7 5 10 0 2 2 9 7 7 7 10 0 3 7 7 10 10 2 2 9 7 7 5 5 5 3 7 5 2 3 2 9 7 7 0 7 9 0 9 7 2 9 2 2 2 9 9 10 7 0 7 10 5 3 2 3 10 5 9 0 9 9 7 7 0 0 5 0 9 10 9 9 10 9 2 10
2 7 7 2 9 2 9 7 10 9 9 2 3 0 10 9 9 0 7 3 0 3 7 3 3 9 9 9 0 7 0 10 0 7 10 7 2 5 0 10 9 9 3 0 7 2 7 10 3 9 9 0 3 10 10 2 5 10 0 3 3 2 2 3 7 5 5 10 0 7 3 9 9 2 5 10 5 0 0 0 7 7 5 3 10 7 2 2 0 9
2 9 10 5 5 7 7 5 0 10 5 7 7 3 7 10 2 7 5 2 2 5 5 5 7 3 2 2 5 3 10 10 9 5 0 7 7 7 3 7 10 10 10 3 7 2 7 10 5 2 7 10 7 9 7 2 5 0 2 5 7 5 2 10 9 3 9 3 7 7 10 5 2 9 0 10 9 2 0 3 0 3 7 10 5 9 7 9 9 9
2 10 0 10 9 10 5 10 9 9 9 7 2 5 10 0 10 2 0 7 0 10 10 9 10 9 3 7 9 10 10 0 5 7 5 10 3 2 0 5 5 5 0 3 7 3 9 0 7 5 0 9 0 7 7 0 2 2 0 3 3 0 0 7 0 5 10 0 5 9 7 9 3 9 3 2 9 7 5 9 0 0 2 10 7 0 3 9 0 5
2 0 10 9 10 0 7 5 5 10 0 2 9 3 5 9 7 3 5 5 9 2 7 0 5 7 0 9 0 2 9 10 2 7 9 7 3 5 5 7 10 5 3 9 0 9 3 3 9 3 0 5 3 7 2 2 7 9 7 3 9 2 2 10 0 3 2 5 3 9 5 10 5 2 5 9 0 0 7 3 2 2 0 7 0 0 2 10 5 2
2 0 7 2 3 7 5 9 7 7 0 0 10 0 2 2 0 9 10 9 2 3 0 5 10 3 10 3 5 2 0 0 10 5 9 0 3 2 5 7 9 9 9 3 7 3 10 2 10 5 10 9 5 9 9 9 5 7 0 0 9 0 3 5 3 7 10 0 5 7 9 0 7 3 9 3 9 5 5 2 3 9 5 0 3 3 0 2 5 3
2 7 9 2 5 7 3 9 7 9 2 0 0 2 5 2 2 0 2 7 0 2 7 10 9 5 7 2 9 3 10 10 9 5 9 5 10 0 10 10 2 5 9 9 2 5 3 0 5 0 9 5 2 0 0 2 5 5 0 0 5 10 0 2 2 10 9 10 3 5 9 9 7 9 10 0 7 3 7 5 7 7 0 10 0 9 5 10 7 7
2 5 7 0 5 5 5 2 0 10 2 9 7 9 5 9 0 9 10 0 7 2 10 10 10 0 5 10 9 10 7 5 2 7 2 7 10 0 2 3 0 9 7 5 3 7 7 9 2 0 2 3 2 7 9 0 7 5 10 9 5 9 7 10 2 2 9 5 9 0 10 10 5 7 9 10 3 9 3 3 7 5 9 0 0 0 5 0 0 5
2 7 2 3 5 9 5 5 0 9 0 10 10 0 2 0 3 7 9 0 9 2 2 3 3 5 3 9 2 5 2 3 0 0 2 2 7 5 5 5 5 10 2 3 9 9 10 7 5 7 9 2 10 5 10 0 7 7 10 3 9 3 10 9 9 9 2 9 3 2 10 9 10 5 7 9 5 7 7 0 3 0 0 7 7 7 0 0 3 3
2 7 2 2 10 10 2 5 3 9 9 7 5 5 5 2 7 2 7 2 2 0 3 5 2 9 2 10 9 10 10 2 9 0 7 3 3 0 10 2 3 2 5 10 10 10 2 5 2 7 7 2 7 7 2 0 10 7 7 3 5 7 0 7 10 3 3 3 3 3 2 2 0 0 5 0 10 10 3 2 5 10 3 9 0 10 0 0 0 10
2 3 10 10 2 2 0 3 9 7 3 9 0 3 3 2 0 7 5 10 2 5 5 7 2 7 3 7 7 7 3 7 5 0 9 7 3 5 2 10 7 5 0 5 2 10 2 9 0 9 0 7 5 9 0 3 10 0 7 9 9 5 2 5 10 7 7 9 0 2 3 7 5 2 2 7 3 3 9 0 2 3 2 3 0 7 7 10 0 0
2 2 5 7 7 5 0 9 2 3 3 10 3 3 9 5 9 3 3 7 2 5 7 10 9 7 3 5 5 9 3 10 10 0 5 2 9 9 7 5 2 10 9 3 2 5 5 3 0 7 0 0 9 10 3 7 7 9 5 10 2 5 3 7 7 7 10 3 9 7 3 5 3 10 2 9 2 2 9 2 0 9 7 3 7 7 7 10 3 0
3 0 10 10 2 3 8 3 7 3 0 8 8 5 12 2 0 5 3 0 10 7 0 3 10 2 7 7 3 10 3 0 5 0 7 12 2 2 3 8 10 7 10 10 0 12 8 12 0 8 2 7 10 5 0 10 2 2 0 0 7 2 2 7 8 5 5 7 2 8 0 2 2 2 8 0 5 10 7 5 5 0 2 5 3 10 10 7 0 0
3 8 0 3 8 3 5 5 3 8 10 5 2 10 0 8 3 5 5 3 8 8 2 5 5 2 2 8 3 10 8 10 8 5 3 2 10 2 12 5 3 3 10 3 5 5 0 12 8 3 10 5 3 5 0 2 5 10 10 10 8 3 0 3 0 0 8 5 7 3 8 3 8 8 8 0 2 0 8 8 7 3 2 3 10 2 5 8 3 10
3 8 0 0 10 0 3 8 8 0 12 5 8 12 5 7 2 10 7 8 2 8 3 5 2 10 7 5 3 10 3 7 5 2 0 0 3 2 12 0 2 0 2 2 7 8 5 7 2 3 7 10 2 3 7 10 2 0 3 5 5 8 7 5 8 2 3 5 5 2 7 3 0 10 8 5 2 2 5 3 5 8 8 3 5 12 2 0 3 3
3 8 5 0 0 7 2 2 2 2 5 10 10 2 0 8 5 3 10 10 10 10 5 7 7 2 3 10 5 8 2 7 10 5 0 5 8 5 5 10 8 5 7 5 10 8 10 2 0 3 0 7 3 3 0 8 2 5 7 5 3 10 10 3 7 10 8 7 0 12 2 0 5 2 10 10 2 7 3 8 7 2 0 2 10 3 0 3 2 2
3 0 5 5 8 0 7 0 5 2 5 3 5 10 2 2 3 8 3 0 0 10 3 8 2 10 7 7 5 7 5 5 8 7 8 8 5 0 8 10 10 10 3 2 5 10 3 7 8 5 2 12 5 2 3 0 0 5 5 7 12 2 5 10 0 3 7 10 0 3 10 7 0 3 5 2 8 5 0 7 3 2 8 3 8 5 0 10 7 7
3 10 10 0 3 0 0 2 3 3 10 3 7 2 8 5 12 7 0 7 10 8 3 0 7 7 7 7 3 10 2 5 7 7 5 0 8 2 8 2 5 7 2 0 8 3 7 2 7 5 0 3 5 0 7 3 5 0 5 3 3 8 7 10 10 10 10 7 2 10 2 0 10 3 5 0 7 3 5 7 7 0 3 7 2 2 7 0 3 10
3 7 3 12 3 8 5 0 7 3 2 10 0 2 10 5 5 8 0 5 7 5 7 2 5 8 7 7 3 7 10 3 5 7 5 7 7 2 8 0 10 10 10 7 7 5 5 5 3 0 10 0 5 5 2 0 2 2 2 0 7 3 2 0 5 2 12 7 8 8 8 7 5 7 8 2 10 5 10 3 2 2 10 2 5 0 10 10 10 3
3 3 5 5 0 8 12 2 0 10 7 5 5 0 2 10 5 2 7 8 10 8 10 5 3 0 10 3 3 0 10 2 10 8 2 2 3 0 10 7 8 2 8 7 0 2 8 0 0 7 10 3 2 2 10 5 10 3 2 10 3 8 5 2 2 3 7 7 0 3 8 0 3 5 10 5 5 8 3 2 7 7 5 8 3 5 7 0 5 7
3 0 2 2 2 3 0 0 5 0 5 7 0 8 5 7 3 0 8 10 3 7 3 2 8 10 2 2 2 12 10 2 3 0 7 10 8 5 3 3 8 5 0 10 12 3 7 0 8 8 12 7 2 3 2 2 2 3 8 3 8 2 2 8 5 5 8 5 3 7 0 8 7 5 7 10 8 3 0 2 10 2 8 2 7 7 2 2 5 0
3 0 0 7 0 10 8 2 8 3 0 7 5 7 3 8 5 3 0 7 12 7 2 5 3 5 12 7 10 5 3 8 5 8 5 10 0 0 12 8 0 10 3 3 10 7 2 10 2 5 10 2 7 2 0 12 8 3 2 7 5 8 3 3 10 8 0 5 3 10 12 10 7 0 7 7 2 3 2 12 7 10 7 5 2 5 10 3 3 5
3 8 2 8 0 5 2 8 10 10 0 0 2 0 10 3 7 5 0 5 10 7 8 3 10 5 2 10 5 8 8 3 0 5 8 5 10 0 10 10 8 8 0 5 5 5 5 8 2 0 10 3 5 7 7 2 8 5 8 8 10 3 0 8 3 5 0 7 2 3 10 7 8 10 0 0 10 5 10 8 8 3 3 7 2 5 3 10 3 0
3 10 2 0 5 2 3 7 2 2 3 5 0 7 10 5 0 5 5 3 5 3 5 8 10 8 5 3 7 8 3 7 8 7 8 7 2 3 3 2 0 8 3 0 12 0 2 7 3 7 2 2 0 3 5 5 12 0 2 2 5 0 2 3 8 12 10 10 2 0 8 8 3 0 7 3 12 0 10 8 3 8 2 7 7 0 0 8 8 10
3 2 8 5 8 5 7 2 3 7 5 8 0 0 2 0 2 10 2 8 0 5 7 2 3 10 2 8 7 3 0 12 5 0 10 2 7 7 5 8 7 10 7 5 5 0 0 0 3 3 7 3 10 3 10 2 5 12 2 2 3 10 7 0 8 2 2 5 7 2 10 0 0 0 5 3 8 12 10 7 0 8 0 2 2 8 2 10 5 0
3 7 10 10 7 3 5 10 0 8 10 10 7 3 0 7 10 2 2 3 8 0 5 8 8 3 2 2 7 5 5 5 0 3 0 8 10 2 7 2 0 2 10 7 0 7 8 12 2 10 0 0 7 2 10 12 8 7 0 8 5 12 0 5 3 5 5 8 12 2 3 3 10 8 2 10 12 8 0 0 8 10 2 5 5 10 0 12 10 3
3 10 2 5 5 0 2 3 7 2 5 3 5 0 7 0 3 0 8 7 2 8 0 10 10 8 10 10 7 3 0 7 5 0 7 5 3 3 2 0 0 8 3 7 12 5 10 0 8 7 8 8 8 10 5 8 10 5 0 10 8 2 2 5 5 7 8 10 0 2 0 5 5 3 8 8 0 7 12 3 5 3 2 2 3 7 10 5 7 8
3 10 7 2 0 5 3 5 2 8 10 7 0 5 7 5 0 8 5 7 5 3 8 10 0 8 5 8 12 5 12 5 10 10 5 5 10 8 10 10 8 7 5 7 5 8 2 7 0 8 2 8 5 3 0 5 0 0 8 5 3 2 0 0 8 5 7 7 3 5 3 10 7 8 2 10 10 3 3 3 0 8 7 10 7 3 3 2 7 3
3 8 8 0 0 10 8 0 12 2 10 0 7 8 3 12 5 0 2 0 8 10 5 8 2 10 5 0 0 10 7 0 8 3 2 2 7 5 5 2 2 3 2 2 5 8 0 12 7 3 8 7 0 12 7 12 5 10 5 3 2 5 5 0 0 2 8 7 0 7 0 10 5 3 3 7 10 7 12 8 8 0 0 10 8 5 3 7 8 10
3 0 10 0 2 0 0 2 0 2 7 10 0 0 2 7 8 2 0 5 0 0 2 10 5 5 2 2 8 7 10 7 3 10 10 2 2 7 7 0 8 2 8 10 3 8 2 12 7 7 8 3 10 2 2 0 8 7 3 2 7 2 3 7 7 0 7 5 3 7 3 5 10 5 10 7 3 7 8 7 5 5 5 0 2 10 0 3 10 10
3 0 10 10 7 5 8 8 0 10 8 3 0 0 3 7 3 8 8 0 5 2 0 5 7 5 2 2 10 7 8 5 8 7 8 5 12 5 8 3 5 10 5 8 7 7 10 2 2 10 7 5 8 8 8 10 0 7 0 8 2 0 10 10 0 10 2 0 10 5 0 7 5 8 5 10 5 0 3 5 2 8 0 2 2 2 8 10 5 5
3 3 8 3 10 2 7 2 3 8 7 5 7 10 7 8 7 3 0 10 0 8 5 3 7 3 5 3 8 8 2 5 3 0 8 0 0 2 2 10 0 0 8 8 7 2 3 0 5 3 3 7 8 3 3 3 0 8 10 10 5 0 0 7 2 8 5 5 2 3 5 8 5 0 2 5 7 0 10 5 10 8 3 10 2 10 0 10 10 10
3 3 5 5 7 10 0 2 8 8 3 2 0 7 5 5 2 10 3 5 0 0 7 7 8 0 3 0 2 5 2 3 7 3 2 8 10 0 10 2 7 7 5 10 7 3 8 5 10 7 0 8 7 12 3 8 2 8 3 10 5 2 7 7 3 7 3 2 8 0 3 2 7 7 7 2 2 7 8 2 0 7 10 0 3 5 2 8 3 7
3 5 5 3 5 8 5 5 10 2 7 0 10 7 8 8 0 5 0 3 10 7 0 10 0 8 8 3 0 10 8 10 5 5 0 10 7 2 8 8 8 2 7 2 3 7 12 2 0 8 12 8 0 5 5 2 5 0 5 2 8 2 10 3 5 8 2 5 5 0 3 5 5 5 2 2 8 0 10 8 8 10 8 0 2 3 3 10 10 3
3 7 3 0 10 3 5 5 0 0 2 3 0 5 10 5 8 7 10 2 8 3 2 0 0 10 10 7 0 10 8 7 7 2 3 0 5 8 2 7 2 12 0 7 2 0 5 7 7 3 2 0 2 7 7 5 12 7 5 2 2 8 2 7 2 7 8 8 8 3 5 0 7 2 3 8 2 3 2 8 0 5 5 8 7 12 10 8 0 10
3 12 3 0 0 8 0 0 8 5 3 12 7 0 10 3 3 10 3 3 8 3 3 7 0 0 3 3 8 2 0 8 10 0 0 5 3 5 3 8 2 10 8 7 3 8 3 10 10 8 5 5 7 5 3 2 0 0 3 10 10 2 10 5 10 2 0 7 7 0 7 3 3 5 7 8 8 5 2 3 0 2 0 7 0 0 10 10 3 2
3 0 5 3 5 5 0 5 3 0 5 3 3 5 7 10 7 8 0 10 8 3 3 2 3 0 8 0 5 8 12 7 7 7 7 3 10 3 12 3 0 5 0 0 3 12 2 3 0 0 0 5 0 3 8 3 8 8 10 7 8 5 3 2 8 3 10 7 7 10 7 3 7 10 2 0 10 5 3 2 0 0 0 3 0 2 3 5 7 2
3 5 7 8 5 0 10 10 5 8 5 8 3 2 12 7 0 8 2 7 3 7 2 3 7 5 0 5 7 5 8 0 2 7 12 12 2 7 5 3 2 7 2 3 0 12 5 8 10 2 10 3 8 0 5 3 5 3 0 5 3 10 12 3 10 2 3 0 5 2 10 7 8 3 10 2 5 8 0 2 7 12 2 8 8 0 3 2 0 7
3 0 10 2 3 10 7 2 10 2 2 2 10 8 5 7 3 3 0 0 5 2 10 2 5 3 10 0 0 3 5 5 3 0 5 10 3 0 12 5 3 2 10 8 10 5 0 5 2 7 2 8 10 3 2 7 8 8 12 3 3 2 2 5 0 2 0 8 5 3 0 3 2 5 5 2 8 5 7 0 5 0 3 2 3 7 0 10 2 2
3 0 3 0 10 5 2 8 2 8 5 0 8 3 10 0 8 2 7 8 10 8 2 0 0 7 7 3 0 5 10 10 7 8 0 3 10 2 10 0 7 10 7 12 3 2 0 7 0 8 8 0 10 3 2 7 3 5 2 5 0 3 7 8 0 7 8 2 3 7 0 3 10 12 10 10 12 8 0 7 3 7 3 5 0 3 2 2 0 0
3 0 7 10 10 0 5 0 7 3 8 5 2 2 8 8 0 2 3 0 0 2 5 12 2 3 2 0 7 0 10 2 0 2 10 3 8 3 10 2 0 5 2 5 2 2 2 2 5 5 2 5 5 0 5 8 8 8 7 3 7 0 0 3 3 8 3 0 2 0 7 8 3 8 2 0 10 7 2 8 8 8 0 3 5 5 2 7 0 5
3 3 7 5 10 5 3 7 12 5 0 0 0 8 3 7 10 5 10 7 8 5 3 3 5 8 7 7 10 0 0 0 10 0 10 3 8 0 8 0 7 10 2 3 12 12 7 10 10 7 3 3 10 10 2 5 8 3 2 3 8 7 0 2 7 0 2 2 8 3 2 10 0 0 10 8 0 12 0 2 8 10 3 8 2 8 3 8 0 0
3 7 0 10 7 2 8 2 0 3 3 10 10 10 10 0 10 0 8 2 0 3 8 5 8 2 2 2 8 5 7 0 3 8 12 10 7 5 7 7 10 5 2 10 0 3 8 10 8 3 3 7 8 0 2 8 3 0 10 7 10 3 5 8 8 12 5 0 7 8 0 10 8 0 10 7 2 8 0 3 5 8 3 7 2 7 12 8 3 0
3 5 2 10 7 7 7 3 0 5 7 0 2 2 7 7 3 10 5 5 3 2 8 7 7 0 8 5 10 7 5 0 0 8 2 7 0 2 10 2 8 2 10 5 2 10 3 0 2 2 7 3 10 7 0 8 7 0 8 10 0 8 7 0 10 5 2 2 5 0 3 0 0 5 12 2 3 0 7 2 8 10 8 7 8 7 10 3 3 2
3 10 7 7 3 2 10 3 3 2 3 5 8 2 3 7 5 0 2 10 7 10 3 10 10 0 2 3 0 5 2 2 5 0 5 10 10 5 8 0 8 0 0 12 7 0 7 8 3 3 3 0 8 8 5 7 3 5 10 7 7 10 8 5 2 7 10 2 2 5 8 8 5 8 7 10 2 0 0 3 5 5 5 3 7 3 8 0 3 2
3 3 5 5 0 10 2 5 3 10 2 0 0 3 10 7 12 10 7 5 0 2 3 5 8 3 5 3 5 7 5 0 3 7 0 5 10 2 2 8 10 8 8 8 5 8 7 3 7 7 2 10 7 8 7 10 0 7 0 8 5 0 12 7 7 10 2 2 5 7 3 7 0 3 10 8 7 2 2 3 5 5 2 2 12 3 8 2 0 7
3 8 0 8 5 3 7 12 8 0 7 3 7 8 5 5 5 7 8 5 0 12 3 3 7 8 5 0 5 5 7 2 10 2 2 0 10 5 0 8 10 2 2 10 5 7 2 0 0 3 10 3 2 7 3 10 2 7 0 0 2 2 8 8 7 3 7 2 5 0 10 7 3 5 10 5 5 7 5 5 3 0 7 10 3 8 12 7 8 5
3 7 5 2 2 10 0 7 8 5 8 3 2 8 7 2 5 0 8 8 2 2 5 10 2 0 10 5 3 8 2 10 5 10 10 0 0 2 12 0 3 8 5 0 5 10 7 8 7 3 0 3 0 10 8 0 8 8 0 0 8 8 2 5 7 0 10 10 0 0 10 0 3 3 7 2 5 5 10 7 5 0 7 0 7 2 3 0 8 5
3 12 3 3 2 7 5 12 10 3 5 3 2 5 8 5 7 0 7 8 0 7 2 3 10 7 7 0 7 5 10 2 7 2 8 2 7 0 2 10 10 7 7 8 10 8 0 2 3 12 8 10 7 7 10 0 10 0 3 0 3 3 3 2 3 2 10 0 0 2 0 7 10 7 5 5 7 0 2 10 0 2 3 2 2 2 5 5 8 5
3 5 3 5 3 2 10 5 10 0 0 10 0 10 5 8 7 8 0 8 2 3 0 3 0 2 7 10 3 3 12 7 10 3 3 0 10 10 0 0 7 5 8 2 0 2 10 5 3 8 8 5 3 8 8 3 0 0 10 8 0 0 0 5 7 8 7 8 3 3 12 0 2 2 10 2 0 2 0 0 2 2 7 10 2 8 2 8 8 5
3 3 0 3 7 2 7 2 8 3 3 8 5 3 0 8 2 3 3 7 10 10 0 2 2 8 5 2 3 10 8 10 7 7 5 8 2 3 8 0 10 0 5 0 10 8 2 5 7 5 2 8 0 0 7 5 0 5 2 10 2 5 7 2 0 7 12 5 10 12 10 5 0 10 5 8 5 3 2 0 8 3 8 8 3 0 10 8 5 0
3 0 5 5 3 10 8 12 5 2 2 10 3 8 3 2 10 12 10 10 7 7 0 3 10 3 3 0 8 8 3 0 10 0 0 3 3 3 8 10 0 5 5 5 8 3 5 0 0 0 7 3 3 3 3 10 10 5 8 7 0 2 0 7 2 3 0 5 3 2 10 12 10 0 2 5 7 0 10 0 3 8 3 5 8 10 7 5 5 3
3 0 2 10 3 3 8 3 7 10 7 2 10 3 0 0 10 8 3 7 0 2 7 7 0 5 3 5 3 0 2 0 7 7 3 2 8 10 3 10 10 0 5 0 10 8 5 0 7 3 10 5 5 10 12 7 10 0 8 8 2 10 7 5 8 0 2 12 2 7 10 10 8 3 12 0 7 10 8 12 2 10 3 8 7 2 0 8 0 8
3 3 8 2 7 8 2 7 0 3 3 7 3 7 5 3 8 7 5 8 2 2 5 7 3 2 10 2 2 3 7 8 2 3 5 5 8 0 5 0 5 10 0 3 8 10 12 8 8 2 5 3 2 3 3 2 5 10 7 2 2 5 10 2 5 5 3 2 0 0 8 5 3 5 7 3 10 0 3 3 7 8 8 8 7 5 7 3 7 0
3 0 8 7 8 7 12 0 3 7 0 2 8 7 3 8 12 8 0 5 5 10 0 10 3 8 5 7 5 7 2 2 8 2 5 2 7 2 5 8 3 10 5 0 0 3 2 0 2 8 0 2 5 3 2 0 8 7 8 2 10 8 12 3 2 5 5 5 5 0 7 3 7 5 8 7 10 10 3 8 3 5 3 7 10 8 7 10 10 5
3 3 5 5 5 3 0 0 0 8 8 5 8 5 0 7 0 12 8 2 0 0 7 7 3 2 0 10 7 8 5 3 10 0 2 2 8 5 0 8 8 5 7 3 0 3 0 12 12 10 7 3 12 3 2 5 10 3 7 2 0 3 7 3 12 2 7 7 8 10 12 7 3 2 8 5 3 3 0 8 5 2 2 8 2 7 8 2 2 2
3 7 0 3 7 10 10 7 0 7 7 7 10 7 2 5 3 0 3 10 2 3 2 12 2 0 0 5 7 2 8 5 2 2 3 10 7 7 8 12 7 10 0 10 12 0 2 2 12 8 0 7 7 7 7 3 0 7 10 7 2 8 3 0 5 3 7 5 2 3 8 0 12 8 10 5 12 7 10 7 3 10 2 7 0 10 8 3 10 7
3 10 8 8 8 3 7 2 10 5 0 7 5 7 5 7 2 8 5 2 2 12 8 5 10 0 0 2 2 7 7 3 5 10 2 0 2 0 7 3 5 8 7 7 3 5 0 7 10 10 7 12 3 2 5 7 3 0 5 5 5 8 8 10 5 2 0 5 3 8 5 2 5 0 10 3 5 3 2 7 10 10 0 0 2 8 5 7 7 7
3 10 7 7 7 8 10 5 2 5 7 5 2 0 3 0 8 5 7 5 10 3 0 2 3 3 7 8 10 12 8 0 8 0 5 7 7 2 7 10 10 0 3 2 0 2 2 0 3 5 2 3 3 3 2 5 8 3 8 10 3 10 5 10 3 7 10 7 3 3 8 2 7 2 10 2 2 2 5 7 10 8 7 10 7 7 3 10 5 2
3 10 3 12 0 12 12 3 10 2 7 3 2 10 7 0 2 10 2 3 5 10 10 0 7 0 5 5 8 5 3 3 8 3 5 8 7 0 2 2 7 7 5 10 10 2 0 10 0 7 7 0 8 5 3 0 2 7 5 10 0 2 3 8 2 10 10 8 5 3 5 8 0 10 5 2 2 7 5 0 2 8 2 2 0 8 10 10 0 3
3 12 12 5 10 10 5 10 2 8 8 3 10 8 3 2 8 2 2 0 3 7 0 0 10 3 2 8 5 7 7 5 7 7 5 8 3 3 5 0 5 8 2 7 10 3 10 7 0 0 3 0 10 0 0 0 3 10 8 8 7 2 3 10 10 8 3 2 0 8 0 8 5 5 8 3 12 0 2 3 8 2 8 10 3 8 5 5 5 12
3 5 2 10 10 10 3 2 7 0 0 2 5 0 7 8 7 7 3 2 10 7 7 3 7 5 3 0 5 0 5 5 7 8 8 8 7 0 0 0 7 5 3 7 3 7 2 3 5 10 0 8 8 3 5 2 7 8 10 3 8 2 7 10 0 3 5 2 10 2 3 8 8 2 7 0 5 0 8 7 12 2 8 10 8 0 7 2 2 10
3 8 0 3 7 0 8 10 10 0 8 8 5 3 8 10 3 0 3 8 7 7 10 0 10 3 3 10 8 7 7 10 7 8 7 5 7 3 2 7 0 2 8 5 7 5 7 0 5 3 8 0 7 8 10 8 10 5 5 2 0 7 12 5 10 10 8 8 5 2 7 8 10 0 8 2 2 7 5 5 7 2 0 10 7 0 7 3 0 3
3 0 0 2 3 12 5 2 8 7 0 12 5 7 8 8 3 8 3 2 10 2 8 5 7 3 5 3 8 7 2 8 2 10 2 10 7 5 5 10 3 2 5 8 0 5 3 8 7 8 7 10 0 2 8 5 10 2 10 5 5 7 2 5 0 2 0 10 8 3 5 5 10 5 5 8 8 2 3 5 8 7 8 2 0 0 8 12 8 5
3 5 3 0 7 5 7 2 5 8 7 0 2 2 7 8 10 2 2 8 3 0 10 0 0 7 2 0 2 3 5 8 8 8 10 10 0 2 2 7 8 8 2 0 8 10 5 12 8 0 10 2 5 0 10 7 8 3 2 8 3 7 5 7 3 5 2 3 2 5 12 10 3 8 5 8 7 2 12 0 7 7 7 0 7 0 7 2 5 0
3 3 8 3 5 5 0 12 0 3 8 3 3 0 7 2 8 3 2 8 2 5 5 7 10 10 8 8 0 7 0 10 0 5 5 8 8 5 7 5 10 2 3 10 2 5 10 10 3 0 12 0 8 5 0 2 10 0 0 0 7 0 7 5 3 2 7 2 3 7 5 12 12 7 0 3 10 0 3 8 12 0 0 3 3 8 2 3 10 7
3 0 3 2 0 8 7 0 8 8 3 2 8 12 5 5 8 0 2 5 10 10 7 5 3 12 5 5 0 12 8 10 0 5 7 10 8 0 0 0 2 0 3 8 3 3 2 8 10 5 5 12 0 5 8 0 2 7 2 7 0 3 2 0 8 7 10 10 8 0 2 8 2 0 10 3 8 5 5 10 5 5 8 5 5 3 3 3 7 7
3 0 7 3 2 8 0 5 7 8 3 10 10 10 10 2 7 7 8 10 10 2 10 5 8 0 0 10 0 2 8 5 5 3 3 7 10 8 7 5 7 2 8 5 3 0 2 8 0 3 7 0 2 5 0 3 0 7 10 8 3 0 10 5 8 2 8 10 7 8 5 3 3 5 10 5 0 10 10 2 2 5 8 10 10 12 5 2 3 2
3 8 2 0 3 10 3 10 0 2 2 12 10 7 0 0 8 3 7 7 3 7 8 12 8 2 5 0 0 3 2 0 5 7 3 10 8 10 3 10 8 2 10 0 2 0 8 5 7 0 3 10 7 2 3 2 7 0 3 7 0 5 8 8 10 12 8 2 8 5 8 8 5 0 10 3 3 0 5 3 3 0 8 8 0 5 3 8 8 3
3 3 5 3 8 10 2 5 10 8 2 5 7 3 3 3 5 5 10 8 3 7 2 7 8 5 3 5 7 8 12 12 10 8 5 0 2 8 0 8 3 7 3 5 8 3 7 2 7 7 8 12 0 2 8 7 7 3 0 8 8 0 5 3 3 5 10 5 7 2 0 8 10 12 12 0 0 2 3 0 0 10 2 0 5 0 3 2 7 3
3 5 2 8 5 7 7 0 5 10 8 10 5 3 5 0 2 10 5 0 10 0 7 0 7 5 7 10 7 3 7 0 0 7 3 7 3 0 5 7 7 8 10 2 5 10 3 7 3 5 8 3 3 2 8 0 8 10 7 0 8 0 7 8 7 7 3 3 7 7 8 3 0 7 0 3 2 5 10 0 2 3 5 7 7 2 2 8 0 2
3 0 5 12 3 0 3 0 0 12 8 2 10 10 5 10 2 2 7 0 3 7 10 10 3 3 0 2 5 10 0 3 7 8 10 3 0 0 0 7 0 8 10 2 5 8 8 3 5 0 8 10 10 8 10 5 5 3 8 8 0 0 8 2 5 0 12 0 2 7 5 7 8 5 0 2 7 8 2 3 5 7 2 0 10 0 5 12 10 10
3 8 0 0 8 8 10 2 3 0 0 5 7 3 7 3 10 3 3 10 5 0 2 7 12 5 8 3 7 3 2 8 7 8 10 5 3 10 8 0 5 0 7 12 7 5 5 10 2 5 7 3 10 0 3 7 5 10 5 2 5 0 5 3 5 0 8 7 3 2 0 7 7 2 7 0 0 2 8 2 3 10 0 8 2 5 7 10 0 3
3 12 2 2 7 10 7 3 7 8 7 8 2 10 2 0 3 10 8 2 3 10 2 7 7 7 2 0 2 7 2 7 0 0 5 10 5 10 0 0 3 5 8 8 2 5 3 5 3 5 3 10 3 7 5 7 8 5 7 10 10 5 0 5 3 7 2 3 3 0 0 0 10 7 0 2 0 3 5 10 10 0 2 0 0 8 5 3 10 7
3 3 3 2 7 8 0 10 7 8 0 2 2 5 5 10 5 2 7 8 7 8 0 2 12 5 0 12 0 0 5 10 5 5 0 7 5 8 3 3 8 0 8 7 0 5 3 8 10 7 8 0 0 8 3 3 2 10 2 8 2 7 5 0 10 5 3 0 0 2 7 8 12 10 3 7 3 7 8 10 5 5 7 5 8 2 7 3 0 3
3 5 0 8 7 8 3 5 2 5 5 5 10 0 8 8 2 12 10 0 2 3 7 8 3 7 2 5 3 5 2 8 10 0 8 2 10 3 5 2 12 3 5 7 12 5 7 3 10 3 2 0 3 2 2 12 2 0 10 3 5 0 10 8 0 3 0 8 10 8 8 3 2 7 8 2 0 8 10 5 2 10 7 10 0 7 7 0 3 0
3 10 0 10 0 3 8 3 10 0 8 7 3 3 2 5 10 2 10 0 12 8 7 0 0 8 10 8 5 8 3 0 7 0 0 7 0 7 0 0 0 3 8 10 2 8 2 10 5 5 10 2 0 12 2 8 0 0 8 8 7 10 2 12 7 0 0 10 10 8 10 3 2 8 2 12 2 0 7 5 2 12 2 8 8 5 2 10 7 8
3 3 7 5 8 10 0 8 10 7 5 3 5 10 2 0 7 3 3 8 10 0 5 3 2 0 8 0 12 10 5 7 5 10 3 7 12 3 10 0 8 3 2 7 8 2 8 5 7 2 8 5 10 5 5 8 10 5 3 3 7 2 8 10 8 7 0 7 10 0 0 3 7 8 7 5 10 2 7 0 7 8 10 10 12 10 10 10 8 8
3 3 2 10 10 10 3 5 2 3 10 10 0 7 0 5 10 10 5 3 10 0 7 8 12 0 7 0 5 0 0 5 0 10 7 2 10 0 8 7 8 3 8 0 7 7 0 5 5 2 7 2 3 2 5 5 3 7 5 3 0 0 10 3 8 5 2 0 5 5 0 3 8 3 7 0 0 10 12 0 8 0 10 5 2 10 3 10 3 3
3 2 3 7 0 5 8 10 7 10 3 7 8 3 7 10 2 7 10 7 10 3 2 0 8 0 8 2 8 0 2 0 12 10 0 5 8 2 10 2 0 8 3 3 2 8 3 7 3 2 10 12 7 8 2 12 8 7 5 8 0 8 7 10 8 8 5 5 0 3 3 2 10 8 2 5 7 8 7 3 7 5 7 10 8 0 0 5 0 8
3 0 2 3 7 3 7 8 0 2 0 7 8 7 2 5 3 3 10 3 7 8 2 2 5 2 3 5 8 7 5 0 7 2 10 5 2 3 0 10 10 5 2 10 0 10 8 2 2 2 8 10 5 10 2 8 2 5 5 7 3 3 7 0 5 0 3 10 3 0 10 3 10 2 0 2 0 2 0 0 0 3 2 7 8 12 10 5 0 7
3 0 0 3 5 0 8 12 10 0 8 0 2 0 3 8 5 3 2 0 7 3 8 2 3 5 10 8 8 5 5 7 0 2 5 2 7 10 7 7 5 10 7 0 2 7 7 0 8 8 10 2 2 10 0 3 10 5 5 3 7 7 8 0 5 7 7 7 3 10 0 12 5 7 7 10 3 2 2 7 10 10 10 8 2 3 0 7 2 2
3 10 7 0 5 10 2 0 0 5 3 3 2 7 0 3 0 3 5 7 8 0 2 5 8 3 3 2 5 7 7 3 0 7 10 12 7 0 8 7 2 3 3 0 0 12 8 0 3 5 8 8 2 10 0 0 3 2 2 0 3 7 7 3 3 3 0 8 8 8 7 0 0 10 3 10 3 7 12 12 12 8 8 2 10 7 7 0 5 7
3 5 10 0 3 2 10 7 10 5 0 8 3 7 8 0 8 2 8 0 0 0 8 0 7 10 12 5 7 5 8 10 10 5 5 10 2 8 7 3 3 7 7 8 3 12 3 2 10 5 12 8 3 3 0 8 2 7 0 12 2 7 0 10 5 10 5 0 0 2 2 5 0 2 7 10 7 5 12 12 8 8 10 3 3 8 7 7 2 10
3 7 7 2 2 7 2 3 5 10 8 8 5 7 8 5 10 10 0 7 12 2 3 7 8 3 3 0 2 7 8 5 10 10 5 2 10 3 0 10 7 7 3 3 3 10 7 12 3 8 7 5 8 3 7 12 5 3 10 2 5 10 7 5 0 3 10 8 5 8 0 3 10 0 7 5 0 2 7 2 5 2 7 5 0 0 5 2 3 0
3 0 3 5 0 10 8 0 3 8 8 10 10 12 5 10 2 7 7 8 0 7 3 3 2 5 0 7 8 8 2 0 5 7 7 2 5 10 8 10 0 3 3 7 2 5 10 8 5 0 5 0 0 3 7 0 8 12 2 8 8 2 7 8 2 3 0 10 7 5 7 10 3 0 0 7 7 10 2 8 2 5 10 7 5 2 10 10 10 8
3 5 7 5 2 10 5 5 0 7 3 5 0 10 2 10 10 8 2 5 0 3 10 3 5 2 0 8 5 2 3 2 10 3 5 10 2 3 8 2 10 10 7 0 12 7 2 3 7 7 2 7 8 3 7 7 3 0 2 3 7 5 7 7 12 3 5 10 5 5 3 3 8 3 5 0 2 7 10 12 2 3 8 10 8 5 3 3 3 7
3 10 0 5 2 5 0 8 0 10 7 8 0 3 8 7 7 0 0 10 0 7 0 7 5 8 0 7 5 5 10 5 0 3 5 0 3 7 0 5 5 0 5 2 0 3 5 3 8 7 2 8 8 10 8 2 5 0 10 3 2 8 5 8 2 8 8 5 2 0 3 7 8 3 0 12 0 8 0 2 3 5 5 10 5 0 8 7 10 5
3 0 5 5 3 2 2 2 5 12 8 5 5 2 3 3 2 8 3 3 7 8 2 10 0 10 8 8 12 0 8 5 2 10 5 2 5 7 12 7 7 2 0 2 10 2 10 8 7 3 0 8 0 3 3 7 7 2 7 3 3 7 10 8 0 8 8 2 7 10 0 12 10 7 5 10 5 0 7 2 0 0 7 8 7 8 7 0 3 5
3 8 7 10 0 5 7 10 2 3 5 8 7 8 5 2 10 5 8 8 5 2 5 7 10 8 7 10 7 10 5 8 10 0 2 0 7 2 7 5 2 3 3 0 7 2 5 7 2 0 8 10 8 7 3 2 7 2 5 3 3 3 0 7 12 5 12 7 3 10 3 0 0 5 10 2 12 8 0 5 7 2 2 5 5 3 0 5 3 8
3 5 0 8 2 5 0 7 10 3 7 3 7 0 2 7 0 3 3 5 2 8 10 0 8 3 2 7 3 7 7 7 3 0 2 8 0 2 3 3 0 5 8 3 5 2 5 5 10 0 0 8 3 0 5 7 5 10 7 7 0 2 2 3 8 5 3 7 5 8 10 0 10 5 8 10 10 10 5 0 3 8 2 10 10 7 10 0 3 7
3 10 3 3 0 8 3 5 10 7 12 7 10 3 7 7 8 5 7 8 3 12 0 3 3 10 8 2 0 0 3 10 10 5 3 10 12 5 5 10 7 2 2 0 8 3 5 7 12 0 5 8 5 5 5 10 8 2 5 7 10 5 10 5 10 2 5 3 2 8 12 3 5 7 7 12 5 5 2 5 0 5 7 5 2 10 8 3 5 8
3 5 0 0 0 8 10 12 7 5 5 5 8 7 5 3 3 2 10 7 7 8 0 0 2 3 10 5 3 0 2 2 10 8 5 10 3 10 8 7 2 3 2 7 10 2 10 0 5 5 2 5 8 8 2 3 5 8 8 0 5 8 3 7 5 2 2 5 7 3 5 2 7 3 7 5 8 2 5 3 8 0 8 7 3 8 3 7 5 8
3 3 7 8 10 10 10 12 0 10 2 3 5 12 7 0 2 0 7 2 8 3 0 10 2 3 2 8 7 7 8 5 10 8 8 10 5 8 8 2 2 8 2 3 0 3 0 3 10 10 0 7 10 0 3 0 10 3 2 2 8 5 7 10 10 5 5 8 10 7 0 5 3 7 8 8 2 7 7 3 7 8 0 3 3 10 0 7 3 3
3 0 5 7 3 2 0 10 3 10 2 0 2 2 5 7 8 8 8 2 10 10 0 7 8 7 3 0 5 2 3 3 12 0 3 5 3 3 10 12 3 8 7 3 7 10 3 7 2 10 10 8 3 8 10 5 10 8 2 10 10 3 2 7 2 5 7 3 2 10 7 7 5 7 10 5 0 5 7 3 2 2 2 0 3 0 8 10 3 8
3 8 3 2 0 7 8 0 8 10 2 0 3 8 3 12 2 10 0 12 5 8 12 0 0 8 0 8 0 3 5 10 10 3 10 0 2 5 7 8 10 10 3 10 10 5 5 5 7 10 5 7 10 0 10 5 3 10 8 2 7 10 8 10 5 10 0 2 2 8 10 7 3 0 5 10 8 2 2 8 0 7 7 0 0 0 7 3 7 7
3 2 5 10 3 2 3 2 7 3 2 3 8 0 0 5 0 0 2 12 5 3 3 10 3 2 10 5 0 2 7 0 7 5 8 5 0 3 5 12 10 12 5 8 0 8 2 7 5 10 3 7 0 8 8 3 8 12 0 7 2 3 5 12 5 10 5 0 5 8 2 3 7 0 0 10 0 10 3 12 3 0 0 7 7 0 12 7 8 2
3 0 5 0 10 5 0 5 3 5 3 10 8 2 0 5 2 5 10 5 10 8 0 5 10 5 8 10 3 5 2 3 2 2 10 7 5 0 7 8 2 10 0 0 3 3 3 0 5 0 2 8 5 0 5 0 2 0 8 10 2 3 10 7 3 3 5 12 0 5 7 2 7 7 0 5 3 3 10 12 0 8 7 7 10 3 0 0 7 10
3 3 10 10 10 8 2 5 5 10 2 7 0 5 5 2 5 2 12 7 10 8 10 7 3 0 0 5 7 7 2 10 2 0 8 10 7 3 10 0 0 8 3 3 5 10 0 7 7 7 7 8 0 5 0 0 8 2 2 2 10 5 3 7 12 0 0 0 8 7 5 0 7 7 3 2 0 12 2 10 2 3 5 8 5 5 0 0 2 7
3 3 8 8 7 7 7 8 0 5 10 8 5 0 5 8 3 2 5 7 3 8 5 10 7 3 5 3 7 2 10 8 7 0 8 0 2 3 2 10 2 0 8 2 0 0 10 7 8 8 0 3 5 3 10 2 3 0 2 5 0 7 2 5 3 10 8 10 0 2 2 8 8 7 12 2 2 12 2 3 3 5 5 2 10 10 3 12 0 7
3 3 8 3 12 7 5 3 10 3 10 5 2 3 10 5 0 5 3 10 8 2 7 10 0 10 5 8 8 7 8 2 8 2 3 5 2 2 2 5 8 3 3 0 5 10 3 7 10 10 5 5 3 7 5 7 0 0 0 8 0 7 0 2 8 7 0 10 3 0 0 7 10 8 2 3 8 10 7 10 8 2 7 7 7 3 0 10 12 0
4 0 12 3 8 11 1 8 4 0 7 9 9 5 12 9 3 7 3 9 9 7 5 5 7 9 1 12 0 4 4 0 7 5 3 9 1 7 0 0 4 7 3 5 11 7 11 1 8 11 5 3 8 4 8 0 5 3 0 11 0 0 11 0 1 12 9 4 12 4 4 3 11 7 8 4 0 3 5 7 11 3 0 1 11 8 1 3 12 0
4 12 0 11 7 7 11 7 5 4 0 7 11 0 11 12 5 1 4 0 7 1 7 9 0 11 9 5 0 5 1 0 8 0 5 11 8 1 3 0 11 3 1 11 11 7 7 1 3 12 11 5 4 12 8 0 7 7 0 12 1 1 4 4 7 0 0 5 8 1 0 3 3 7 11 9 7 11 1 0 12 8 11 11 4 3 7 9 4 0
4 4 3 0 4 0 7 12 5 8 9 8 9 8 12 1 4 7 9 5 3 7 5 1 12 8 0 3 3 3 7 5 7 12 9 1 7 7 1 4 1 1 3 12 0 12 11 9 11 11 1 7 4 12 1 12 0 4 1 5 1 5 9 5 0 7 7 1 4 9 3 8 11 9 9 7 5 7 1 9 8 9 0 12 1 1 4 9 4 12
4 4 11 8 0 11 11 5 8 8 9 7 1 0 5 3 12 9 0 11 9 0 3 3 5 8 8 4 12 11 1 11 1 11 4 1 0 5 3 3 4 5 7 5 5 3 9 1 9 12 3 12 0 4 3 11 4 7 11 8 12 9 12 1 1 5 9 8 7 9 11 11 1 5 5 4 11 7 8 0 8 1 8 11 4 4 9 5 1 8
4 4 8 4 12 0 9 12 4 7 7 9 1 7 4 0 11 0 7 4 7 8 3 7 11 8 4 1 1 8 3 1 3 12 11 4 7 11 11 0 8 5 5 1 0 4 5 1 7 7 5 11 8 4 5 11 11 9 9 5 11 4 1 7 8 7 3 11 1 5 1 1 1 4 1 11 11 5 1 12 4 7 9 3 12 0 8 7 5 12
4 0 4 11 12 1 0 1 8 8 7 12 11 3 8 1 3 9 9 12 1 7 4 7 0 5 0 8 1 4 5 7 1 1 3 3 0 11 8 4 9 9 9 9 0 4 5 8 4 9 4 9 5 3 4 12 0 11 5 1 7 4 8 9 7 11 5 4 8 12 8 0 12 3 11 0 0 3 5 5 4 7 9 9 7 0 0 1 7 3
4 11 3 5 9 4 4 0 3 4 3 5 7 12 0 8 5 11 7 3 0 3 11 8 9 3 9 9 1 12 7 4 11 11 9 12 4 12 0 0 8 0 0 9 5 7 11 0 11 3 8 5 8 1 5 4 9 7 9 3 1 4 9 11 8 8 5 0 1 7 7 1 0 11 12 1 7 3 3 5 9 1 0 1 7 9 5 4 11 8
4 8 5 8 0 7 0 0 0 7 0 0 0 4 7 4 8 5 4 11 4 8 12 3 5 9 0 9 4 12 1 12 7 8 5 9 4 0 11 3 8 7 4 3 9 11 4 7 8 11 4 9 7 11 7 9 4 12 0 8 8 11 1 11 7 4 11 8 7 5 4 8 5 7 11 3 5 9 5 5 11 1 0 4 9 7 11 12 12 11
4 7 11 7 7 11 9 9 0 0 4 1 7 1 0 3 1 12 12 12 7 0 9 1 11 12 11 9 1 1 0 0 7 9 8 4 9 1 1 11 7 3 9 3 3 0 4 7 0 11 4 5 9 8 0 7 7 11 11 1 4 3 5 8 4 1 7 5 0 4 5 5 9 1 0 1 1 4 1 11 4 3 8 11 12 1 8 3 8 8
4 9 11 7 11 8 5 3 9 3 0 5 1 8 9 11 11 0 12 7 5 11 0 0 0 3 4 3 0 8 4 3 1 9 7 8 7 8 3 5 5 5 8 5 11 3 12 5 3 3 1 11 9 8 8 1 0 3 7 5 5 7 12 4 0 8 7 0 12 3 12 9 1 5 12 11 3 12 0 5 11 3 0 8 3 4 8 4 4 4
4 3 0 0 1 11 0 7 1 5 1 0 11 3 8 7 3 5 5 11 12 9 11 0 9 5 9 7 3 3 11 5 7 7 5 8 5 7 8 4 7 12 11 1 0 5 3 0 8 8 8 7 9 0 11 5 12 0 11 9 4 1 5 0 4 0 11 4 3 8 3 3 5 4 3 12 9 8 4 4 0 11 7 4 8 11 8 11 8 3
4 0 7 11 9 11 7 0 1 5 0 12 0 0 11 0 11 1 3 8 0 0 8 5 0 5 7 7 7 5 11 5 7 7 8 1 7 3 5 9 0 7 4 1 5 7 7 7 4 0 5 3 12 9 11 1 1 7 7 9 7 3 0 1 8 7 11 9 8 8 7 4 9 7 11 5 12 7 4 12 8 5 1 11 3 0 4 12 0 11
4 7 5 12 9 4 0 12 11 3 8 12 5 0 11 3 5 12 1 11 5 1 7 9 5 5 4 0 3 9 7 9 9 9 12 5 8 4 9 7 11 1 0 12 8 0 9 9 7 3 12 4 0 3 12 5 3 11 5 7 7 8 1 5 1 5 4 8 0 12 1 0 5 3 12 5 9 9 1 12 5 5 0 7 3 9 12 8 8 5
4 12 5 5 0 1 8 3 3 3 3 3 3 5 0 7 12 0 7 7 5 5 11 7 11 7 5 3 7 8 3 7 1 8 7 5 5 0 9 4 12 8 5 9 4 11 3 3 1 9 3 11 7 5 1 11 4 9 3 11 4 4 3 4 7 11 1 7 8 7 4 0 9 5 9 11 0 7 7 12 4 0 1 0 8 0 8 3 7 1
4 8 0 1 7 9 3 11 9 7 0 5 8 8 1 0 5 7 7 8 8 4 0 3 3 1 8 9 3 1 9 5 5 8 8 9 0 9 7 1 3 7 9 8 4 12 1 0 8 11 3 0 8 4 12 11 5 7 0 11 11 1 7 5 9 1 0 8 9 0 4 0 4 1 4 0 0 0 7 4 11 8 5 8 8 4 11 7 3 5
4 8 8 4 5 3 5 1 0 3 0 4 4 4 11 0 0 7 9 7 8 0 8 5 3 0 3 7 9 0 5 12 0 4 9 0 7 3 0 4 9 1 5 8 3 1 8 5 5 5 5 3 1 0 1 0 3 1 11 3 8 11 0 1 5 11 7 12 0 5 4 1 7 1 9 11 0 5 1 9 11 4 0 7 11 8 8 3 11 9
4 9 3 11 7 4 3 9 3 0 3 1 5 0 1 7 12 0 1 9 1 1 5 5 7 7 12 8 3 4 1 0 12 11 12 12 8 5 0 0 9 9 3 5 7 5 1 5 9 11 0 1 12 3 7 0 5 4 7 9 7 4 1 3 1 1 9 11 4 12 1 1 7 12 0 3 0 11 0 1 8 9 5 1 3 11 0 1 9 8
4 9 0 5 3 7 3 7 1 12 5 9 0 11 1 5 9 5 0 12 7 9 11 9 3 4 8 11 12 12 12 3 7 0 7 7 8 3 1 12 0 4 11 3 9 5 7 7 11 3 8 9 8 3 9 11 8 12 8 9 3 1 5 1 0 11 9 5 3 0 4 1 7 7 0 1 11 12 11 1 1 7 8 4 12 12 9 0 8 12
4 3 3 7 8 5 1 5 9 3 9 4 0 7 11 7 0 12 3 0 7 4 9 1 5 0 8 7 7 11 4 1 11 12 11 9 4 4 11 12 0 1 4 0 0 4 1 0 12 1 1 9 5 7 12 1 12 9 0 8 7 4 8 3 9 8 8 7 11 8 4 3 7 7 4 11 8 1 4 4 11 7 1 11 9 9 9 7 0 3
4 5 4 3 8 0 0 1 4 12 8 9 7 8 4 11 3 0 0 7 0 0 0 11 7 3 0 5 3 8 1 0 4 7 11 11 12 4 5 11 4 3 4 9 0 5 7 4 5 8 0 4 7 1 0 8 5 8 0 3 1 12 9 9 7 12 12 1 1 4 4 1 4 8 5 3 5 4 0 3 11 11 7 0 11 1 5 11 4 11
4 4 0 11 9 5 12 5 5 3 7 8 5 5 9 3 1 8 4 9 5 0 7 1 1 8 4 11 4 0 1 11 5 3 8 0 8 7 7 4 8 12 5 12 5 0 8 1 12 4 5 12 7 1 7 9 7 12 4 9 0 8 3 9 1 8 8 7 12 4 11 1 3 4 7 7 11 9 11 8 1 4 11 11 1 1 0 0 8 1
4 0 8 0 9 9 3 8 7 4 5 9 5 11 11 7 7 12 0 3 1 9 0 5 11 1 8 7 9 7 5 3 11 8 3 1 12 5 5 7 5 11 5 3 0 8 11 9 12 3 8 11 7 12 11 4 8 12 11 8 0 7 3 0 5 0 8 4 11 7 5 5 7 7 3 3 8 0 9 3 12 1 7 0 11 8 5 8 3 9
4 11 0 12 5 8 8 11 0 12 7 9 1 11 0 5 0 7 1 8 12 4 5 0 12 4 5 5 9 9 5 9 4 7 4 5 12 0 12 3 9 8 8 5 0 4 11 1 0 12 11 1 8 0 4 7 7 0 1 1 1 0 7 3 5 5 12 3 0 7 4 11 1 7 4 8 9 11 5 7 9 0 8 0 1 3 7 1 11 7
4 5 9 4 8 7 11 7 9 8 12 12 0 0 3 5 7 7 0 0 8 9 11 5 0 4 12 11 4 11 1 4 8 12 8 4 0 8 11 3 3 7 3 1 11 0 0 8 5 1 8 4 9 8 0 9 0 1 11 4 12 9 12 1 11 0 9 0 0 7 9 1 0 11 8 4 8 5 0 4 3 1 8 7 4 7 9 0 4 9
4 1 5 12 8 4 11 0 5 8 4 3 12 5 4 4 8 11 1 7 11 1 12 12 12 0 4 3 8 9 11 8 9 9 8 0 7 11 5 9 5 8 0 7 8 9 0 0 4 5 5 11 5 3 3 0 8 4 9 0 4 7 11 7 9 1 1 4 5 11 9 7 7 12 1 12 9 12 3 7 9 4 11 12 5 3 11 0 1 5
4 5 5 0 7 0 8 11 12 11 7 0 1 11 1 3 11 1 11 5 3 4 7 7 1 11 0 5 11 7 12 12 7 8 8 12 9 12 4 12 4 11 7 0 11 1 8 0 4 4 0 12 0 9 3 4 12 5 12 4 3 1 9 11 11 1 8 8 11 5 7 5 9 0 8 0 1 8 5 1 12 4 9 3 12 9 7 9 12 5
4 4 5 1 4 1 12 0 4 3 4 4 0 3 7 1 8 3 11 7 1 4 4 0 8 12 3 0 0 11 7 8 9 3 3 12 3 12 11 12 7 11 5 1 12 12 0 4 0 5 3 9 0 5 7 4 4 12 4 3 3 4 1 3 8 9 11 3 3 9 9 11 9 0 0 3 8 7 3 5 4 8 5 8 11 7 7 9 9 3
4 8 7 5 9 5 8 11 1 3 7 11 0 3 9 5 9 0 0 9 8 7 1 1 12 3 7 5 0 0 9 11 12 8 3 0 9 8 9 8 11 0 9 8 11 7 9 4 3 12 7 11 8 8 7 8 3 9 4 0 5 5 3 7 5 3 9 7 8 9 1 7 5 3 11 9 7 7 12 4 11 7 0 3 12 8 4 4 3 9
4 11 12 9 0 4 9 7 4 0 7 5 12 8 7 4 0 1 11 3 12 3 7 7 0 12 0 9 12 0 7 4 8 7 0 4 1 1 4 7 1 3 7 9 1 4 3 4 5 11 8 1 5 3 7 0 7 4 1 8 1 7 0 9 5 1 0 9 5 9 11 1 12 12 1 5 0 3 12 9 5 1 7 11 4 11 1 12 5 4
4 0 1 9 4 11 7 12 4 11 12 11 11 0 11 12 11 5 7 5 8 5 9 12 7 0 11 9 4 8 0 1 12 9 3 7 7 1 4 8 0 0 12 7 0 4 11 11 8 7 4 7 3 0 0 1 11 9 1 5 11 5 11 3 1 8 5 5 7 8 8 7 3 4 4 8 12 1 9 5 7 1 9 11 8 7 11 5 9 9
4 1 9 0 4 12 9 11 7 3 11 8 11 0 7 4 1 12 9 12 1 3 8 8 1 5 7 8 9 9 8 0 3 12 4 9 3 7 5 8 7 12 9 5 9 8 7 3 11 11 4 3 12 7 0 12 9 7 7 11 5 0 3 3 3 5 0 8 7 11 7 1 1 4 8 9 3 1 3 1 8 5 0 3 12 11 7 0 12 12
4 0 3 8 12 0 11 11 1 1 5 3 5 5 11 5 9 0 1 8 7 9 0 11 1 9 3 3 8 0 12 8 0 3 8 1 11 3 9 3 1 7 9 3 1 5 11 11 0 9 8 8 9 8 7 7 3 5 11 9 8 3 0 9 5 5 5 11 12 11 11 9 7 12 7 5 5 11 5 1 4 7 9 8 9 9 5 11 8 5
4 5 7 11 7 9 0 1 5 11 8 1 7 1 5 1 8 4 8 8 12 9 4 0 9 11 12 1 3 7 5 11 1 0 11 9 1 4 11 7 11 5 8 0 1 0 12 12 4 5 12 5 1 4 1 0 3 0 5 9 0 9 8 7 8 8 9 5 7 0 4 9 5 7 8 0 0 4 8 7 8 7 7 5 0 3 8 11 8 1
4 1 0 0 5 9 12 12 5 9 5 7 11 5 0 3 11 4 3 3 1 12 12 9 12 0 5 3 0 4 1 5 8 0 0 0 12 5 5 9 5 5 7 8 7 12 11 11 4 9 1 8 7 3 5 9 9 11 0 4 12 11 4 0 7 11 9 4 0 5 1 12 1 12 0 0 9 9 9 8 12 0 1 8 11 11 1 0 1 4
4 9 1 4 4 12 4 11 4 5 8 7 1 7 9 4 7 1 9 7 5 0 0 11 5 11 9 0 0 5 11 11 12 0 1 0 9 5 7 0 9 11 11 8 9 3 7 9 8 4 0 3 5 12 3 4 1 8 1 8 7 1 1 12 7 7 0 1 0 1 8 7 0 9 12 1 12 4 7 11 1 0 3 7 7 9 12 0 0 0
4 0 11 8 3 3 9 3 8 0 5 7 7 3 11 4 8 0 1 7 12 4 11 3 1 1 5 1 11 5 3 11 4 3 11 11 0 0 0 0 5 0 5 1 5 12 12 0 4 8 5 8 4 7 12 8 0 3 8 4 4 11 1 3 7 9 11 8 1 0 12 9 12 7 4 1 5 4 3 4 7 3 5 3 7 9 3 5 11 5
4 1 4 12 12 0 4 3 7 4 0 0 3 11 7 8 1 4 1 9 7 8 3 5 0 7 5 8 0 9 3 5 12 9 5 4 11 0 3 5 8 9 11 12 0 1 4 12 1 8 3 5 12 9 1 0 1 1 12 12 3 0 5 3 12 1 8 1 8 3 11 7 8 7 9 3 8 3 4 3 7 3 11 0 3 3 8 8 7 11
4 5 0 7 3 0 0 9 5 9 4 1 3 4 1 11 11 11 11 4 3 0 9 0 4 0 7 8 1 9 11 1 0 3 11 9 12 1 0 8 9 12 11 5 3 0 7 4 7 8 5 9 4 4 11 0 4 0 1 0 4 1 1 1 8 5 7 12 5 0 9 7 12 4 7 5 5 12 9 5 11 4 8 7 11 0 3 5 7 5
4 12 4 5 7 3 3 0 12 8 5 11 4 4 3 0 3 12 4 9 5 5 9 5 0 0 4 7 0 5 0 12 7 11 7 4 3 12 0 0 8 11 0 12 11 3 8 0 11 5 8 9 4 1 9 0 0 11 1 11 8 7 1 3 11 7 8 3 3 3 9 7 1 5 0 9 12 3 11 1 9 12 7 8 11 11 1 11 9 4
4 8 5 9 11 5 4 12 8 7 11 5 1 9 1 12 3 4 7 5 11 3 7 3 8 12 3 7 9 1 9 4 7 4 11 5 1 9 3 7 0 4 3 3 3 12 1 0 5 12 3 0 7 5 3 8 1 8 8 3 7 7 7 7 5 4 7 4 9 5 11 0 11 4 8 0 9 5 8 5 1 1 1 11 3 11 7 1 7 1
4 12 8 11 12 5 1 1 0 9 4 5 4 8 12 11 4 11 8 1 7 4 12 5 12 4 7 1 0 5 12 4 4 1 4 1 9 12 4 12 12 0 1 9 9 7 4 0 4 11 1 3 11 8 4 0 0 1 7 7 0 8 8 9 11 7 5 3 3 0 12 1 11 11 3 0 7 9 7 12 11 1 8 9 1 0 3 12 5 11
4 4 4 3 12 7 3 4 8 9 7 7 11 4 7 12 4 0 5 1 8 12 4 4 3 9 9 11 1 7 3 7 5 7 7 8 0 5 4 4 3 3 0 1 3 7 11 0 0 11 8 4 1 0 7 1 0 1 12 5 5 1 1 0 7 5 4 5 9 9 9 5 3 3 1 4 3 0 3 5 9 0 4 12 8 1 3 5 5 7
4 11 5 8 0 12 9 5 1 3 7 1 4 1 12 1 7 3 5 3 9 4 7 4 11 5 5 1 11 9 8 7 7 0 11 7 11 11 4 4 9 3 5 0 12 0 11 11 5 1 7 7 7 9 8 5 5 9 12 9 0 11 4 9 4 9 5 7 8 11 8 12 5 4 1 4 5 7 8 12 0 12 0 9 9 3 0 5 5 5
4 9 5 3 0 4 5 5 9 4 4 0 8 7 4 1 3 3 1 7 5 11 4 7 11 3 3 11 8 11 8 1 0 8 3 0 9 5 11 1 11 12 11 11 0 7 1 8 3 4 1 4 0 5 1 11 0 4 11 11 3 7 11 1 9 3 5 11 1 9 4 8 11 4 11 5 4 8 0 8 7 7 12 1 1 12 9 11 7 7
4 7 9 0 1 0 3 3 4 1 1 0 4 3 0 9 5 3 5 7 11 1 0 5 7 11 11 11 8 3 12 5 1 7 12 8 0 3 9 3 5 0 12 4 8 0 0 9 8 4 8 0 0 5 0 4 11 7 8 8 5 9 3 4 1 12 0 4 4 9 9 4 1 12 11 0 4 7 7 8 5 8 7 1 8 4 5 1 12 11
4 0 11 3 1 7 0 5 8 3 5 5 7 1 5 4 11 5 4 11 9 7 4 11 11 12 1 1 4 5 12 7 4 3 8 8 4 7 9 1 0 12 9 3 9 8 0 4 8 0 4 0 3 9 9 1 9 1 8 4 1 7 3 9 5 9 0 7 8 0 3 4 1 0 5 5 4 3 8 9 5 1 9 0 9 7 9 9 7 5
4 9 7 8 12 5 8 1 12 9 4 11 7 9 12 7 3 7 8 0 3 7 7 1 0 4 11 9 5 9 9 11 3 11 3 4 4 7 4 4 8 3 1 12 4 5 9 0 7 7 4 5 8 11 8 7 1 3 12 11 12 0 5 1 5 1 1 1 1 11 3 3 1 11 0 7 12 7 3 1 7 11 11 5 7 3 1 11 3 3
4 7 12 7 12 3 3 9 9 5 8 1 11 5 4 7 7 7 3 5 5 11 4 11 5 12 9 7 3 7 3 9 5 5 5 0 9 3 11 5 1 11 12 0 5 9 3 4 0 1 7 5 8 1 9 1 7 11 3 4 0 3 7 0 1 3 12 0 7 5 12 1 8 9 4 8 7 11 5 5 12 11 11 4 5 5 9 11 7 1
4 8 3 7 9 5 3 9 12 4 12 4 4 0 11 1 11 5 8 7 1 1 4 7 0 1 8 12 0 12 11 11 1 1 1 4 9 7 11 7 5 7 4 9 12 7 11 11 0 0 8 1 0 9 3 5 1 9 0 12 11 4 1 1 8 3 11 4 5 4 0 8 5 4 9 8 8 7 5 0 1 12 12 3 4 3 4 7 9 11
4 8 1 0 0 5 1 7 1 9 5 11 11 12 0 0 3 11 7 3 5 4 8 8 5 0 9 0 5 7 8 5 0 7 8 9 1 5 11 8 11 0 0 12 8 12 0 9 7 8 0 4 3 11 4 9 11 0 9 5 1 4 8 3 8 1 11 9 7 1 0 5 1 1 9 5 9 8 7 1 9 4 9 9 8 4 7 0 7 0
4 3 7 4 5 1 0 0 1 12 8 3 3 5 0 4 11 3 1 8 3 3 4 12 7 3 9 9 3 11 12 8 3 12 1 11 1 11 1 7 5 0 11 3 4 0 11 5 7 1 12 0 8 9 3 1 7 12 8 9 4 12 5 9 11 11 12 7 8 5 11 11 4 4 11 1 8 3 9 7 1 7 5 1 5 3 3 4 9 3
4 0 7 12 12 4 5 4 7 0 9 8 7 5 7 11 4 4 7 3 1 3 11 12 7 3 7 3 8 0 7 4 5 7 1 12 7 1 9 7 12 1 4 12 7 3 8 5 12 12 0 11 0 5 4 3 8 11 4 11 3 12 11 4 11 3 1 0 9 7 8 5 1 1 0 0 11 1 3 11 8 9 9 11 0 7 1 8 5 5
4 1 3 1 12 0 9 9 8 12 4 0 4 8 7 12 11 7 7 5 11 8 1 1 5 11 11 9 5 1 5 11 4 1 4 12 0 9 8 7 4 3 4 4 0 11 3 8 1 7 8 11 1 0 4 7 0 9 0 7 12 8 5 4 7 0 1 11 7 7 7 11 7 5 9 4 5 7 12 5 8 0 11 1 4 12 11 4 1 11
4 12 5 4 9 4 9 9 7 11 8 11 12 5 1 8 1 7 11 4 1 1 4 9 11 0 4 9 0 9 5 8 1 7 9 7 3 3 3 9 3 4 8 12 3 9 8 4 0 9 11 11 9 11 0 7 7 9 7 5 0 5 0 1 5 0 8 5 12 11 1 9 8 4 9 9 4 1 12 5 11 5 7 0 0 4 5 0 7 9
4 11 5 12 5 0 0 7 4 9 0 8 5 5 12 7 9 7 12 9 0 1 9 1 11 0 7 4 8 1 12 3 5 9 7 4 11 0 5 11 9 7 3 5 11 4 1 8 9 0 5 11 7 1 7 0 11 7 8 9 7 1 4 1 11 1 11 8 5 0 0 12 7 0 11 4 3 8 7 4 8 3 11 11 4 11 12 0 8 8
4 1 1 1 4 7 9 3 9 4 8 11 0 12 9 8 9 0 0 11 12 11 12 1 5 7 0 1 8 5 1 1 11 11 9 1 5 11 8 4 11 12 7 0 11 1 12 8 11 7 11 1 8 4 9 4 0 4 8 5 0 7 11 7 0 11 4 1 9 4 5 7 4 7 0 0 7 7 8 7 0 4 4 1 9 9 1 7 4 1
4 8 12 11 0 11 0 9 0 3 8 9 0 1 4 7 4 11 8 8 9 11 12 4 4 3 7 0 4 5 9 4 9 1 5 4 5 4 3 9 11 3 1 5 9 4 12 5 7 7 11 4 0 0 11 9 5 0 12 9 9 9 11 9 8 9 1 9 7 9 3 7 11 8 1 12 4 0 11 7 1 5 3 11 12 12 5 8 3 8
4 8 12 1 0 7 7 9 9 1 7 9 5 3 11 7 8 11 4 7 1 4 3 3 1 9 4 5 1 7 4 12 3 9 1 4 3 12 11 11 12 5 4 12 11 4 12 8 7 5 7 4 3 1 12 12 8 4 0 3 5 5 7 5 9 5 4 3 4 11 11 8 12 4 7 4 7 0 5 4 1 0 7 8 3 4 1 1 5 3
4 5 5 8 1 7 3 3 8 1 9 4 12 7 8 0 4 11 12 1 8 7 4 1 11 7 0 9 0 8 0 5 0 5 4 5 4 11 3 0 9 3 0 3 9 3 1 4 11 9 9 0 1 12 1 3 5 9 7 0 0 1 7 7 7 0 8 9 1 11 9 11 12 7 5 5 9 0 11 12 12 3 11 11 4 3 0 7 8 5
4 9 11 11 4 9 9 8 0 3 3 12 0 9 12 9 4 7 4 5 5 4 3 12 3 4 3 3 7 9 7 8 1 11 4 3 4 7 3 12 9 4 0 5 7 8 12 5 4 8 11 1 3 12 4 7 11 4 11 9 0 11 4 9 9 11 11 9 11 4 8 5 0 11 11 4 7 3 8 7 9 9 9 1 8 3 3 12 7 8
4 4 4 1 4 9 3 4 5 4 9 11 8 0 1 12 4 11 9 4 11 4 9 9 9 4 4 5 11 12 11 11 5 7 11 11 9 11 12 3 0 9 7 12 7 7 11 9 3 11 9 1 7 7 5 0 9 8 4 0 9 0 1 11 0 12 11 5 0 5 3 8 12 1 8 11 1 12 12 0 0 11 5 8 4 4 9 9 12 5
4 5 7 0 8 4 11 5 7 8 0 9 7 4 9 7 5 7 3 1 5 5 0 0 12 1 9 3 11 12 0 11 4 11 0 12 5 3 9 11 1 7 9 0 0 0 5 3 0 4 3 11 1 11 8 9 4 0 5 9 0 5 0 12 3 0 12 5 4 0 9 4 7 11 11 11 4 11 11 7 7 11 1 0 9 5 4 4 9 5
4 12 4 0 9 5 11 1 1 12 11 4 1 4 3 3 8 8 12 4 8 4 8 7 12 11 5 12 4 3 4 8 11 7 4 1 3 3 4 9 5 4 11 5 1 0 1 11 8 11 5 1 1 4 1 8 8 12 7 11 4 12 1 0 1 9 0 12 5 5 11 1 4 1 1 12 8 4 11 8 9 12 8 0 1 9 5 8 3 9
4 7 4 0 0 1 4 12 11 9 3 4 4 5 3 5 3 0 5 4 0 3 1 9 8 0 1 8 8 3 7 9 9 8 8 11 3 3 9 11 8 3 11 7 5 1 12 12 12 1 1 0 11 0 12 3 11 0 5 12 9 11 5 1 0 8 5 5 3 9 3 4 0 4 1 1 11 11 4 12 3 5 3 5 0 9 3 4 12 1
4 7 9 7 9 7 7 9 12 8 11 0 9 0 11 9 9 3 5 7 11 7 9 11 9 0 7 4 4 11 1 3 12 4 3 4 9 8 5 4 5 9 8 7 3 0 7 4 8 7 3 12 12 3 0 9 1 7 12 0 8 1 7 3 7 0 0 12 9 5 8 7 11 3 11 0 9 0 8 5 0 4 12 1 5 3 3 0 11 11
4 4 3 9 4 4 8 12 7 0 5 8 12 12 8 5 0 9 12 0 9 3 4 9 0 5 1 5 0 7 11 7 1 7 11 0 1 9 5 3 3 8 4 12 1 12 9 7 0 0 5 7 5 3 12 11 0 4 8 12 1 5 11 8 1 5 0 3 1 0 3 3 4 8 12 8 11 8 5 5 8 8 9 9 9 12 9 3 8 4
4 3 5 9 12 11 11 11 9 1 4 5 0 1 9 12 3 5 8 0 8 1 7 0 8 1 5 9 9 8 12 5 5 1 5 0 12 7 12 7 11 5 4 12 0 3 0 1 4 11 1 7 1 0 12 11 4 7 8 4 7 11 8 12 5 5 0 0 7 3 1 9 3 7 7 7 12 8 7 11 3 9 5 9 7 5 0 1 11 7
4 12 8 9 5 8 7 0 1 12 5 5 8 8 9 9 7 5 1 8 9 5 1 3 12 12 4 8 0 4 9 4 9 9 9 7 5 7 8 8 11 1 3 9 5 0 9 0 8 8 12 9 1 0 0 3 4 5 8 3 1 7 5 1 1 0 12 7 0 1 3 0 12 12 0 7 5 0 9 9 7 4 9 11 5 4 5 3 1 9
4 9 7 7 11 5 11 11 7 0 5 9 8 7 7 5 5 4 1 8 4 11 0 3 3 9 7 9 12 9 5 8 7 12 4 5 7 7 5 8 11 3 9 9 9 4 8 11 7 4 4 4 12 9 4 7 9 1 5 9 7 9 0 9 5 3 12 4 5 0 4 5 9 12 5 7 4 3 1 4 11 3 0 9 3 12 5 4 12 11
4 9 8 8 4 3 1 0 12 5 7 1 7 4 11 1 4 4 9 3 3 9 0 0 1 3 7 4 12 9 3 8 11 11 8 8 12 1 1 4 3 9 1 0 8 8 0 0 7 8 1 4 7 4 7 4 0 5 0 7 5 8 4 0 4 8 3 1 4 1 0 4 4 0 4 12 4 9 9 9 0 3 11 5 4 8 11 7 9 3
4 3 12 11 3 9 8 3 8 3 8 5 8 9 3 7 11 8 12 8 9 9 7 12 12 1 3 4 9 1 3 8 0 7 11 3 0 3 12 4 4 0 5 12 11 7 9 9 9 11 12 12 4 8 1 11 3 0 9 3 7 7 11 7 8 1 4 0 3 9 3 0 1 5 3 8 1 4 1 5 12 3 3 3 0 5 1 8 0 0
4 7 1 4 3 0 1 12 0 11 4 9 3 5 11 7 8 4 8 5 7 3 8 4 5 9 12 12 9 4 7 8 11 9 8 12 11 4 0 7 3 1 4 5 3 11 5 4 8 1 7 0 7 8 7 9 7 4 3 11 8 0 1 5 8 0 11 11 11 0 8 4 0 7 4 3 5 0 0 12 4 4 8 7 9 9 11 1 8 11
4 11 1 4 1 7 9 7 9 7 7 4 0 0 4 1 3 12 12 12 5 3 3 5 3 5 3 9 0 9 3 7 11 7 9 9 0 0 1 1 3 9 0 11 5 11 8 5 1 12 11 12 7 0 5 12 3 4 3 7 9 1 11 8 4 9 9 8 3 0 0 1 9 0 9 0 9 1 1 12 11 7 1 11 0 11 12 4 7 3
4 0 11 9 3 5 5 3 4 8 3 5 3 1 1 4 3 12 8 9 1 5 3 3 3 9 9 4 11 9 7 12 1 8 3 0 12 3 12 11 4 7 9 1 5 1 4 12 5 3 8 11 4 3 3 12 5 1 5 4 7 5 3 7 1 11 4 12 5 11 12 3 8 1 0 9 12 11 3 5 5 0 12 11 3 1 8 7 9 0
4 11 4 4 8 8 11 4 8 12 9 0 9 4 4 1 7 0 3 5 1 12 5 4 11 0 1 11 9 1 3 8 12 5 4 7 8 12 3 0 11 5 7 8 8 4 4 11 9 0 7 11 7 12 3 7 7 1 11 3 4 11 8 8 5 11 11 12 12 4 8 3 0 4 5 0 12 3 11 3 12 12 7 9 5 5 3 12 7 1
4 3 7 1 1 1 3 5 11 3 9 9 9 1 5 0 3 0 4 7 0 7 11 12 8 8 0 11 9 9 11 8 0 4 4 3 0 9 0 11 7 0 3 4 8 7 7 12 8 11 0 7 8 9 4 0 4 7 3 8 5 1 8 5 4 8 11 4 4 0 11 1 1 4 7 7 0 5 0 7 5 4 11 4 7 0 3 5 8 1
4 5 4 3 9 7 0 5 4 3 9 9 9 8 8 3 12 11 11 5 11 1 1 0 0 1 1 1 5 7 3 9 5 3 3 8 7 0 9 9 5 8 9 8 9 1 8 9 12 1 8 8 4 4 11 11 3 7 12 8 8 11 7 4 8 9 1 9 5 1 11 1 8 0 0 4 7 0 7 11 11 7 1 7 1 8 9 1 7 4
4 12 7 5 9 4 4 4 0 3 8 5 4 3 4 4 11 4 9 5 12 11 8 9 4 5 1 5 12 9 7 1 11 0 1 12 0 7 5 9 5 5 12 5 5 0 8 7 0 5 4 9 5 4 7 7 7 8 4 11 3 3 0 12 8 0 7 11 9 1 5 11 7 5 8 1 3 1 0 9 0 9 1 9 1 5 11 11 7 4
4 5 1 4 9 11 0 3 11 1 5 7 8 5 0 0 0 5 11 8 5 3 8 11 7 1 12 8 3 7 7 11 9 8 8 7 3 1 7 0 8 12 4 7 8 0 8 0 12 11 5 1 8 7 4 12 9 7 3 12 12 5 12 4 1 12 0 5 3 1 4 11 8 8 11 3 5 9 11 0 7 9 7 5 1 9 7 8 0 5
4 1 9 1 11 12 7 11 3 0 7 3 3 12 0 11 4 9 12 11 8 9 3 5 8 3 9 9 11 4 5 12 12 1 1 4 8 12 11 0 12 3 7 9 7 12 4 0 7 11 7 4 11 11 3 12 3 5 9 8 7 9 7 5 11 11 1 8 8 11 8 12 5 8 0 4 1 8 5 11 0 1 0 5 3 12 5 1 7 0
4 3 4 3 9 5 5 8 0 0 7 9 11 1 12 11 5 9 1 0 11 0 0 12 11 5 12 4 7 9 4 7 8 8 12 4 5 5 9 9 1 7 7 0 1 3 5 1 11 12 4 3 9 8 7 8 0 8 9 3 8 7 7 3 5 1 8 9 1 4 4 0 7 9 3 9 9 12 0 0 5 0 0 7 1 3 1 7 7 3
4 5 7 5 12 11 12 9 0 8 5 4 1 9 11 0 11 3 11 4 4 8 12 5 0 4 1 1 4 0 4 11 9 5 11 0 5 0 4 1 0 9 11 11 1 11 8 1 0 7 3 12 5 3 1 11 4 11 11 11 3 11 8 9 9 0 1 11 3 1 8 9 3 9 9 12 1 11 9 4 3 4 0 5 4 0 8 9 4 12
4 1 0 1 3 7 11 5 4 5 8 7 0 3 9 3 5 9 7 3 5 8 12 1 3 1 12 1 11 0 8 1 0 1 9 5 3 9 11 8 7 8 9 11 7 4 12 12 11 7 9 12 7 3 8 4 7 9 7 8 3 3 7 5 9 3 12 0 9 9 5 1 1 1 3 9 1 12 3 7 1 3 11 0 1 3 1 11 11 3
4 1 11 5 11 0 0 8 0 4 7 11 5 3 8 11 3 1 5 8 0 12 5 1 8 1 0 4 8 7 4 9 9 0 1 5 5 1 1 0 5 5 11 3 12 11 1 8 3 7 8 4 0 0 0 12 9 4 9 1 4 5 7 12 8 9 3 3 3 12 8 7 11 7 8 11 0 1 5 1 9 12 7 7 0 5 12 12 1 3
4 12 8 7 4 5 12 9 9 3 0 0 3 9 0 3 11 3 3 3 7 12 12 9 8 12 3 8 11 5 5 5 4 5 5 7 0 11 9 3 5 9 4 3 12 0 1 1 0 3 8 12 9 7 3 7 3 1 8 1 11 7 8 1 5 1 12 8 3 9 8 1 9 8 1 12 0 9 9 11 5 1 4 3 1 0 3 5 12 3
4 5 9 7 1 3 11 12 9 11 8 9 4 9 5 5 5 0 7 5 12 9 12 3 7 8 9 7 7 4 1 0 4 8 5 0 7 7 12 11 1 11 7 3 4 7 11 8 9 5 11 9 0 0 1 0 5 11 5 5 1 5 11 1 4 0 0 4 11 0 1 1 8 3 9 7 5 0 9 1 9 8 4 5 9 7 0 3 1 3
4 11 8 5 4 12 5 0 3 0 4 0 8 1 4 5 4 9 7 5 11 4 12 0 7 8 4 5 9 8 9 8 8 1 4 1 7 12 4 0 9 9 7 7 0 8 1 4 12 5 9 12 4 8 0 1 11 5 5 7 4 4 7 5 8 12 0 9 1 8 7 12 0 1 4 8 9 4 8 11 9 11 11 1 11 3 4 0 4 5
4 8 12 12 0 5 7 5 7 11 11 12 3 4 0 7 0 1 4 3 7 1 4 0 9 9 1 0 0 8 7 5 8 5 1 12 5 11 7 7 0 11 1 0 4 1 5 8 1 9 0 0 12 7 3 8 7 12 1 7 3 11 1 9 3 3 7 7 1 3 7 9 4 5 0 8 8 9 8 3 11 4 3 12 8 11 8 11 0 1
4 7 0 9 11 9 8 0 3 1 11 0 12 4 8 3 8 12 11 3 3 3 0 7 5 9 5 4 0 9 0 4 5 4 1 9 3 1 3 8 7 7 4 9 9 9 0 5 8 1 8 1 3 1 3 3 5 11 11 5 5 8 4 3 8 12 4 12 7 9 1 7 8 3 12 7 4 7 11 3 8 4 7 0 0 3 3 5 3 0
<end>