<number of tasks>
89
<number of stations>
8
<type of the robots>
4
<cost of the robots>
1 2.16
2 5.23
3 6.66
4 6.94
<task times>
1 297 65 50 115
2 315 65 66 105
3 213 84 41 60
4 134 105 57 43
5 264 88 66 76
6 199 67 62 58
7 227 71 51 107
8 172 151 66 72
9 408 134 59 101
10 144 90 48 81
11 236 191 153 109
12 153 105 57 39
13 343 92 83 63
14 167 132 50 81
15 487 73 102 97
16 232 71 51 62
17 190 67 62 55
18 162 52 39 65
19 153 63 42 48
20 343 88 84 68
21 325 99 66 108
22 209 94 50 53
23 376 132 101 112
24 338 151 57 99
25 176 59 62 68
26 329 92 35 45
27 269 50 75 53
28 552 77 144 151
29 362 55 51 49
30 487 182 71 153
31 287 82 72 66
32 190 94 69 81
33 325 143 50 60
34 306 78 125 154
35 427 101 54 68
36 334 86 42 65
37 376 88 138 150
38 250 78 122 161
39 297 134 99 177
40 176 55 60 42
41 292 101 80 65
42 315 197 69 60
43 218 73 35 104
44 366 75 83 118
45 204 71 56 69
46 241 52 101 95
47 255 78 41 60
48 357 157 83 75
49 260 77 65 114
50 482 86 107 79
51 292 170 86 140
52 515 90 63 59
53 255 98 72 45
54 287 61 81 82
55 134 63 39 43
56 185 50 68 48
57 139 134 48 55
58 264 86 60 43
59 227 82 47 45
60 510 98 98 69
61 556 138 65 73
62 301 84 92 138
63 440 65 108 124
64 413 142 42 107
65 320 77 41 52
66 176 69 51 49
67 357 128 110 105
68 218 153 50 107
69 125 42 32 40
70 190 187 47 124
71 297 119 45 82
72 524 96 59 84
73 250 54 57 43
74 348 61 98 118
75 185 96 96 104
76 218 180 74 184
77 223 111 60 66
78 148 111 80 81
79 459 98 53 79
80 427 98 71 63
81 241 61 78 76
82 255 165 59 63
83 185 99 51 108
84 195 75 65 49
85 264 96 48 43
86 274 94 63 40
87 181 94 41 82
88 158 54 41 48
89 440 78 56 56
<precedence relations>
1,2
2,3
3,4
4,5
4,6
4,7
4,8
4,9
5,10
6,11
7,12
8,18
9,18
10,14
11,12
12,13
13,14
14,15
14,16
15,17
16,54
17,18
18,19
18,20
19,22
20,21
20,28
21,54
22,23
23,24
24,25
25,26
25,27
25,29
26,37
27,33
28,29
29,31
30,54
31,32
32,33
33,34
34,35
35,36
35,37
36,38
37,38
38,39
39,40
39,41
39,42
39,43
40,44
41,53
42,53
43,45
44,52
45,46
46,47
47,48
47,49
49,50
50,51
51,52
52,53
53,68
53,69
53,70
53,71
54,55
55,56
56,57
57,58
57,59
57,60
57,61
57,62
57,63
57,64
57,65
57,66
58,67
59,67
60,67
61,67
62,67
63,67
64,67
65,67
66,67
67,73
68,72
69,72
70,72
71,73
72,78
72,80
73,74
74,75
74,76
75,77
76,81
77,78
78,79
79,81
80,81
80,87
81,82
81,84
81,85
82,83
83,86
84,86
85,86
86,87
86,89
87,88
87,89
<setup time between tasks by robots>
1 0 0 0 9 14 5 14 19 9 19 0 14 5 23 23 5 14 0 5 0 23 0 0 19 5 23 23 0 9 0 0 0 14 14 23 9 19 28 19 19 9 23 5 23 23 0 19 14 23 0 0 14 23 9 14 5 14 28 14 19 19 19 19 19 0 23 9 0 14 14 28 5 5 9 5 0 14 28 5 9 5 0 23 0 0 14 19 23 0
1 19 0 9 23 19 14 14 9 19 5 19 23 9 5 19 23 9 14 28 19 0 23 5 23 28 28 14 14 9 19 9 14 19 14 5 14 23 9 5 28 9 9 0 5 14 19 0 5 0 19 0 9 28 0 23 0 0 9 14 9 9 14 0 5 5 23 5 5 19 14 9 9 19 9 23 9 19 19 0 5 28 9 19 14 14 14 14 14 14
1 23 28 0 28 9 23 9 14 9 9 19 14 19 23 14 5 0 19 9 5 5 14 28 9 28 5 28 19 0 23 23 0 23 0 9 14 5 19 5 0 9 5 19 5 28 28 0 28 0 5 0 23 5 5 9 19 14 9 5 5 9 23 5 5 14 19 23 14 0 19 23 9 19 14 0 19 0 23 28 14 19 9 9 14 5 5 28 5 14
1 9 14 19 0 14 9 19 0 19 9 5 28 9 23 0 19 9 5 14 19 28 9 19 5 9 0 14 5 0 19 9 9 28 0 23 28 5 9 5 5 28 28 0 28 19 9 5 9 19 19 5 23 28 23 0 28 14 9 14 28 5 0 0 28 19 9 9 19 5 0 19 23 23 9 19 5 23 23 19 14 5 5 23 23 28 14 28 19 9
1 0 5 23 9 0 19 28 0 28 19 19 5 28 28 14 9 14 5 19 0 14 19 28 5 0 0 23 19 0 9 23 5 14 28 5 14 23 23 0 23 0 9 5 0 14 19 9 19 23 23 23 19 0 9 9 5 9 0 5 28 0 0 5 0 14 5 9 19 19 0 9 28 19 28 9 23 5 19 28 9 0 5 5 19 0 5 19 19 14
1 0 5 14 9 9 0 19 14 5 5 0 0 5 5 19 5 5 0 0 28 19 0 19 19 0 23 0 0 9 5 14 5 19 28 28 9 19 23 19 9 23 9 14 19 28 23 23 28 19 19 23 9 28 23 0 23 19 14 14 23 28 28 19 19 19 19 0 28 28 9 0 19 5 19 14 9 5 9 14 5 19 5 19 0 0 9 28 23 5
1 28 23 5 23 19 9 0 19 28 28 28 5 9 14 9 23 14 0 23 14 14 0 5 23 23 23 14 28 23 5 0 23 14 19 5 19 23 23 5 0 0 0 5 9 9 19 23 23 28 9 5 9 23 19 14 5 9 0 9 5 0 23 23 23 19 23 9 23 9 5 19 9 0 19 9 9 14 5 28 28 14 14 14 19 19 5 23 0 14
1 9 5 23 9 0 9 28 0 0 5 5 28 23 0 14 14 19 19 14 9 5 0 0 23 28 14 9 28 5 23 28 19 23 5 0 23 28 5 14 19 5 14 5 0 19 19 5 0 14 9 0 9 23 14 9 9 28 9 9 19 23 28 0 14 19 9 0 23 9 5 9 23 14 14 14 9 9 14 0 14 19 5 9 19 14 9 5 14 19
1 23 9 14 9 5 0 19 19 0 0 9 28 19 19 19 19 5 14 19 23 14 19 9 5 5 23 19 5 5 0 23 19 5 14 0 5 9 23 9 0 14 9 0 19 19 23 19 9 9 14 9 19 19 14 5 23 14 19 28 5 23 19 23 5 19 0 19 14 14 19 9 0 5 23 14 19 9 5 0 28 9 0 14 5 5 19 19 14 23
1 23 5 14 5 14 14 23 14 14 0 23 14 28 9 23 19 19 0 14 5 28 9 14 28 5 9 28 0 23 19 5 23 23 19 28 5 19 0 28 23 0 28 23 5 19 14 9 5 23 28 5 23 14 14 9 19 5 9 28 9 19 0 23 19 0 0 5 23 5 14 23 9 9 9 14 0 14 9 28 0 5 14 28 9 0 14 14 5 9
1 23 5 14 0 0 14 14 0 23 5 0 14 19 5 0 23 14 19 14 9 23 0 23 28 5 23 23 14 5 19 23 5 19 19 19 9 5 5 14 23 0 19 5 14 28 9 9 19 9 9 5 5 23 0 19 19 0 9 9 23 5 19 5 28 9 0 9 23 23 19 0 0 14 28 5 0 14 14 28 19 14 23 28 14 9 0 5 5 19
1 19 5 14 5 5 23 0 0 9 9 28 0 19 23 19 23 9 28 19 5 5 23 14 23 0 5 0 14 5 9 5 0 23 19 0 5 9 19 28 5 23 19 5 0 19 14 9 23 14 19 0 23 0 28 14 14 0 9 14 28 9 5 19 9 5 28 9 0 0 9 28 23 23 5 9 5 14 9 0 9 0 23 14 23 9 5 5 0 0
1 28 9 23 23 14 9 28 28 14 19 14 0 0 28 28 5 28 5 14 19 9 9 28 23 14 19 0 23 0 14 19 5 23 28 28 19 23 28 9 23 5 14 0 0 5 0 28 0 0 23 0 23 0 23 14 9 19 0 14 23 0 0 28 19 9 5 9 28 0 28 5 0 14 9 28 23 5 0 5 9 23 19 5 23 0 9 28 9 0
1 28 0 19 19 14 19 23 19 5 23 19 23 9 0 23 9 14 5 9 0 14 9 14 5 19 23 9 9 28 5 9 28 23 0 28 14 9 28 28 23 19 19 28 23 19 19 0 23 14 5 23 0 9 5 28 28 14 28 19 0 28 23 0 23 23 0 14 14 19 14 19 5 14 0 23 9 19 0 5 14 14 19 9 0 23 14 9 0 5
1 0 23 9 0 9 0 14 0 14 28 5 5 0 14 0 0 9 28 9 5 5 5 23 9 28 23 23 9 5 0 9 28 23 14 0 19 23 9 14 5 23 14 14 0 9 19 28 14 14 9 14 9 5 19 19 14 19 19 9 5 28 19 5 5 28 5 28 14 19 9 9 23 5 28 9 9 19 5 14 9 5 9 19 5 23 14 0 5 0
1 23 14 9 14 23 9 19 5 23 9 28 5 5 14 9 0 9 28 14 28 9 28 9 5 0 5 0 19 28 28 5 5 23 9 28 28 23 0 23 19 14 5 14 0 5 5 14 28 5 28 9 14 19 0 14 19 19 23 14 23 19 19 14 28 0 0 23 14 14 28 19 9 5 5 5 28 23 14 23 23 5 14 5 5 9 23 5 23 9
1 0 14 23 0 9 19 14 5 19 5 19 23 23 14 14 28 0 9 14 9 19 9 23 0 9 5 9 9 14 9 28 23 5 0 19 28 14 23 14 14 9 0 14 5 14 14 5 19 5 14 0 5 14 0 14 23 5 28 23 19 14 5 23 14 19 28 0 19 9 0 9 23 23 0 28 28 9 19 5 9 23 0 9 23 9 19 14 9 23
1 19 28 14 14 9 5 0 5 19 23 19 9 0 19 19 0 23 0 14 0 23 5 23 14 5 14 19 19 14 23 9 5 0 9 0 19 9 23 19 9 9 9 9 23 0 14 23 19 14 23 9 23 0 14 9 0 5 9 14 9 14 23 14 9 5 9 0 14 19 23 14 23 5 28 9 0 5 5 9 9 28 19 0 19 28 14 28 5 5
1 23 19 23 0 5 5 19 14 28 23 5 14 0 14 14 28 28 0 0 14 28 19 9 5 19 14 19 28 5 0 19 9 19 9 0 9 0 23 19 5 5 23 5 5 5 28 9 9 0 9 9 5 0 23 23 9 5 0 0 5 5 14 14 23 23 23 0 19 19 5 28 5 5 0 0 0 14 9 28 19 9 23 28 28 14 19 5 19 5
1 14 9 19 0 0 9 14 14 5 14 5 19 0 19 19 14 23 0 9 0 5 23 5 5 23 19 9 0 5 5 23 28 5 23 5 19 19 23 23 23 14 19 5 23 23 14 0 14 14 23 19 5 5 23 23 5 28 19 23 9 23 9 14 19 5 5 9 14 0 14 5 9 9 9 9 19 0 9 0 5 9 19 28 0 19 28 5 14 19
1 9 9 0 5 0 19 5 23 14 5 5 5 28 14 14 0 23 28 0 23 0 19 0 19 5 19 19 14 19 5 19 19 9 28 0 23 5 19 0 14 19 0 0 23 5 5 14 28 9 5 14 9 23 23 23 28 5 0 14 9 9 0 23 14 9 9 28 19 23 9 28 28 5 28 9 28 0 19 19 9 9 14 19 14 5 9 23 14 19
1 5 23 0 28 9 0 19 14 19 9 28 0 5 5 28 23 28 5 23 0 5 0 14 5 28 23 23 19 19 0 19 0 14 9 5 14 9 5 5 19 23 28 5 19 5 28 14 0 5 9 0 19 9 28 5 0 14 28 23 19 14 19 14 9 28 14 9 9 23 5 14 23 5 14 9 5 19 14 0 28 14 9 23 28 28 9 28 23 14
1 0 0 23 14 23 23 28 23 23 23 23 28 14 0 5 23 14 28 23 14 0 0 0 5 14 5 23 0 9 23 23 5 9 28 0 0 14 14 0 9 23 28 0 28 5 9 5 14 28 5 23 23 23 23 19 19 19 9 9 0 23 23 14 23 9 19 9 9 14 5 5 5 23 23 14 0 23 19 28 14 28 14 9 19 0 9 0 19 19
1 5 9 14 9 28 14 0 28 0 9 0 5 5 5 9 5 5 23 19 5 19 19 14 0 9 14 5 9 0 14 19 5 0 28 14 0 5 19 9 0 14 5 9 23 14 19 28 14 0 9 23 0 23 9 5 19 23 23 5 0 14 23 19 14 5 5 23 0 19 9 23 19 5 0 14 23 23 0 23 19 14 23 14 14 14 19 23 23 28
1 23 5 23 9 14 14 28 14 28 14 9 5 14 0 9 5 28 28 14 9 9 9 0 0 0 0 14 14 19 0 0 19 23 23 0 23 9 5 19 14 28 0 5 5 9 19 9 23 0 14 9 5 19 5 0 14 14 0 14 5 5 0 0 0 23 28 14 0 19 19 9 19 14 14 14 19 5 9 19 14 23 19 5 28 23 0 14 5 9
1 14 14 19 14 0 14 0 5 5 14 5 9 23 28 23 14 0 0 19 14 9 5 9 19 28 0 19 23 28 28 23 19 23 23 5 23 23 23 19 5 23 14 23 23 9 28 23 23 14 5 14 9 9 5 0 19 0 19 23 9 23 23 23 0 0 23 23 0 28 9 9 23 14 0 28 5 28 0 14 0 9 0 5 14 9 5 9 28 0
1 23 19 5 19 14 23 14 14 14 23 19 23 5 28 28 14 19 5 0 14 14 23 19 19 9 5 0 23 5 9 14 28 5 19 23 5 5 19 23 19 28 5 0 14 9 0 23 14 14 19 28 5 14 14 0 23 0 23 23 23 9 9 0 19 28 0 28 0 14 28 19 9 0 0 9 5 14 5 19 23 14 9 5 5 5 28 14 9 0
1 5 14 0 19 9 23 14 9 28 19 14 14 9 9 0 28 23 5 23 9 0 9 0 19 5 5 19 0 23 9 19 28 0 0 28 14 14 5 28 19 23 9 14 19 28 23 19 14 9 14 5 0 0 0 28 9 5 5 5 14 9 28 14 19 5 19 9 14 28 0 28 23 23 9 0 5 5 14 5 14 28 23 14 0 5 5 5 5 0
1 14 0 23 9 0 5 5 19 19 14 5 9 14 23 14 5 23 23 28 5 19 5 9 5 0 0 14 0 0 5 23 9 28 28 19 28 19 28 28 5 23 28 5 9 14 19 23 28 19 0 5 14 23 9 14 0 9 14 23 14 19 14 28 28 19 19 0 19 0 5 14 0 0 14 28 9 0 9 19 0 19 9 28 5 14 28 5 19 9
1 23 5 14 5 9 14 19 14 5 19 9 9 5 14 9 0 23 0 19 19 28 23 0 0 5 5 5 5 0 0 23 23 23 0 14 19 14 23 9 9 0 23 5 14 28 14 5 23 23 28 5 14 14 5 14 0 23 14 5 0 19 9 28 5 14 9 14 19 0 5 9 19 19 9 9 9 23 9 0 5 23 5 5 9 23 23 0 23 9
1 23 28 0 0 14 23 28 9 0 9 9 9 19 14 5 9 9 5 5 23 28 19 19 23 5 0 0 9 23 23 0 5 28 9 19 19 23 19 28 5 5 5 23 9 0 28 19 28 14 0 14 28 9 9 5 19 19 0 0 19 28 28 0 28 5 14 9 23 23 14 28 19 5 0 9 19 0 19 0 19 19 5 9 9 5 9 19 0 19
1 9 23 0 14 28 14 28 14 19 0 14 23 23 14 9 23 5 23 28 23 5 23 0 19 23 9 28 14 14 19 28 0 14 0 28 9 5 23 5 23 14 28 9 0 14 9 28 0 23 5 19 0 5 19 9 5 19 9 9 5 14 14 23 14 28 9 14 5 14 28 28 9 23 9 28 23 19 5 23 5 19 9 14 0 9 28 5 0 14
1 5 19 19 28 5 14 23 23 9 23 14 0 5 19 9 0 5 23 23 5 5 23 23 28 14 23 9 19 5 23 5 19 0 19 0 28 23 5 19 23 5 19 23 14 28 5 5 9 9 14 23 23 28 14 19 9 0 0 5 0 5 19 14 19 0 23 5 5 23 0 23 0 14 14 0 23 5 9 9 23 0 9 19 5 14 9 0 14 28
1 19 9 9 0 0 28 19 23 5 28 9 0 23 0 14 5 19 9 0 19 0 23 19 23 28 9 14 5 23 5 5 19 14 0 0 0 9 28 23 9 5 23 19 28 5 9 14 14 9 14 9 28 28 9 9 5 19 28 5 0 9 5 9 23 5 19 9 14 19 5 5 0 9 23 23 9 28 23 14 19 9 14 19 19 23 0 5 5 19
1 9 23 23 0 28 19 9 9 19 9 9 19 5 19 23 5 14 9 19 28 23 5 14 9 5 23 9 9 0 14 5 23 14 19 0 14 9 9 14 9 9 5 5 19 19 14 5 14 23 0 23 9 28 9 14 0 9 9 14 14 0 19 9 5 5 0 0 23 14 19 9 19 0 14 14 14 14 0 14 0 19 5 14 5 14 19 5 9 28
1 5 14 5 0 5 5 5 9 28 0 28 5 0 23 5 19 9 28 5 5 0 28 23 14 9 14 14 9 14 14 19 28 9 14 9 0 9 0 0 5 14 28 23 9 9 28 0 19 0 0 14 14 5 19 28 5 19 0 0 19 23 9 9 5 5 19 14 23 23 9 5 9 14 9 9 28 14 5 5 5 9 14 5 5 9 19 14 5 9
1 0 28 9 5 5 0 0 9 5 28 14 0 9 5 9 23 19 14 0 9 9 14 0 28 0 19 19 9 19 23 14 19 19 23 14 19 0 14 28 0 19 23 0 19 0 0 23 14 9 0 28 19 9 23 23 0 14 5 23 19 14 5 23 23 5 19 23 5 0 14 14 23 9 0 23 23 5 28 0 19 5 19 14 19 0 23 19 28 19
1 23 9 5 28 9 23 19 9 28 9 28 19 28 9 28 28 9 5 28 14 5 0 23 0 5 23 28 5 5 5 19 14 14 5 14 23 5 0 9 0 28 14 19 0 28 14 14 28 0 23 0 14 0 19 0 0 23 28 9 14 0 0 0 14 19 23 9 5 19 0 19 14 5 14 9 14 14 23 5 5 9 23 23 14 23 28 14 0 5
1 23 14 9 5 9 5 9 23 19 23 0 0 23 9 5 14 19 0 19 0 19 5 28 9 19 0 14 19 0 14 0 23 19 5 5 9 19 0 0 0 0 0 0 19 23 14 14 14 0 23 14 23 5 14 14 9 23 19 19 19 14 19 14 19 9 0 9 23 23 0 28 5 14 14 9 28 19 19 9 9 0 0 14 14 5 23 19 0 0
1 9 28 0 0 0 14 0 19 23 9 23 14 19 0 9 23 23 5 19 5 28 0 19 9 14 23 14 0 9 5 9 5 23 28 19 19 5 28 14 0 9 5 23 19 23 9 19 14 14 9 0 14 28 23 23 9 19 9 19 23 28 9 5 14 28 28 5 0 5 5 23 28 14 19 23 14 23 14 9 5 14 5 9 23 0 9 0 23 14
1 0 0 0 0 0 19 0 14 0 5 28 5 23 19 19 9 5 5 14 9 23 0 5 19 0 28 9 23 5 9 23 0 23 5 14 9 9 14 14 9 0 0 5 0 19 19 28 14 14 9 28 14 0 28 5 14 14 0 19 19 19 23 14 9 9 9 0 0 0 5 19 23 19 23 9 23 5 28 0 28 5 14 5 28 23 9 23 28 5
1 0 19 0 28 14 0 28 14 19 0 9 0 9 0 9 5 5 0 9 19 5 14 19 14 19 9 9 0 19 19 14 23 28 23 28 28 9 0 23 14 23 0 23 28 5 23 9 14 23 19 28 23 0 14 14 14 5 14 5 0 5 19 5 28 19 0 9 23 0 19 5 5 5 23 14 0 19 19 5 5 23 5 19 23 19 0 23 9 28
1 14 14 23 5 19 9 19 9 23 9 28 19 5 14 19 14 5 9 28 23 28 19 5 0 14 19 0 5 23 5 14 19 9 28 5 23 9 9 14 9 5 5 0 28 0 0 9 28 9 23 0 0 23 14 23 28 23 5 19 9 19 14 28 9 23 14 0 5 23 9 23 0 14 0 9 14 9 0 14 0 23 14 19 5 28 0 9 19 0
1 0 28 0 19 0 0 14 5 19 5 5 19 0 9 23 9 9 23 5 19 9 28 28 19 5 23 14 14 28 14 5 28 28 19 14 14 14 5 23 19 14 28 9 0 19 14 5 23 28 5 14 5 23 23 23 23 28 28 19 28 28 9 9 0 0 0 19 28 19 23 23 14 28 9 0 23 14 0 0 19 19 0 19 0 0 9 0 19 23
1 14 0 5 19 23 23 0 19 23 23 9 28 9 14 28 28 5 19 19 5 14 23 23 0 19 0 9 9 23 14 28 5 23 0 19 23 28 19 23 0 28 14 23 19 0 23 9 9 14 14 19 14 14 23 14 14 9 19 0 23 5 9 5 19 14 28 9 14 5 14 14 19 9 19 28 0 0 19 28 9 28 28 0 5 19 9 5 0 5
1 14 19 9 9 28 0 19 9 9 19 28 19 28 28 19 14 28 0 0 19 19 0 19 5 9 23 23 9 23 9 19 5 28 19 28 14 23 9 5 28 0 9 14 23 28 0 19 14 28 23 19 0 19 9 23 28 28 14 0 9 19 23 5 23 9 9 28 0 0 0 0 28 9 23 23 23 23 19 0 19 9 14 19 5 0 23 5 19 14
1 28 5 19 28 9 14 19 9 23 5 19 19 0 9 14 19 5 19 19 28 5 14 0 5 19 0 5 5 14 23 14 9 14 9 5 14 19 5 28 14 0 0 5 5 28 23 0 19 9 9 5 0 23 9 19 5 23 14 23 9 9 28 28 28 14 23 9 5 5 9 19 5 19 23 5 23 0 19 5 14 14 9 23 9 0 5 14 5 5
1 5 9 23 19 9 5 23 9 23 28 19 0 0 23 5 23 9 14 28 23 28 9 14 0 28 23 9 23 19 9 19 14 0 0 19 19 0 0 19 5 14 0 14 5 5 9 14 0 0 0 5 14 5 5 28 9 9 23 23 14 9 28 0 23 5 0 9 0 14 0 0 14 0 19 5 23 5 14 19 14 14 0 5 9 9 19 5 5 23
1 28 0 0 19 0 9 19 14 14 23 19 19 14 14 14 5 23 23 23 9 19 0 19 19 23 23 28 0 5 23 14 14 5 28 28 23 28 0 14 28 9 9 19 0 23 19 14 23 0 23 0 14 23 14 9 9 5 9 9 9 0 23 23 19 5 9 0 0 5 5 28 5 19 0 14 23 14 19 28 9 5 5 23 28 0 19 9 0 28
1 28 23 5 14 14 19 23 9 23 23 5 14 5 14 19 23 19 28 14 28 19 19 19 23 14 28 23 0 19 19 9 14 23 28 23 5 0 5 28 0 19 5 5 23 5 14 5 28 9 0 14 0 14 14 19 9 9 5 0 19 28 5 19 14 9 9 19 28 14 28 14 23 23 19 14 0 23 0 23 9 14 5 5 23 28 23 0 9 14
1 0 0 9 9 28 0 19 14 5 19 28 28 0 14 9 14 0 9 28 0 0 14 28 19 5 0 0 19 28 5 0 0 5 23 0 9 14 28 19 9 9 19 9 19 0 19 5 19 9 14 0 19 0 19 19 0 5 19 19 14 23 0 14 28 23 14 19 23 5 23 19 0 23 23 23 28 23 14 14 23 5 23 0 19 23 19 9 23 23
1 9 5 5 19 9 23 0 9 9 28 0 23 0 9 19 5 28 23 0 9 28 19 0 14 0 14 5 28 23 19 5 9 0 14 9 14 14 9 0 9 28 0 14 28 19 23 19 19 9 23 9 0 0 28 5 0 9 14 9 28 23 14 23 0 23 14 0 19 23 0 9 5 5 28 28 19 28 9 19 23 0 19 23 9 19 0 14 0 19
1 14 9 19 9 5 23 19 23 5 23 19 0 19 0 0 28 28 14 5 23 0 19 23 0 9 9 19 9 5 23 28 28 28 28 14 9 23 28 5 9 5 9 19 14 0 0 5 28 5 14 14 19 0 23 0 23 5 0 14 19 14 9 9 14 9 14 5 5 19 0 23 5 14 9 23 14 23 9 19 0 23 5 9 14 9 23 9 9 5
1 5 0 0 5 9 14 28 5 14 0 14 5 0 9 28 14 14 0 5 5 5 28 5 14 23 0 19 28 19 9 23 28 9 23 23 19 9 23 23 5 5 23 9 0 28 5 23 19 5 9 0 23 19 0 23 9 9 14 19 5 0 28 19 19 9 19 0 28 23 14 5 5 0 19 23 0 9 5 23 9 5 28 0 28 14 0 0 23 19
1 14 23 9 0 0 28 0 19 28 19 28 9 0 28 23 5 0 5 9 0 28 14 5 28 5 23 19 23 23 23 5 0 9 0 5 9 0 9 19 5 5 23 19 23 23 23 23 28 5 5 23 0 23 5 0 14 19 19 5 28 19 23 14 19 23 0 9 28 19 23 19 0 0 14 28 14 5 14 19 5 14 9 5 28 23 5 14 9 28
1 23 14 19 0 19 14 23 14 5 14 9 19 0 9 28 28 9 9 5 14 14 28 19 14 14 0 0 5 23 9 5 28 0 23 14 19 5 14 5 23 0 23 9 5 9 0 9 14 0 28 23 19 5 19 19 0 9 5 9 28 28 5 19 28 19 19 9 28 0 19 9 23 23 23 19 0 0 28 28 0 5 19 28 19 23 19 14 19 19
1 0 5 9 14 9 14 23 5 23 9 0 19 14 14 28 9 14 14 19 0 0 0 14 23 9 14 5 23 5 5 9 23 14 23 9 0 14 14 23 28 0 9 23 9 28 14 0 23 9 5 9 9 28 5 19 14 0 23 23 9 5 23 5 5 0 9 5 9 9 28 23 19 23 9 14 9 23 14 23 9 23 5 5 23 14 23 14 0 28
1 9 0 5 5 14 28 5 14 9 9 28 0 9 5 0 19 23 14 9 5 28 5 23 9 23 0 23 28 9 14 14 28 19 19 23 0 0 9 0 19 9 23 9 19 19 19 19 0 5 9 9 0 9 14 9 14 23 0 5 0 0 28 19 28 0 0 0 23 9 19 9 5 28 14 5 0 28 0 5 23 28 9 23 0 5 23 9 14 23
1 14 5 19 19 0 14 14 9 19 9 0 14 23 9 5 5 14 0 28 19 28 0 19 14 5 0 23 23 14 28 9 28 28 0 19 9 28 23 19 19 19 19 5 28 14 19 9 28 14 19 5 5 0 9 9 23 28 19 0 9 14 5 0 23 0 28 14 14 5 19 14 19 0 19 28 19 19 14 28 28 5 0 5 23 14 14 9 9 0
1 14 9 9 5 9 23 23 0 28 0 0 28 5 0 14 5 0 19 9 19 14 19 14 23 9 19 14 0 14 23 19 0 23 5 5 14 0 19 23 19 19 5 28 0 5 19 14 19 9 19 19 19 14 0 28 14 23 28 0 0 0 0 14 0 19 14 5 28 5 28 14 0 0 0 9 5 0 14 14 0 14 28 28 0 28 5 19 23 28
1 9 28 19 5 19 23 19 9 5 0 0 19 14 19 9 19 9 9 19 19 23 19 19 28 28 5 19 5 19 23 0 28 19 0 28 14 9 9 5 0 14 0 9 5 23 19 9 14 14 0 0 9 5 28 28 14 9 14 9 5 0 14 5 9 28 9 5 0 19 9 23 0 14 5 5 19 23 23 19 14 9 5 0 0 23 0 19 0 14
1 9 19 14 28 28 5 9 14 5 5 0 19 5 28 14 28 5 5 9 14 0 5 14 5 9 0 5 14 23 14 9 28 9 0 23 23 9 14 14 14 14 19 28 5 23 0 23 19 5 23 19 9 9 14 9 14 14 14 23 28 9 0 5 19 19 19 28 9 14 0 5 19 5 23 0 9 23 28 14 9 19 23 5 19 28 0 14 19 14
1 5 5 9 28 23 9 9 9 23 9 0 9 14 5 5 5 9 9 28 23 9 9 23 19 9 19 9 5 9 9 0 5 5 23 9 14 28 23 0 5 0 14 19 5 23 19 5 28 28 23 14 9 14 19 0 5 19 5 19 19 5 9 0 28 0 0 23 19 9 9 23 28 5 19 9 9 9 9 23 19 0 19 23 5 9 9 5 5 23
1 0 9 9 0 14 0 23 14 0 9 5 23 5 23 23 9 0 5 5 28 19 19 14 14 28 23 14 19 23 0 28 14 9 14 9 9 14 23 9 23 9 23 5 28 9 5 0 0 9 9 0 28 14 5 5 9 23 23 0 14 23 5 19 0 19 19 14 5 9 9 28 14 0 0 23 28 19 5 14 0 9 28 23 23 5 23 19 5 14
1 5 19 19 23 9 23 9 5 19 0 0 9 14 5 23 0 9 14 0 0 0 0 5 9 5 0 5 0 5 28 5 5 0 0 5 5 23 28 9 5 23 9 9 0 28 5 14 9 0 5 5 28 28 28 5 0 23 23 23 28 5 14 0 5 0 5 19 28 19 0 5 23 19 14 5 28 14 5 14 0 5 14 5 0 9 14 23 28 14
1 0 14 9 9 5 19 23 28 0 9 5 19 23 5 19 23 14 9 23 5 14 23 9 0 5 19 28 5 0 19 19 23 14 23 9 19 19 9 9 9 23 19 0 5 9 14 9 9 28 28 5 28 0 5 23 14 14 0 14 5 9 23 5 9 19 0 19 19 19 9 0 28 0 28 23 19 28 19 28 19 5 19 19 5 0 14 0 14 5
1 14 0 5 23 9 28 0 28 14 0 23 14 19 5 23 19 19 19 28 19 19 5 14 14 23 5 28 23 28 28 0 9 9 28 14 28 19 5 28 9 14 5 28 0 14 19 19 0 19 0 28 28 28 9 5 19 9 5 19 23 28 23 23 28 5 5 0 28 0 23 14 23 0 19 9 14 5 9 5 9 28 19 23 14 0 0 19 23 23
1 5 28 14 19 19 5 19 23 5 23 23 9 0 19 5 28 14 19 9 9 28 0 14 14 19 5 23 19 14 9 9 14 19 0 14 19 9 0 9 0 14 14 9 23 5 9 14 23 19 28 28 9 28 0 9 19 14 28 5 14 14 9 9 5 0 9 14 0 28 9 23 0 5 23 23 0 14 23 9 9 9 23 19 5 0 9 9 5 14
1 14 28 19 5 0 5 5 23 0 19 9 23 5 14 0 19 23 28 14 14 9 9 28 23 5 19 28 9 28 5 23 5 14 0 9 9 9 23 19 19 9 9 23 28 5 14 9 9 5 19 19 9 5 19 5 5 9 9 19 0 9 5 28 19 0 9 19 19 0 23 0 0 5 9 14 19 28 23 5 0 5 14 0 5 28 19 28 19 0
1 19 19 14 0 9 9 0 28 0 0 23 9 14 14 14 9 19 0 9 28 9 0 28 9 19 0 23 28 28 0 0 9 9 0 0 14 0 14 28 0 23 14 5 14 9 23 28 0 9 23 9 23 9 19 19 9 28 28 9 19 9 23 0 23 9 0 28 9 28 0 28 23 9 14 23 23 5 19 23 14 23 5 9 9 19 19 14 5 9
1 5 19 23 19 14 0 19 5 5 9 19 14 0 14 5 23 28 0 9 23 28 23 0 9 14 19 28 0 0 14 23 9 23 14 5 0 5 0 19 9 23 19 5 23 23 5 23 19 23 0 14 28 0 14 9 19 19 23 19 19 5 28 0 28 9 9 5 19 23 14 0 23 28 5 28 0 19 0 28 14 14 0 5 28 9 0 23 5 19
1 9 19 23 14 9 28 9 19 28 28 23 0 19 0 9 0 23 28 9 19 28 5 5 9 23 0 28 5 0 28 14 23 0 5 9 14 23 23 9 5 14 5 9 28 0 19 9 0 5 14 9 0 14 5 0 5 0 5 14 14 5 28 28 19 5 28 0 28 28 23 23 0 28 5 9 0 9 14 9 0 23 14 0 23 19 19 19 5 19
1 14 0 0 19 0 0 19 14 19 9 5 5 28 19 23 14 14 9 5 23 14 5 9 0 5 5 23 19 23 23 19 19 28 14 5 5 28 19 28 0 19 0 14 14 0 19 23 23 23 28 0 0 23 0 19 0 14 0 23 28 9 9 14 23 28 9 19 14 9 0 5 0 0 14 28 19 9 9 14 9 0 19 28 28 9 5 14 19 9
1 14 9 23 14 0 28 9 19 19 28 19 19 9 5 14 0 5 5 19 5 19 23 23 9 0 28 19 28 14 23 28 14 9 5 9 0 5 28 0 14 0 28 0 23 14 23 23 14 9 5 0 5 0 5 9 5 19 5 0 5 23 19 0 14 0 23 9 28 28 14 9 5 5 0 28 5 23 0 14 0 23 19 5 5 28 14 9 9 23
1 9 9 0 19 23 23 19 28 28 0 9 0 28 14 9 19 14 23 5 5 19 14 14 9 14 9 9 9 5 0 9 5 0 19 5 5 19 9 23 0 5 19 28 19 5 19 14 19 0 28 9 5 5 14 14 14 9 5 9 0 5 0 23 9 5 19 14 19 14 5 0 9 0 0 0 0 0 0 19 23 14 0 0 28 14 19 14 5 23
1 5 9 23 19 5 23 19 14 23 23 19 23 0 28 19 0 14 0 14 19 14 14 5 5 9 28 5 23 14 28 0 28 14 23 5 23 14 28 5 14 0 5 28 23 5 14 9 28 9 14 9 14 14 19 5 23 5 23 5 0 14 9 14 14 9 9 0 19 0 14 23 23 23 5 0 0 23 28 14 0 19 14 28 28 5 23 0 14 19
1 5 28 28 5 5 5 19 14 5 23 5 19 28 14 9 5 9 28 0 14 0 5 0 23 5 9 14 0 9 28 19 23 19 5 14 0 14 23 14 14 28 0 14 14 28 5 14 9 19 19 9 5 28 5 23 5 14 23 19 0 14 19 14 5 19 0 23 9 0 5 0 0 28 9 23 19 0 23 9 19 19 5 5 9 9 5 14 19 14
1 19 23 19 28 28 9 28 19 0 5 5 9 14 9 14 19 28 0 0 19 23 5 9 9 23 23 0 0 14 14 5 0 23 14 0 14 0 14 19 0 0 5 23 5 14 19 14 23 5 9 19 5 14 19 28 19 28 5 28 5 9 19 0 19 28 14 23 19 19 14 5 28 23 9 0 0 19 0 9 28 19 23 0 23 28 19 19 28 14
1 23 19 28 9 5 0 0 23 19 5 0 28 9 14 0 0 9 14 5 0 28 9 5 9 0 5 5 0 14 28 0 28 5 0 14 9 19 5 9 19 19 0 23 5 9 14 19 9 19 19 28 14 14 28 5 19 14 9 9 9 23 14 5 0 23 0 5 28 19 0 0 9 5 9 9 0 0 19 0 0 9 19 23 0 9 28 28 23 0
1 19 9 14 14 5 19 0 0 28 5 9 28 0 0 28 5 23 0 14 9 28 5 28 28 0 9 14 5 14 0 14 14 14 23 23 28 28 23 23 9 9 28 14 5 5 28 5 14 0 0 5 23 19 9 9 19 9 0 14 19 5 0 5 0 28 5 0 19 0 0 14 19 23 0 9 5 28 0 14 0 19 5 9 9 0 0 14 23 23
1 23 14 14 5 9 0 0 28 9 19 5 9 23 14 9 19 23 9 28 5 9 0 23 28 14 0 14 28 23 5 23 9 5 0 28 9 14 19 9 0 0 5 5 9 23 28 19 0 23 0 0 0 14 0 23 23 23 14 0 28 0 9 14 19 0 5 19 28 14 23 28 5 23 28 5 14 9 19 28 9 0 14 14 0 0 0 14 19 28
1 14 23 14 5 0 28 9 9 5 23 5 23 0 14 19 14 23 19 19 28 5 23 9 14 23 9 19 0 19 23 14 14 5 14 19 9 0 19 28 0 19 0 5 9 5 19 0 19 9 9 0 5 5 0 14 9 14 0 19 23 9 23 5 0 5 5 23 23 5 0 5 28 19 19 0 5 23 19 14 5 0 0 9 23 19 19 28 0 5
1 0 14 23 9 9 28 28 19 19 28 5 9 28 0 19 0 0 23 0 5 5 23 19 23 19 5 5 23 9 28 0 9 28 23 5 9 19 28 23 28 19 14 5 23 0 19 0 19 9 28 14 5 5 9 23 23 9 9 0 28 0 23 23 14 19 9 28 0 9 28 23 9 9 9 5 14 9 0 5 23 14 28 0 9 23 5 23 28 28
1 28 19 0 14 5 14 0 0 23 9 5 28 19 9 23 23 14 23 5 23 5 23 9 5 19 9 0 14 14 19 0 9 28 23 5 19 0 0 14 28 23 9 19 28 9 0 23 14 23 5 5 23 19 5 9 0 28 5 28 14 0 19 14 19 9 0 19 23 0 0 0 23 5 23 28 14 9 9 5 5 23 23 23 0 0 14 14 9 5
1 19 5 14 5 9 5 0 0 5 28 5 19 19 5 5 9 19 14 5 0 23 23 5 23 23 28 0 28 28 0 19 19 19 23 9 5 9 0 14 5 19 9 14 0 9 19 14 0 9 0 23 5 19 28 19 23 28 28 5 14 19 5 23 28 19 9 19 19 0 23 9 0 9 14 5 28 9 14 9 0 14 5 28 5 0 19 0 9 9
1 14 0 5 9 0 14 0 19 19 23 0 14 5 14 14 5 14 5 23 23 28 19 0 19 23 19 9 9 28 9 19 9 19 23 23 5 28 23 19 0 28 5 19 0 5 0 23 23 14 19 9 28 14 19 9 23 5 14 19 9 19 14 23 0 9 5 0 9 23 0 0 0 0 19 28 23 19 0 19 23 5 14 0 5 5 0 14 19 14
1 28 5 0 5 23 5 5 19 28 9 5 23 14 23 14 0 5 19 5 19 23 19 14 9 28 14 9 0 5 19 0 19 9 0 19 23 0 5 5 19 23 28 23 19 19 0 14 14 14 0 0 5 0 5 5 23 14 14 9 19 14 23 23 0 19 23 9 19 28 14 19 28 23 28 28 0 5 28 0 0 23 28 14 28 19 14 0 9 5
1 9 5 5 9 5 19 19 5 28 28 9 14 9 5 19 5 14 0 9 0 5 9 19 23 5 28 5 5 14 14 9 0 9 14 9 23 14 5 0 5 14 5 0 28 14 19 19 14 9 5 9 19 5 14 19 23 0 28 28 9 14 5 0 19 23 19 28 19 5 14 5 9 23 14 0 5 19 9 9 0 19 14 14 23 0 14 9 0 0
1 14 14 0 19 14 5 19 23 5 19 5 28 9 14 19 5 9 23 5 19 0 23 9 23 9 23 23 19 0 28 9 28 19 19 9 14 23 19 5 19 9 5 14 19 19 5 9 23 23 5 28 0 28 23 9 0 14 9 0 9 19 0 28 0 9 23 14 5 5 5 0 23 5 19 19 14 0 28 5 0 0 9 14 5 9 28 28 0 0
2 0 6 4 0 4 0 0 6 10 10 2 2 0 8 10 4 6 0 8 0 8 0 6 4 0 4 2 4 0 2 10 0 0 4 0 8 4 0 0 4 4 2 6 10 10 8 8 2 8 6 8 0 0 4 8 10 10 2 6 0 10 8 10 8 10 0 6 6 2 2 0 10 6 8 0 0 2 8 6 0 6 6 6 8 4 6 8 0 8
2 8 0 8 8 6 8 10 8 4 0 8 10 2 2 4 4 8 10 8 2 2 8 6 8 6 0 2 10 4 2 2 2 6 4 8 6 4 4 4 6 2 0 8 10 10 8 8 6 4 6 0 6 0 0 0 8 8 8 8 2 4 8 6 4 0 6 4 8 0 6 2 4 0 8 8 4 0 4 8 2 0 8 4 8 6 10 2 4 10
2 6 2 0 2 4 0 8 8 0 4 8 6 6 0 4 0 0 4 10 10 8 10 6 0 8 8 2 4 6 4 4 2 8 0 8 6 4 2 8 8 4 10 4 8 2 8 2 8 6 6 0 6 8 0 4 0 4 6 10 0 2 6 8 4 0 6 10 8 10 2 6 8 2 10 0 8 2 4 4 0 4 4 4 6 6 4 4 10 0
2 2 8 2 0 4 4 6 4 4 2 0 0 2 4 2 10 6 4 6 6 0 0 6 8 0 0 0 8 4 2 8 0 0 8 0 10 8 10 4 8 8 8 4 8 2 4 2 2 4 4 8 2 0 4 2 2 0 0 2 2 4 8 4 8 6 0 6 4 8 6 4 2 2 0 4 4 6 4 0 0 2 0 8 8 2 6 0 2 4
2 6 4 8 8 0 4 4 0 8 0 2 4 0 4 0 4 0 2 2 4 10 6 8 8 10 10 0 8 2 0 8 10 10 0 2 10 2 8 6 0 6 8 2 4 2 4 0 2 4 8 4 2 8 4 0 10 0 6 0 8 10 10 8 10 8 0 4 10 4 8 4 2 6 4 2 0 2 6 4 4 6 0 2 8 8 8 0 4 8
2 8 6 4 0 4 0 8 4 8 4 0 4 4 4 2 6 0 6 0 10 10 8 6 10 8 0 8 10 0 0 2 10 8 2 6 0 0 4 4 8 10 8 8 0 0 6 6 2 0 0 2 2 4 4 10 2 4 6 0 0 2 2 4 4 2 6 4 0 8 2 2 2 6 6 6 2 8 6 4 6 4 4 8 6 2 4 4 2 6
2 6 4 2 2 6 2 0 4 2 4 4 2 6 0 0 2 4 10 8 6 6 4 8 8 6 8 0 0 4 8 4 2 6 8 4 10 6 2 2 4 0 8 8 6 2 2 2 0 2 8 0 8 0 6 8 4 8 0 6 10 8 4 6 2 2 10 4 4 6 2 8 0 2 10 6 8 4 2 8 8 10 2 6 10 2 0 4 6 4
2 4 6 0 4 4 4 0 0 0 6 4 0 8 4 2 2 10 6 0 2 10 0 6 4 4 2 8 8 6 0 10 10 0 2 2 2 4 6 0 8 6 6 10 4 6 8 6 0 0 4 0 2 8 2 4 0 6 0 4 2 8 6 4 2 2 0 6 4 4 6 2 2 4 4 0 4 2 2 0 0 2 4 0 10 6 2 2 0 10
2 8 2 0 8 6 2 6 4 0 8 4 0 8 2 6 6 8 2 2 10 0 6 0 6 0 4 2 8 2 6 0 6 6 0 6 6 2 0 6 4 10 2 4 6 4 6 0 2 8 10 8 4 8 8 6 6 0 6 4 0 10 6 0 0 8 6 10 0 4 6 8 2 2 4 10 8 8 8 6 2 2 8 2 10 8 6 6 2 4
2 2 0 10 4 0 0 0 0 8 0 2 6 2 0 4 2 2 0 2 2 8 8 0 0 2 10 2 0 6 4 2 6 4 4 0 4 2 4 10 0 8 4 0 10 2 2 10 4 0 10 0 8 0 0 8 8 0 6 8 0 6 4 0 0 0 6 8 10 6 10 0 0 8 10 10 0 8 8 2 6 0 4 0 2 0 6 4 4 4
2 2 4 6 4 2 6 6 2 6 6 0 2 0 6 6 4 8 6 6 2 0 0 2 8 0 2 6 2 10 8 4 2 0 8 10 10 0 4 4 0 4 6 0 2 8 8 0 10 6 2 4 6 8 4 8 10 6 8 6 4 6 0 4 4 0 2 0 6 8 8 0 4 6 6 6 2 2 8 10 4 0 10 4 0 8 6 0 2 4
2 0 4 6 0 0 2 2 4 2 2 0 0 2 0 4 8 4 6 4 10 8 2 6 0 4 10 8 6 2 2 2 4 0 10 4 4 2 10 6 2 10 8 8 8 2 6 2 6 6 2 6 4 2 2 6 4 4 6 8 8 0 6 8 0 10 10 6 0 2 2 10 10 4 4 4 4 8 0 4 10 6 0 0 10 0 4 6 10 4
2 2 0 4 4 8 4 4 8 0 2 8 8 0 8 0 0 0 6 2 6 6 2 4 0 0 4 0 0 4 8 10 10 8 4 4 0 0 10 2 4 4 8 4 0 4 2 6 8 0 4 2 4 2 0 0 2 6 2 6 0 0 8 6 8 8 8 8 6 4 10 0 6 8 2 2 2 6 4 6 4 0 4 8 6 2 0 2 4 0
2 4 8 2 4 6 4 10 10 4 0 4 2 8 0 8 8 10 8 0 8 10 2 4 8 0 8 0 8 6 6 4 0 8 2 0 2 6 4 10 4 6 10 6 4 8 10 2 2 2 6 0 2 6 0 2 2 2 0 2 6 0 0 6 8 2 0 10 2 2 4 6 2 8 0 0 0 6 6 8 2 0 4 8 4 2 6 10 0 8
2 4 4 0 6 6 0 6 10 6 0 0 0 2 4 0 6 6 10 6 6 0 4 10 0 4 8 4 4 2 2 10 4 10 0 6 6 4 4 2 4 0 8 2 8 10 0 4 0 0 6 8 2 4 10 0 2 8 2 6 8 0 4 4 8 2 8 8 0 8 6 2 2 0 0 8 10 2 6 6 8 0 8 0 6 4 0 2 8 6
2 8 0 4 2 2 2 4 2 8 2 8 4 2 2 0 0 6 8 8 8 6 0 0 10 2 10 10 2 6 0 6 2 6 8 6 8 4 6 8 0 8 0 4 0 0 4 8 4 6 2 4 4 0 8 0 0 0 0 6 6 8 10 4 6 2 10 2 0 2 6 10 6 10 0 2 10 2 8 4 6 4 0 6 2 2 0 2 6 6
2 8 6 4 4 10 10 2 4 6 8 0 0 10 8 8 8 0 6 10 4 0 10 2 2 10 4 0 8 2 2 8 2 6 2 0 4 8 6 4 6 6 6 4 4 4 6 8 6 0 0 6 8 10 8 6 2 2 2 4 2 4 8 0 4 4 6 10 6 4 6 4 2 6 0 10 6 2 2 8 4 0 0 4 8 4 4 8 4 8
2 4 4 10 8 4 6 4 0 4 2 6 4 6 4 6 10 0 0 0 8 8 6 4 8 4 6 6 0 6 8 2 6 4 6 6 2 6 8 8 4 10 2 0 10 0 10 4 0 4 0 4 8 4 6 8 10 2 4 8 4 8 8 0 2 10 0 0 10 4 6 4 6 2 2 2 0 2 6 0 8 0 6 6 2 2 8 0 4 0
2 8 4 4 0 4 4 2 0 6 0 8 2 4 4 2 10 4 8 0 8 4 4 10 6 4 8 4 8 8 0 0 6 4 10 2 8 0 8 2 6 0 6 2 6 4 2 6 2 0 0 6 2 4 0 10 2 0 6 8 4 0 0 8 2 4 2 4 10 6 8 6 8 6 0 0 0 0 4 0 2 6 10 4 6 4 8 2 0 2
2 4 4 6 6 8 10 2 4 6 0 8 10 6 8 8 2 2 8 2 0 6 0 4 2 6 6 6 8 4 10 0 0 2 0 0 4 4 4 4 2 2 6 4 8 0 8 4 0 6 4 4 2 2 6 4 8 4 4 8 2 2 10 0 8 8 4 10 0 4 0 10 0 10 0 0 0 10 2 10 6 8 8 8 10 0 0 8 4 10
2 4 8 0 0 8 0 0 0 0 8 4 6 4 2 8 8 4 8 2 8 0 8 4 2 4 6 2 8 4 2 6 0 0 10 4 10 2 0 2 4 2 6 2 4 8 10 2 2 0 8 10 0 2 0 6 2 4 2 4 6 2 0 8 6 10 10 2 0 2 4 2 4 4 0 6 6 6 4 4 4 8 8 6 6 6 6 2 4 2
2 2 6 2 8 0 8 4 8 2 4 6 0 6 6 4 0 4 6 0 6 8 0 2 6 6 2 6 8 2 6 6 10 2 8 8 4 10 6 4 6 4 2 0 0 0 2 4 2 4 2 8 8 8 0 0 6 4 8 8 10 8 6 0 8 4 4 0 2 8 6 6 0 0 2 8 4 8 6 6 4 2 2 4 10 6 2 4 4 0
2 4 0 8 4 10 8 4 8 8 4 10 8 10 2 6 4 2 0 0 6 8 2 0 6 8 4 8 6 8 4 8 2 2 4 4 2 2 10 0 6 2 4 2 8 0 4 4 0 0 6 2 6 10 4 2 0 10 4 8 2 8 6 10 2 0 4 4 8 8 8 0 0 2 6 2 8 2 4 4 4 0 10 10 8 8 6 6 10 0
2 4 4 4 4 6 10 6 2 0 6 4 0 8 8 0 8 8 2 0 8 4 4 10 0 10 8 8 4 0 8 2 8 4 0 2 8 0 10 2 0 8 4 2 8 6 0 0 4 6 2 2 6 4 10 2 6 8 4 10 2 8 6 2 8 4 6 8 4 4 4 2 2 4 10 6 2 10 2 10 0 2 6 6 8 10 2 4 0 0
2 0 4 8 10 0 2 8 4 6 8 4 10 8 0 4 0 2 10 0 0 6 4 2 4 0 10 4 0 6 6 4 0 2 4 2 10 4 10 4 4 10 4 4 0 6 8 6 2 2 0 4 2 10 2 2 8 2 6 10 6 6 0 4 2 8 2 4 2 8 2 10 4 6 6 4 6 8 2 2 0 2 8 0 2 0 2 2 0 6
2 10 0 0 4 2 4 4 4 2 6 10 4 6 4 4 6 0 8 8 10 2 4 2 8 0 0 6 2 0 0 10 8 2 4 8 0 0 2 6 0 4 8 0 4 4 2 2 4 0 2 8 6 4 8 8 0 0 4 8 10 4 0 8 0 4 4 2 0 10 0 0 8 4 8 0 4 2 8 4 2 2 2 0 6 10 2 8 4 0
2 10 4 4 0 10 8 6 4 8 2 2 4 8 2 4 8 6 2 8 6 6 2 4 8 10 8 0 4 8 6 0 4 0 10 2 0 4 6 2 2 6 2 2 8 0 0 4 2 10 0 6 6 0 6 8 6 2 4 10 2 0 8 8 2 2 4 4 2 0 10 4 6 10 8 0 0 6 4 2 0 4 4 10 8 4 8 6 2 6
2 6 10 6 4 6 6 4 4 4 8 0 4 4 8 2 6 2 6 2 2 8 2 0 8 2 2 2 0 10 8 0 2 8 4 4 6 6 8 6 0 6 8 0 0 6 2 6 10 0 6 0 4 0 0 4 6 8 2 2 2 4 8 4 2 4 4 8 10 6 8 8 0 2 8 2 8 6 10 0 0 0 4 0 0 4 10 8 8 4
2 4 8 8 4 6 6 0 10 6 8 10 8 4 10 0 2 10 2 8 2 2 6 2 6 2 6 2 10 0 8 4 8 2 6 4 6 2 4 2 4 10 4 0 0 4 6 0 4 4 0 2 0 4 0 4 6 10 0 6 4 10 8 4 10 0 6 8 2 6 6 10 2 6 0 8 8 0 4 8 4 8 0 4 0 0 8 8 2 2
2 4 0 2 4 10 4 6 4 10 8 0 8 10 2 10 6 4 2 0 10 0 10 0 8 8 6 2 4 4 0 8 8 0 2 6 8 2 4 8 4 6 6 4 8 6 6 8 8 4 8 2 6 2 10 2 8 0 8 4 10 0 0 4 2 6 6 0 4 10 6 6 6 4 2 6 0 8 2 8 4 4 8 6 4 0 0 4 2 6
2 4 6 4 0 0 8 0 10 8 8 2 0 4 2 0 10 6 8 0 10 4 2 6 0 8 4 10 8 6 4 0 2 4 6 6 8 8 8 6 2 8 0 4 6 10 6 0 10 0 4 8 4 6 2 6 6 10 6 0 6 8 0 6 6 10 10 10 6 2 8 6 0 8 6 0 8 8 8 2 8 8 6 0 2 0 0 4 10 8
2 4 4 0 2 4 6 8 6 2 10 2 2 8 0 2 0 2 0 8 6 2 8 4 0 4 0 8 4 2 2 0 0 6 8 0 4 8 8 6 0 0 8 8 10 6 6 8 2 6 2 2 8 0 2 0 6 4 0 6 0 2 6 10 4 2 10 10 0 8 8 10 10 2 2 10 8 10 10 8 8 2 8 8 6 0 6 0 4 4
2 0 8 4 0 10 2 10 2 0 0 4 8 0 8 0 8 10 8 4 8 2 2 6 0 2 0 6 6 2 2 2 0 0 2 8 2 6 6 8 6 6 2 6 8 0 8 4 6 4 4 4 6 8 0 2 10 4 10 6 0 6 6 2 8 8 8 4 8 6 2 0 4 0 8 10 4 2 8 8 6 8 4 2 10 0 6 6 2 10
2 0 8 0 8 8 8 6 2 10 2 6 6 2 2 8 0 4 4 2 4 8 0 0 0 8 4 4 2 6 2 6 10 6 0 2 2 0 8 0 4 6 0 8 8 8 0 4 6 4 4 0 2 8 4 8 2 4 8 2 2 4 2 0 4 2 2 0 0 0 8 10 2 8 4 0 0 4 2 0 6 8 4 10 0 0 6 2 8 0
2 0 8 6 8 10 4 4 8 8 10 2 8 2 8 0 2 4 8 6 6 0 6 0 0 2 4 6 8 6 4 6 6 6 2 0 8 8 2 10 0 0 8 0 4 4 6 2 6 0 0 4 6 0 10 8 8 6 8 4 8 8 2 8 2 2 4 4 2 0 0 0 0 8 4 8 4 6 0 8 2 8 2 6 2 10 2 8 4 8
2 6 0 6 8 10 2 2 8 6 2 4 2 8 6 8 8 6 6 4 0 2 2 4 0 8 10 0 8 8 6 2 4 8 10 10 0 6 6 6 0 4 8 4 6 6 4 4 2 0 6 0 4 8 4 4 8 0 6 2 8 6 4 0 4 4 8 2 6 2 6 6 10 0 6 4 10 6 2 4 6 0 8 4 6 10 8 6 2 0
2 0 8 2 8 0 8 6 0 2 2 6 8 8 2 2 10 0 2 4 2 2 0 6 2 0 8 4 0 4 0 2 4 4 6 0 0 0 2 4 0 2 2 10 6 2 10 4 6 0 4 10 8 4 2 6 4 8 6 8 0 2 4 8 10 2 0 0 6 10 10 4 2 2 2 8 0 8 2 0 8 0 6 8 6 8 6 0 2 4
2 2 0 6 8 8 6 4 2 8 2 8 8 0 0 2 4 4 2 0 0 8 8 6 2 8 6 6 0 2 8 0 2 0 4 2 8 6 0 0 6 4 0 6 4 4 0 2 0 8 0 8 2 6 8 8 6 2 2 0 6 2 2 4 4 10 8 0 6 4 4 4 10 4 2 2 10 6 0 8 8 10 0 0 8 4 4 2 0 2
2 0 8 8 8 0 6 0 6 8 6 8 6 2 4 8 8 4 4 8 0 4 4 4 6 8 10 2 8 6 4 10 0 0 4 6 4 8 8 0 10 0 2 8 6 4 2 8 10 8 4 10 4 2 8 2 4 8 10 6 6 8 8 8 6 8 6 6 8 4 4 8 2 6 6 8 4 2 8 0 0 8 6 6 10 10 6 4 2 6
2 2 4 4 2 0 8 2 0 8 6 6 2 0 6 2 4 2 4 2 6 2 0 4 4 8 6 6 4 4 0 2 0 8 10 10 0 6 8 8 0 6 0 8 4 0 6 6 8 0 8 4 8 0 4 2 8 4 2 4 2 4 8 2 4 0 2 10 4 6 6 0 0 10 10 4 8 4 0 8 4 4 10 4 6 4 8 10 2 6
2 4 0 4 0 4 6 4 2 2 4 8 0 2 2 6 0 0 6 0 4 2 4 8 6 4 6 0 4 0 2 2 8 2 8 0 6 10 10 0 6 0 2 0 0 6 4 2 2 4 0 8 0 2 8 4 0 0 0 4 10 0 10 10 2 6 6 2 2 4 4 0 0 0 0 4 8 6 2 4 2 2 0 2 0 2 8 4 0 6
2 4 8 2 4 10 4 4 8 2 8 6 2 6 6 6 10 0 2 0 8 10 4 2 0 0 0 2 8 4 2 6 0 4 8 8 8 0 8 8 0 6 0 4 2 10 4 4 4 4 2 10 8 2 0 10 8 2 6 8 4 4 4 10 4 4 0 6 4 0 6 10 0 0 0 8 6 8 6 4 4 6 2 4 2 6 4 10 0 4
2 4 8 0 8 2 8 8 8 10 4 4 10 10 6 2 0 0 0 4 4 2 4 8 8 8 10 0 0 6 10 10 2 8 2 0 4 10 2 6 0 0 6 0 6 0 0 2 10 6 0 6 6 4 6 4 4 2 2 2 6 6 8 2 6 6 2 4 6 8 10 10 6 4 4 2 6 2 0 0 0 2 4 8 4 0 6 10 6 4
2 4 8 2 4 4 6 8 10 2 4 6 2 6 6 10 0 10 6 6 2 2 8 6 10 8 6 6 4 6 6 6 4 4 2 8 6 4 0 8 0 6 0 0 0 6 8 4 8 8 6 8 10 4 4 4 6 0 6 8 8 0 6 8 8 8 2 8 6 2 10 4 0 8 6 8 2 6 8 4 6 4 6 6 2 8 8 8 8 2
2 4 4 0 2 0 2 2 0 6 0 0 8 8 0 0 8 0 6 8 10 0 4 6 8 4 0 2 8 0 4 2 6 10 6 4 0 6 4 0 0 6 2 4 2 0 8 0 10 2 0 8 10 6 8 0 8 4 0 6 4 4 6 4 2 8 6 6 6 6 4 10 10 4 0 6 2 0 0 6 4 2 2 4 8 4 10 0 10 4
2 6 8 6 8 10 4 0 2 2 4 8 4 2 6 2 2 10 10 2 4 6 10 8 6 4 8 6 2 0 4 4 6 0 4 8 0 0 10 0 8 0 4 2 4 6 0 4 2 8 8 4 6 10 0 4 6 6 8 4 4 10 6 2 8 2 2 2 6 2 10 4 2 4 6 0 8 2 8 0 4 8 6 0 4 6 8 4 8 8
2 6 2 0 4 6 8 8 2 4 6 10 0 6 0 8 6 0 2 10 2 10 10 4 4 4 4 8 8 8 2 6 10 4 6 6 2 10 0 4 2 0 8 0 2 6 4 0 4 4 0 6 0 6 6 10 6 2 0 8 2 0 0 2 4 2 6 4 2 8 10 10 2 6 4 8 4 0 6 4 10 8 4 8 0 6 0 2 8 0
2 2 2 4 8 4 10 6 6 4 4 4 4 2 0 8 6 4 0 0 8 2 0 8 8 10 4 6 6 4 6 2 4 6 6 8 4 4 0 0 4 0 10 4 0 8 4 6 0 2 8 8 8 4 2 4 8 6 4 6 8 6 8 10 10 0 2 2 6 2 8 8 10 6 0 8 2 10 0 2 0 0 6 6 2 8 4 10 10 0
2 2 10 10 10 4 6 0 0 2 10 4 0 8 6 8 8 2 0 0 10 8 8 0 4 6 4 10 0 4 0 10 6 0 6 0 6 8 2 4 0 6 6 10 4 10 2 0 4 0 10 4 6 0 4 4 2 0 0 8 8 2 2 0 8 4 8 8 0 6 0 4 10 8 2 4 4 8 0 2 8 4 4 4 6 6 6 8 10 0
2 2 4 6 2 4 2 2 6 8 0 0 4 2 2 8 6 10 4 2 0 6 4 2 0 2 8 10 0 6 6 6 8 4 4 4 2 4 10 8 8 0 2 0 2 8 10 4 10 0 0 0 4 2 6 8 4 6 8 2 8 2 0 2 2 8 4 0 6 2 0 2 0 0 2 6 8 2 4 8 10 6 2 2 8 6 8 10 8 2
2 0 2 4 6 10 4 6 6 0 6 0 6 2 2 0 4 0 0 0 6 4 2 6 8 2 8 4 0 6 10 8 10 4 2 2 8 2 2 2 6 0 10 6 4 2 8 4 0 8 10 0 0 0 4 0 0 6 2 2 8 2 8 8 10 2 6 6 4 2 10 8 10 0 2 2 4 6 10 2 10 6 0 8 6 4 8 0 4 2
2 8 6 2 8 0 6 6 10 2 6 10 8 4 4 6 2 4 8 4 6 6 6 8 6 4 8 10 0 0 6 0 6 0 2 0 4 2 6 10 8 4 2 0 8 4 2 2 0 0 8 2 0 10 4 0 4 6 10 4 0 2 6 8 10 2 0 4 10 6 4 2 0 8 0 2 6 8 2 2 4 0 4 10 8 2 4 8 4 4
2 8 8 10 6 0 2 8 4 4 0 10 0 6 8 6 4 2 6 4 2 8 6 2 4 0 8 0 6 10 4 4 0 6 6 2 8 0 2 2 10 4 4 2 8 2 4 0 2 2 6 2 6 0 10 4 0 4 10 0 8 0 8 8 8 2 4 4 6 8 10 10 4 2 0 2 10 0 6 6 0 10 6 4 4 6 2 8 8 10
2 2 0 8 10 4 6 2 2 0 6 6 6 6 0 0 6 4 8 10 0 6 8 4 0 8 2 2 2 0 4 8 4 10 0 2 2 8 2 6 0 0 6 8 4 8 8 4 2 0 0 0 4 10 0 4 0 6 8 6 6 0 4 4 0 10 8 10 6 10 0 6 0 10 0 4 6 4 8 6 2 2 2 0 4 2 8 0 6 4
2 6 6 2 2 4 0 8 4 8 0 4 8 8 8 8 0 2 4 6 0 0 8 0 8 4 8 6 6 2 2 4 4 8 8 8 2 10 2 2 6 10 6 4 8 4 6 2 0 8 0 6 4 10 10 0 4 4 4 2 8 0 0 6 0 8 8 6 6 8 2 0 4 2 6 8 0 6 2 6 8 4 4 4 2 2 10 0 4 0
2 4 0 10 2 10 2 4 0 2 10 4 4 0 8 6 10 4 2 10 10 4 8 2 0 6 2 2 4 6 6 4 6 2 8 6 6 2 8 8 0 8 4 8 4 4 2 6 2 2 0 4 10 4 4 4 0 6 2 4 8 8 2 6 6 4 0 4 8 6 4 6 0 6 6 0 4 0 8 4 0 0 6 0 10 2 6 6 2 4
2 8 0 8 2 8 6 4 2 0 6 0 4 0 2 8 0 4 8 6 2 6 4 2 0 8 0 8 10 4 4 2 6 8 6 4 2 4 10 8 4 0 10 10 6 8 4 6 8 8 10 2 8 6 4 6 0 0 2 0 10 10 4 0 2 2 6 6 4 6 6 6 8 6 8 8 8 4 8 2 10 8 0 2 0 6 0 8 6 2
2 4 6 8 0 2 6 8 0 10 6 0 10 4 4 8 4 0 4 8 4 4 10 0 8 8 4 2 2 2 8 0 2 4 4 6 0 6 4 4 0 2 0 4 2 4 0 6 0 10 2 0 6 6 8 8 10 8 0 10 6 8 2 4 8 0 2 0 2 2 4 4 0 8 6 0 6 0 6 0 8 8 2 4 0 6 0 4 4 4
2 4 10 10 2 4 4 8 2 0 6 4 8 8 0 6 4 4 4 0 0 4 8 2 4 10 2 8 4 8 4 4 8 4 4 2 6 10 4 0 6 10 10 8 6 2 0 10 2 8 8 8 2 6 4 4 6 6 2 0 2 2 0 2 0 0 2 8 4 10 0 8 6 6 8 10 2 10 0 2 10 8 2 4 0 4 6 10 10 6
2 6 6 2 4 2 2 0 4 0 8 0 2 2 6 10 0 10 0 8 6 8 8 8 2 6 4 2 0 10 6 4 0 2 8 8 10 8 2 2 4 2 4 2 2 4 0 2 0 0 2 2 8 4 8 4 2 2 4 0 0 4 0 8 8 8 8 8 0 0 4 4 2 8 4 10 8 2 4 2 8 6 6 4 8 10 2 4 10 8
2 4 8 4 2 2 8 8 6 8 6 0 0 2 0 4 6 4 4 8 0 0 4 6 2 0 8 4 8 10 4 6 2 2 2 6 0 2 2 8 4 2 2 2 2 8 2 0 4 0 4 4 4 6 4 10 6 6 0 4 0 0 0 6 8 0 6 0 8 8 8 2 0 4 8 0 2 8 4 2 0 2 4 2 6 0 6 8 8 0
2 4 2 2 10 6 10 2 10 6 2 2 6 0 6 0 2 4 10 0 2 4 0 8 8 0 0 8 0 10 0 2 2 8 8 4 4 8 0 8 0 6 6 2 0 6 2 2 2 10 6 8 0 8 6 4 0 10 2 10 0 6 0 4 2 2 6 6 4 10 10 8 8 6 6 8 8 8 2 10 0 10 8 4 8 4 2 10 2 0
2 8 2 0 6 8 0 4 10 2 8 10 0 10 8 8 6 6 2 2 4 6 8 10 0 8 2 0 6 6 8 0 4 4 2 2 8 10 2 2 8 0 10 8 8 8 4 8 6 8 0 10 8 6 0 0 8 0 6 0 6 0 2 0 4 0 0 10 8 8 6 0 0 8 6 2 4 10 6 2 4 6 8 2 8 2 4 0 6 8
2 8 6 6 4 0 6 0 4 2 2 6 0 4 6 8 6 10 6 0 6 4 0 8 8 2 2 6 10 8 8 0 8 2 0 4 0 2 6 4 4 6 2 2 2 2 8 6 0 0 0 2 6 2 6 8 0 8 6 6 10 10 4 2 0 0 8 2 4 0 4 8 0 4 4 0 4 6 6 2 8 6 2 0 0 6 0 0 10 6
2 4 6 0 4 6 6 4 0 8 6 6 2 6 0 2 2 6 2 2 6 4 4 0 4 6 8 2 2 4 4 4 8 6 0 2 4 4 4 6 4 8 10 4 2 8 4 6 6 0 0 0 8 2 8 2 10 8 0 2 6 10 4 8 4 0 4 2 6 4 2 8 2 2 8 10 2 8 0 6 8 8 0 6 2 2 2 0 2 0
2 6 10 4 6 6 4 2 4 0 0 8 8 0 8 4 2 4 0 8 4 0 0 2 6 0 0 2 8 10 0 10 0 0 6 8 0 2 4 8 0 6 6 2 2 8 2 6 0 2 10 8 10 0 10 0 4 8 8 4 8 8 4 2 8 4 0 0 2 0 0 0 0 8 4 8 0 8 6 8 10 2 8 0 0 6 6 2 6 6
2 4 4 6 10 2 0 6 4 2 8 4 0 0 10 2 0 8 6 0 4 0 4 2 8 0 4 0 8 0 2 10 0 2 8 6 2 10 4 8 0 4 4 0 2 6 0 6 4 8 0 0 2 0 2 4 6 4 10 8 10 2 6 0 0 6 8 0 8 2 8 4 8 10 2 8 6 10 0 2 2 2 8 0 4 0 4 6 8 0
2 8 2 8 8 2 2 8 4 10 10 4 8 0 8 6 6 8 8 4 8 2 0 8 2 10 2 6 2 8 8 6 8 4 10 0 6 6 4 2 2 6 4 6 2 4 2 0 0 8 2 4 2 10 8 8 6 8 4 4 8 0 4 2 0 8 0 8 0 2 8 4 0 4 6 4 2 10 8 8 10 6 8 8 6 10 6 0 2 0
2 2 2 2 8 2 6 0 2 0 2 2 2 4 4 4 6 6 8 2 4 10 2 2 8 2 2 6 8 0 8 6 2 4 8 0 10 2 0 0 0 6 0 6 4 2 6 2 2 8 0 0 6 2 8 4 8 6 0 2 2 6 8 8 6 4 2 2 6 0 8 6 8 4 8 6 4 0 10 4 0 10 0 6 4 0 0 6 8 8
2 2 0 6 0 2 4 8 4 10 10 6 8 8 8 4 0 4 4 0 4 10 10 6 0 2 8 0 8 2 6 10 0 4 6 0 6 6 4 6 10 6 2 8 0 4 10 0 4 4 6 6 0 4 4 2 6 2 2 4 4 2 2 6 6 4 6 2 8 8 0 2 2 10 0 6 4 4 6 0 0 2 8 6 6 8 4 6 2 8
2 4 6 4 2 0 4 4 10 0 10 0 4 8 8 0 8 2 8 2 2 2 4 0 4 8 6 6 10 0 6 2 2 8 2 10 4 6 6 4 2 10 0 0 2 0 0 2 6 2 0 8 8 0 4 6 8 8 6 2 0 10 10 4 4 8 2 6 8 8 4 0 4 8 0 6 2 2 0 6 4 0 6 8 6 8 2 2 0 0
2 8 8 6 2 0 8 6 0 0 2 2 4 2 0 10 0 0 4 6 8 6 8 2 6 2 8 6 10 4 8 2 0 2 2 2 4 8 2 10 2 2 0 2 4 4 6 4 6 6 0 0 10 8 8 4 4 4 0 0 0 8 8 4 4 0 6 2 10 2 6 4 0 0 2 8 2 2 10 6 4 0 2 6 0 6 6 0 4 10
2 6 6 8 6 4 8 10 8 4 2 4 8 2 4 0 4 8 6 6 6 0 2 2 0 0 2 10 6 6 6 6 6 2 2 6 0 2 10 8 4 2 2 0 10 8 2 2 10 4 2 0 4 8 4 0 6 4 6 6 8 6 4 0 0 6 8 4 6 0 8 4 6 0 0 4 6 10 10 10 4 10 8 2 4 0 2 8 6 8
2 0 2 6 6 8 6 8 0 8 4 8 4 2 0 0 4 8 4 10 6 6 6 2 10 2 10 10 2 4 2 2 0 4 0 2 6 10 0 2 2 8 8 2 2 0 6 0 4 10 4 8 8 4 2 0 2 4 6 8 8 10 0 8 2 0 2 6 4 8 6 2 4 10 0 0 8 6 8 4 4 0 0 0 4 6 4 0 2 8
2 8 8 6 8 6 2 8 4 4 8 8 8 4 10 0 4 2 4 8 0 4 8 8 0 2 6 0 6 2 6 0 8 4 6 0 4 0 4 4 0 6 0 6 6 2 4 0 10 8 6 4 8 2 0 2 8 0 10 6 0 2 2 6 4 6 8 2 2 10 6 4 6 8 2 0 6 6 4 0 2 8 0 2 0 4 6 6 2 10
2 4 6 2 6 4 4 2 2 6 0 10 0 4 8 4 4 6 8 6 6 10 8 4 0 8 6 0 4 2 0 8 0 4 0 4 10 6 4 8 2 2 2 0 6 6 2 0 2 2 8 8 0 8 0 8 6 6 10 0 8 4 2 10 6 4 8 6 6 2 2 4 6 4 6 0 0 8 2 2 6 10 4 10 4 2 4 4 2 0
2 2 8 8 0 4 0 0 8 2 8 0 10 4 6 10 2 0 6 0 6 2 0 10 4 6 4 10 8 2 0 8 4 6 4 0 10 2 0 8 2 0 4 10 6 6 8 6 4 0 10 6 4 6 0 8 0 6 6 8 2 8 4 4 8 6 4 2 8 4 6 0 6 2 10 6 4 0 6 6 8 0 6 4 6 0 0 8 6 10
2 0 6 6 0 4 2 4 2 4 6 0 6 10 0 8 8 10 8 6 0 6 6 8 2 0 0 4 4 10 2 6 4 8 0 2 10 2 0 4 0 6 0 2 0 8 8 0 6 0 0 8 2 0 4 0 4 0 0 2 0 4 6 6 2 4 2 4 10 2 4 8 6 2 0 8 4 4 0 0 8 8 10 0 2 4 0 8 2 6
2 6 10 2 0 6 4 0 6 0 0 4 8 10 2 8 8 0 10 4 0 2 2 10 8 2 0 4 0 6 10 4 4 0 0 2 0 10 8 0 2 4 2 2 4 10 0 10 6 2 6 10 8 2 4 2 4 4 6 2 4 8 0 0 0 0 4 10 8 4 2 4 2 2 6 8 2 10 4 0 0 8 4 6 0 4 4 2 0 2
2 10 2 6 0 8 6 4 8 2 4 10 4 0 4 2 2 8 4 0 6 10 0 6 8 0 6 8 0 4 0 8 8 10 4 4 2 4 4 6 0 2 8 2 6 2 6 0 10 10 6 8 4 2 0 2 0 4 6 4 2 8 4 4 8 6 4 4 0 2 0 4 4 8 6 6 4 4 8 0 0 4 8 6 8 0 8 6 2 4
2 4 0 0 10 2 4 8 8 6 4 6 6 2 4 2 2 2 8 8 4 2 6 2 8 0 2 0 0 2 6 2 4 4 4 6 10 10 0 6 10 4 0 10 4 2 4 4 0 4 0 6 8 0 6 6 0 6 0 2 2 0 2 0 4 8 2 0 10 6 10 4 8 2 2 10 6 4 2 4 2 0 4 0 4 8 6 2 0 0
2 8 8 0 4 0 2 8 2 6 2 6 4 8 0 8 10 6 6 6 4 2 8 8 6 4 6 0 6 8 6 8 8 2 4 10 8 8 0 2 2 0 8 4 2 2 6 2 2 10 6 0 8 4 6 6 4 8 2 6 8 0 6 2 6 4 4 6 4 2 6 8 10 8 4 8 10 6 6 8 10 2 0 0 6 6 0 10 4 0
2 6 0 8 6 10 4 2 6 10 0 4 0 4 8 0 0 2 4 2 10 4 4 2 10 0 2 4 8 4 0 0 8 8 6 0 8 0 6 6 2 8 2 8 2 10 2 8 10 8 8 10 2 0 4 2 2 4 4 6 8 0 0 2 6 2 2 2 8 2 2 8 4 6 4 0 6 0 6 8 6 2 8 0 8 2 6 10 2 0
2 0 0 0 4 6 8 6 8 2 2 4 10 2 4 2 6 0 6 4 6 4 4 0 2 8 4 4 8 0 8 4 4 10 2 4 8 4 2 8 2 2 8 2 4 4 2 2 8 2 2 4 2 6 8 6 0 8 2 0 2 4 2 6 2 4 4 2 2 10 6 8 6 0 8 10 2 10 4 4 2 8 0 2 0 4 2 8 10 2
2 10 0 8 10 10 2 0 6 2 4 8 0 10 6 2 6 6 8 6 4 4 10 0 6 4 10 6 8 2 4 2 4 2 2 8 6 2 6 4 10 8 2 2 6 4 4 6 10 6 0 2 2 10 2 10 0 2 6 8 10 2 2 4 10 2 4 8 6 8 8 4 6 4 4 6 4 2 10 4 0 2 6 2 8 0 0 4 0 0
2 4 4 8 2 0 8 2 4 0 4 0 4 0 4 6 0 6 10 0 4 6 2 10 8 6 4 2 10 8 2 2 4 8 2 6 4 2 0 8 4 8 2 4 6 4 4 8 8 6 2 2 4 0 8 4 8 4 2 6 4 8 0 4 6 4 2 8 6 6 4 6 0 8 6 10 10 10 0 2 4 4 10 6 8 6 0 4 4 2
2 6 4 6 2 0 2 8 6 10 2 8 2 2 4 6 8 0 10 0 10 0 6 0 8 6 4 6 6 2 10 8 0 2 4 8 6 6 0 6 0 2 4 8 2 8 6 8 0 6 4 6 8 6 6 6 6 6 10 4 0 10 2 0 4 0 6 4 0 2 2 6 0 2 0 8 4 4 6 0 2 8 4 0 0 4 8 0 0 0
2 6 4 6 8 2 4 2 8 6 8 8 0 10 2 8 0 4 10 10 0 0 8 4 2 6 10 0 4 8 2 4 6 4 4 8 4 6 10 10 4 0 10 0 6 0 6 2 0 8 6 8 2 0 4 8 2 4 0 2 4 4 0 0 10 2 2 2 0 2 4 4 10 2 0 4 8 8 0 4 6 10 0 0 2 10 0 2 0 8
2 2 4 4 10 6 4 4 4 2 0 6 8 4 2 6 8 8 10 2 4 6 8 0 2 0 0 4 6 2 2 10 0 2 4 6 8 6 6 6 8 8 8 4 8 8 8 8 0 6 0 0 0 6 6 8 2 2 2 4 6 8 6 0 0 6 10 0 4 6 0 4 6 6 4 10 8 2 2 0 2 8 4 8 8 2 6 4 8 0
3 0 3 2 2 2 6 8 6 3 6 6 2 2 3 0 0 3 2 0 3 6 2 3 2 8 6 5 6 8 6 0 6 2 6 3 5 2 0 3 5 8 5 8 5 2 3 2 3 5 2 5 6 2 2 6 2 3 8 5 3 0 2 2 0 3 3 2 5 5 5 5 2 0 2 3 5 0 2 2 0 6 2 3 6 0 6 0 0 6
3 6 0 6 3 6 3 3 6 6 8 5 0 5 5 5 3 3 0 2 5 3 0 3 0 0 6 0 2 3 3 2 0 6 3 3 6 6 8 0 3 0 3 5 3 5 0 6 0 2 6 0 5 6 0 2 5 6 6 0 6 5 3 0 0 3 5 5 3 6 5 6 6 3 0 6 5 6 6 6 2 3 0 0 2 3 3 2 3 6
3 0 0 0 5 8 3 3 3 2 0 0 2 5 5 6 6 0 2 2 0 0 5 3 6 0 5 3 2 2 0 2 6 5 3 5 3 0 6 0 2 6 6 0 3 3 0 0 5 5 5 0 0 2 6 0 0 5 5 0 5 5 0 2 3 5 2 3 3 0 0 5 2 0 0 3 6 0 2 2 0 0 8 3 0 0 6 2 6 5
3 5 5 2 0 5 5 3 3 0 2 2 3 3 5 5 3 5 3 3 5 6 6 0 5 2 5 5 0 0 3 2 2 2 5 6 2 5 2 5 6 3 5 2 2 0 5 0 6 2 2 2 2 2 8 0 0 6 5 6 2 0 5 2 5 3 2 6 2 3 2 6 6 2 0 3 2 5 5 6 5 6 6 2 0 3 5 2 0 3
3 0 3 3 2 0 5 0 6 6 2 6 6 5 2 2 0 5 5 6 0 5 2 2 0 2 2 2 3 2 2 0 3 6 6 2 3 0 3 6 5 6 5 5 5 6 3 2 6 3 0 6 5 6 6 2 3 5 0 3 3 6 6 2 5 5 2 5 3 6 2 3 5 3 6 8 0 2 0 6 6 3 0 3 3 3 3 5 2 3
3 0 6 5 5 2 0 5 2 6 0 2 3 3 2 2 2 2 2 5 0 0 0 6 3 2 5 5 2 6 6 3 5 3 6 0 3 6 0 6 0 5 2 5 6 0 6 3 2 2 6 3 5 8 0 2 0 2 3 2 3 2 5 5 3 0 2 3 2 8 3 2 0 0 3 5 8 2 6 3 0 3 5 2 5 2 3 6 2 2
3 5 3 0 6 2 5 0 5 2 2 6 5 0 5 3 5 3 2 6 6 3 6 5 6 6 3 2 3 2 2 8 6 2 8 2 3 5 5 6 2 0 3 6 3 2 6 8 2 6 0 6 2 3 0 5 2 6 6 5 0 2 6 3 2 0 3 6 6 2 6 2 2 0 8 2 8 5 5 6 6 2 8 5 3 6 3 6 5 6
3 0 0 6 5 6 0 2 0 3 2 3 6 2 0 2 0 5 3 5 2 0 8 0 3 5 3 3 3 5 6 2 2 6 0 8 0 3 0 6 2 8 5 0 3 3 6 3 3 0 0 3 0 3 2 6 8 6 0 0 8 3 5 5 2 0 2 0 0 2 2 2 0 6 2 5 6 6 2 2 6 3 3 3 3 6 2 6 6 6
3 6 2 6 2 6 0 6 3 0 3 0 0 6 2 2 0 2 5 0 6 6 5 0 6 5 5 6 6 0 0 5 6 0 0 2 5 3 6 0 6 0 0 0 6 3 0 0 0 5 2 0 3 5 2 6 8 3 6 0 5 2 8 3 5 6 3 8 6 6 5 8 0 6 5 2 6 0 8 0 5 3 0 5 3 3 2 0 6 0
3 2 0 2 3 6 2 0 5 6 0 3 3 8 3 2 6 5 5 2 8 5 3 0 0 5 0 3 5 2 5 3 3 3 5 5 6 2 2 5 0 5 0 6 5 6 6 3 5 6 0 3 8 6 6 5 5 3 0 5 5 6 5 0 3 3 6 5 3 3 2 5 6 2 6 3 6 3 2 8 5 6 3 0 2 2 5 0 0 0
3 2 3 3 8 2 0 0 3 6 5 0 2 3 0 2 2 0 0 3 0 8 0 3 0 6 0 8 5 2 6 2 5 5 0 5 3 5 6 5 2 2 5 2 6 6 6 2 6 6 5 3 8 2 2 2 5 3 6 5 6 6 5 0 2 6 3 3 6 5 8 5 5 5 5 5 0 5 0 2 6 5 5 3 3 0 0 5 3 0
3 2 6 3 5 3 3 5 6 6 5 3 0 6 3 5 2 5 3 0 0 5 6 5 2 8 0 8 6 5 0 8 0 5 0 5 6 2 3 0 3 0 8 3 2 5 3 0 5 0 5 8 6 6 3 6 6 0 5 3 3 0 0 5 6 0 3 6 8 8 6 5 0 3 2 0 0 0 0 0 5 5 3 5 0 2 0 0 3 2
3 2 6 6 2 0 2 6 5 8 3 5 2 0 2 3 6 0 5 3 6 6 3 0 5 6 5 6 0 6 6 5 2 0 0 3 3 0 6 6 0 5 5 0 3 3 2 5 6 8 3 3 3 0 3 5 6 8 2 6 2 2 0 5 0 2 0 0 6 8 3 3 2 6 3 2 5 6 8 5 5 0 8 0 0 2 0 6 5 2
3 8 6 2 6 2 5 2 6 8 6 3 8 2 0 6 2 6 5 6 3 0 5 5 6 5 0 0 6 2 0 0 3 6 6 3 5 2 2 6 6 5 3 6 3 2 5 5 3 5 6 2 5 3 6 6 3 0 0 5 2 3 6 3 0 6 5 5 0 6 2 2 2 0 5 0 5 6 6 2 3 2 6 3 2 0 6 0 0 0
3 8 6 0 2 2 5 0 2 0 2 5 5 3 5 0 2 2 3 0 5 6 0 5 3 6 6 2 2 0 2 5 2 6 6 6 5 5 0 5 5 6 5 5 2 6 8 0 5 2 0 0 5 3 0 6 3 3 0 3 3 2 6 0 8 3 3 0 2 8 2 0 0 3 2 0 3 0 2 2 0 0 2 8 3 5 3 6 2 3
3 0 0 6 0 6 0 5 3 2 2 5 8 6 3 2 0 2 3 0 3 2 3 6 2 3 0 3 5 5 3 5 6 6 6 0 3 5 8 5 0 3 6 5 0 2 2 2 5 6 6 6 6 5 0 2 5 6 6 0 3 6 6 6 0 6 6 2 0 0 2 3 3 6 3 0 6 3 3 0 0 0 0 8 0 5 3 3 0 2
3 2 6 6 0 0 2 3 6 0 0 0 2 3 6 0 2 0 2 6 0 6 5 5 0 6 6 0 2 6 5 6 0 6 5 5 5 6 0 0 3 2 0 0 5 5 6 2 2 2 2 5 2 0 0 5 0 3 5 6 3 3 0 5 6 5 2 5 6 5 3 3 2 3 5 5 6 5 5 5 2 2 3 2 0 5 5 3 5 3
3 2 3 5 6 2 2 0 2 0 6 8 2 0 2 8 5 3 0 6 6 0 5 2 2 8 3 0 3 5 5 5 6 3 6 6 8 6 3 3 0 2 6 3 0 5 3 0 0 2 0 5 6 2 6 2 2 2 8 2 5 3 0 6 3 0 3 5 3 2 6 5 6 3 0 3 8 2 3 5 3 0 6 8 6 6 6 2 5 6
3 8 2 0 2 6 0 2 3 2 2 5 6 5 3 0 2 3 0 0 2 6 2 3 0 0 3 0 3 6 8 2 3 3 3 6 6 2 3 2 0 6 3 2 3 5 2 0 3 2 6 0 6 5 3 5 0 6 5 5 5 6 3 2 2 5 6 2 5 0 8 0 3 6 0 2 2 5 2 5 2 5 2 3 3 3 0 5 0 2
3 3 6 3 6 3 8 2 2 6 5 6 5 8 3 2 6 8 3 0 0 0 5 2 6 6 2 8 2 5 2 5 2 0 3 3 0 3 6 6 5 0 3 8 3 5 5 0 6 3 0 6 2 2 0 2 3 3 5 5 2 2 2 0 2 0 0 3 5 0 8 6 0 3 5 2 3 5 2 2 3 2 2 0 0 6 5 0 8 5
3 6 2 2 2 0 2 2 3 3 3 2 3 2 5 3 0 0 0 3 6 0 0 2 5 5 2 0 3 2 0 6 5 5 0 3 2 2 0 5 6 0 3 2 2 5 2 0 0 8 3 8 2 0 6 3 3 8 0 6 5 3 2 3 3 3 2 3 3 5 3 6 6 6 6 3 0 3 3 5 0 6 3 2 0 3 6 2 0 6
3 2 2 0 5 2 6 5 0 0 8 0 2 2 2 2 0 0 5 5 0 6 0 5 8 6 2 3 0 5 2 6 0 5 5 0 0 8 5 5 2 3 5 6 5 5 6 5 0 6 2 6 0 0 5 6 0 5 6 3 3 5 0 0 0 6 8 0 0 0 5 5 3 2 8 2 3 0 0 3 0 2 2 2 2 5 0 3 0 0
3 5 3 3 2 3 5 8 2 2 3 2 6 3 5 2 8 2 6 3 6 8 2 0 2 2 5 2 5 3 0 8 5 2 6 3 0 2 0 0 3 2 0 0 5 0 5 8 2 2 6 6 6 3 3 3 6 8 6 3 6 8 0 3 0 2 0 0 5 0 0 6 5 5 3 3 6 2 2 3 5 6 2 5 3 5 0 2 3 6
3 3 5 2 2 2 8 8 0 0 8 3 0 6 2 8 5 3 3 6 6 5 5 2 0 2 2 3 0 8 5 0 6 6 3 5 0 0 3 6 0 5 3 3 5 0 6 0 2 8 2 2 2 0 3 3 2 5 8 0 2 0 5 3 0 3 2 2 6 2 0 3 5 3 6 3 8 2 0 0 0 2 3 6 2 3 8 6 3 3
3 3 3 5 6 3 2 5 3 6 0 2 0 0 3 3 6 6 3 0 5 6 0 3 2 0 3 0 6 8 6 2 5 5 6 0 2 0 3 3 6 0 2 3 2 5 5 2 2 5 6 3 3 5 6 0 3 2 3 6 2 3 6 5 3 0 0 0 3 2 6 2 6 3 5 5 6 0 5 2 6 2 0 0 0 5 2 3 0 2
3 0 3 0 0 3 6 0 2 2 2 2 2 5 0 5 5 5 5 2 8 3 0 3 2 5 0 5 5 6 3 3 2 0 5 3 2 0 6 2 2 6 6 0 2 2 3 6 5 0 8 8 3 5 0 5 2 3 6 2 5 0 3 6 3 3 2 0 3 5 0 2 3 3 0 0 3 3 3 5 5 3 2 3 3 2 2 5 0 3
3 5 0 3 3 5 3 0 2 5 8 8 5 0 5 3 2 5 3 6 5 2 0 8 6 5 6 0 8 5 2 0 2 5 2 3 6 8 3 5 0 3 0 6 3 6 3 0 0 2 3 3 2 6 3 5 6 6 3 3 6 2 6 6 5 0 3 5 6 0 3 2 3 3 6 6 0 6 3 8 6 0 6 5 6 2 6 2 8 6
3 8 0 8 3 6 2 0 5 0 2 3 3 0 2 3 3 2 3 8 6 3 2 0 2 3 2 5 0 3 0 2 5 0 6 2 3 0 0 0 5 3 2 8 6 5 2 5 8 6 2 0 0 6 8 3 2 5 5 5 5 2 8 6 5 0 6 3 3 0 3 5 5 6 2 2 3 3 2 2 0 2 3 0 5 6 5 2 0 3
3 5 6 6 0 6 2 0 2 0 6 5 3 2 6 3 0 2 2 6 5 5 5 0 6 6 8 2 3 0 2 2 2 2 2 6 8 5 0 2 2 3 3 6 3 6 6 3 5 2 5 2 0 3 3 5 6 8 2 3 2 5 5 3 5 0 0 5 3 5 0 6 2 3 3 3 2 6 3 3 0 2 2 0 5 3 8 8 8 6
3 0 2 2 5 5 2 2 3 0 6 6 0 5 3 3 5 5 6 6 6 0 6 5 5 2 5 2 2 5 0 6 0 0 5 3 3 0 6 0 6 5 5 3 6 0 5 2 3 5 0 6 3 5 6 0 3 2 5 6 5 8 0 5 3 3 5 0 6 0 5 8 6 0 3 0 8 0 0 5 3 3 3 0 0 3 6 2 6 5
3 5 3 3 5 2 2 0 0 2 0 5 2 6 2 2 6 0 6 5 0 3 5 6 2 8 3 0 5 5 2 0 6 5 6 2 2 3 0 3 6 0 2 0 3 3 6 0 3 8 6 5 6 3 6 5 2 6 3 2 3 5 5 2 0 0 2 2 3 3 2 6 6 6 5 5 6 3 6 0 6 2 3 2 5 5 5 0 6 6
3 2 2 2 5 6 5 5 6 6 3 5 0 2 6 2 2 6 0 2 0 3 0 0 5 5 6 0 2 0 5 3 0 5 0 2 5 6 8 2 2 5 6 5 0 2 6 6 6 0 3 2 5 5 5 5 0 5 3 5 5 3 6 0 0 6 3 2 2 3 6 2 8 2 0 0 8 3 2 0 3 6 5 6 2 6 0 5 3 5
3 0 5 5 0 2 3 5 0 8 5 3 3 6 6 0 2 0 0 0 6 0 6 0 3 6 6 3 3 3 5 2 2 0 6 3 0 5 0 3 3 5 0 2 8 5 6 6 0 0 6 2 0 2 5 3 8 6 0 5 6 2 0 3 0 0 2 5 3 5 0 5 3 5 2 0 3 3 6 2 6 0 5 5 5 3 3 8 0 3
3 0 3 2 6 3 3 3 5 8 5 3 5 8 0 8 5 3 2 0 0 6 5 0 5 0 8 5 3 3 3 0 6 5 0 5 6 0 3 2 5 3 2 5 3 3 3 0 3 2 5 8 6 3 6 0 0 0 2 3 6 0 8 2 5 6 6 5 2 6 5 3 0 3 0 0 3 8 2 0 5 0 5 5 2 2 5 3 3 3
3 6 3 3 3 0 2 6 6 0 6 0 0 8 6 6 0 5 5 0 6 8 5 8 6 0 5 5 3 6 2 0 0 6 5 0 0 0 6 6 5 5 3 3 3 6 6 3 3 2 2 5 2 2 5 3 5 0 5 0 5 3 5 5 0 5 0 5 2 0 3 5 3 5 6 2 2 3 3 0 5 3 5 3 2 0 3 2 2 2
3 0 6 6 2 2 6 2 3 6 0 3 0 2 0 2 5 2 3 3 0 6 0 6 2 5 2 6 2 5 8 3 8 5 5 2 0 6 0 0 6 3 5 2 6 3 2 2 8 0 5 8 0 6 0 5 8 6 6 3 2 3 3 6 3 6 2 0 2 3 0 0 2 0 3 3 5 2 3 5 6 6 0 0 5 5 2 5 2 5
3 5 2 8 3 5 6 6 3 0 0 6 3 0 3 0 2 2 3 0 0 8 3 0 5 2 6 2 3 2 3 6 6 3 5 5 6 0 6 5 3 5 6 3 3 2 5 2 3 0 2 5 2 3 0 2 6 5 0 3 3 0 3 0 6 0 5 5 8 0 5 5 2 6 2 2 5 3 2 5 5 5 3 2 3 0 0 5 3 0
3 0 3 8 3 5 5 6 2 5 3 0 3 6 6 3 8 6 6 8 3 2 6 6 5 5 6 2 0 3 5 0 3 2 5 6 3 5 0 6 8 0 0 2 3 8 5 2 3 3 0 0 6 8 2 2 6 3 2 2 6 3 3 5 6 2 6 2 6 0 6 6 5 2 5 6 5 8 5 3 2 5 6 5 0 0 0 8 6 5
3 6 6 5 5 0 5 3 2 0 3 3 5 5 6 3 3 8 5 6 5 3 6 2 0 0 6 5 6 0 3 5 6 5 3 5 2 6 0 0 5 6 5 8 2 6 5 0 6 2 5 5 8 6 0 3 6 5 6 3 3 6 0 3 3 6 6 2 6 3 0 2 6 2 5 3 5 0 2 6 5 3 2 3 5 5 3 2 5 2
3 3 8 3 3 2 3 6 3 8 6 0 6 3 0 3 6 6 2 6 2 3 6 5 6 6 3 2 6 5 3 5 0 2 6 0 3 0 8 2 0 2 3 8 6 2 3 2 3 6 5 5 5 6 0 3 3 6 2 0 6 0 6 0 3 8 3 3 3 3 3 6 2 6 5 3 0 6 8 3 6 5 3 6 5 2 6 2 3 3
3 0 6 3 0 3 2 5 3 6 5 6 3 6 6 6 2 0 0 6 5 2 3 6 8 6 3 3 3 2 2 3 8 6 6 3 0 3 3 6 8 0 3 0 0 0 0 3 3 2 2 0 2 3 6 6 0 0 5 2 6 5 3 0 3 2 0 8 3 3 0 2 0 3 6 5 0 2 5 6 3 6 3 5 2 0 0 3 3 6
3 8 6 8 5 6 0 2 0 8 2 0 6 6 6 5 2 0 3 3 6 6 6 3 0 5 2 3 5 3 5 5 6 5 6 3 0 6 0 5 3 2 0 6 0 5 2 3 3 5 2 2 2 5 3 5 8 3 2 0 6 6 0 5 3 0 3 6 2 0 5 2 2 2 3 3 5 5 3 3 5 2 6 3 8 6 3 0 5 5
3 0 6 5 6 6 6 0 6 5 8 3 6 3 3 5 3 5 3 6 6 0 8 3 3 5 6 5 5 6 8 5 6 3 6 2 6 3 3 6 3 5 0 0 3 3 6 3 0 2 6 0 2 5 5 0 3 3 0 2 0 5 8 6 5 6 6 5 2 3 3 6 0 3 3 2 3 2 3 0 8 6 0 6 6 0 0 3 6 0
3 2 2 0 3 3 0 3 0 0 5 5 0 0 5 5 2 6 0 3 0 3 6 2 5 0 2 6 3 6 6 2 3 5 5 6 0 0 2 3 2 3 0 6 0 6 3 5 6 6 2 8 6 2 0 0 6 6 0 0 2 3 6 0 2 0 5 3 3 3 5 5 5 5 5 5 2 6 5 0 0 6 8 3 5 3 5 2 2 3
3 2 2 3 5 5 0 0 6 3 5 0 0 6 2 5 3 2 3 5 5 3 5 5 0 5 0 2 2 6 2 3 6 5 2 2 5 3 6 2 2 3 5 6 2 0 2 2 6 2 8 3 0 5 0 0 6 0 3 8 0 6 6 6 5 0 2 0 3 5 6 5 5 3 3 3 3 2 0 3 2 0 0 2 2 6 6 0 0 6
3 2 6 8 5 2 5 2 0 0 2 0 8 2 0 0 2 6 3 5 2 2 3 6 5 6 2 0 8 6 2 3 0 5 0 3 0 3 6 0 6 0 2 5 6 3 0 3 6 6 2 3 5 2 5 3 3 5 3 2 6 0 3 2 2 5 6 8 6 3 2 8 2 3 3 6 3 0 3 3 5 0 0 0 0 6 0 2 6 6
3 3 6 5 0 3 5 0 3 5 5 0 2 0 2 6 0 5 0 3 0 6 0 2 3 6 3 5 5 2 2 3 3 6 3 2 2 2 8 2 0 6 5 5 0 5 0 0 5 2 6 2 5 3 6 3 5 5 5 5 6 6 2 2 0 3 2 5 0 2 6 5 6 5 3 3 2 5 5 0 0 2 8 8 5 0 2 6 6 5
3 0 6 5 0 0 5 2 0 3 3 2 5 6 5 5 5 0 6 5 2 5 5 3 2 2 2 2 2 5 3 8 5 3 0 3 6 0 3 5 2 2 6 2 5 2 3 0 0 6 6 3 5 5 0 5 3 6 5 3 5 0 8 8 3 5 0 0 5 3 2 0 8 5 5 5 6 0 0 0 6 0 5 0 2 6 3 6 0 2
3 2 2 6 6 6 0 3 3 0 6 2 0 5 3 6 5 6 2 2 6 3 3 3 2 6 5 2 3 5 6 0 3 3 2 3 2 8 6 5 2 5 0 3 6 6 5 5 2 0 3 3 6 2 5 2 5 6 3 2 3 2 0 6 0 8 2 3 0 3 0 0 0 3 2 2 2 5 2 0 3 5 0 5 3 0 6 2 6 2
3 0 8 2 2 2 5 6 3 3 3 5 3 0 3 3 3 6 5 5 2 2 8 2 5 5 6 8 5 6 2 5 2 3 5 6 2 5 2 2 6 0 2 5 0 5 8 3 3 3 0 6 0 3 3 2 8 2 0 6 5 5 5 8 5 3 6 6 6 6 2 6 3 5 3 0 6 5 0 8 0 3 3 0 5 6 5 3 0 5
3 6 2 2 0 6 5 0 8 0 8 5 3 5 5 0 0 2 2 0 5 3 3 5 5 8 6 5 5 0 2 3 3 3 2 3 2 0 6 6 8 6 0 3 0 5 0 3 0 3 5 0 0 3 6 0 6 6 0 5 5 5 6 3 3 3 2 6 0 2 2 6 3 2 5 6 6 3 3 2 6 2 5 3 3 5 6 6 0 2
3 0 3 6 6 2 3 8 3 2 3 6 2 6 3 2 0 5 0 6 0 6 5 6 6 6 2 6 2 5 2 3 3 3 2 2 3 5 3 5 6 2 5 6 5 2 3 6 6 2 5 5 0 3 6 2 0 5 5 3 0 6 2 2 0 8 5 2 6 0 3 0 3 6 3 2 2 6 2 6 6 3 0 8 5 3 6 0 8 6
3 2 6 3 5 2 6 0 0 5 3 3 2 6 6 8 6 3 2 2 3 2 6 5 5 5 5 5 2 8 0 2 2 2 3 6 5 3 2 0 0 0 5 2 3 0 5 6 2 0 5 2 6 0 2 5 6 6 2 8 6 2 2 3 5 3 5 0 2 0 0 0 3 6 5 0 3 6 3 5 3 2 3 8 3 8 0 0 0 5
3 0 0 3 0 0 5 5 0 6 2 5 3 6 6 5 5 5 2 6 8 2 8 6 2 6 6 2 3 6 6 2 3 0 5 2 3 0 5 6 3 5 5 0 3 2 3 3 2 0 2 2 3 3 0 3 3 8 2 0 2 2 3 3 6 2 5 8 6 0 2 0 3 3 5 0 2 0 0 5 0 0 6 2 3 2 0 6 3 3
3 0 2 3 0 5 0 2 5 5 0 6 3 6 2 6 2 0 3 2 0 6 0 0 0 6 3 2 2 6 6 6 3 2 3 5 2 2 6 2 5 0 3 5 6 3 3 3 5 8 3 3 0 0 0 0 2 0 0 0 2 2 3 0 0 6 2 0 3 2 3 5 3 5 3 0 0 2 6 3 2 5 3 6 2 5 3 6 2 8
3 3 5 0 2 6 3 6 6 0 5 5 6 2 6 3 0 5 2 0 2 3 2 2 2 5 0 6 3 5 3 2 0 3 5 2 3 6 2 3 6 2 2 5 0 8 5 6 2 0 2 3 3 5 2 3 0 6 6 2 6 2 0 5 0 5 2 6 6 3 2 0 2 2 0 2 2 8 6 8 6 2 2 6 5 2 6 3 8 6
3 6 2 2 0 0 0 6 5 2 2 6 5 6 2 2 0 2 6 6 5 2 5 6 5 5 2 5 2 0 2 2 6 2 6 3 3 3 0 0 5 6 6 5 0 2 3 2 3 0 6 0 6 6 5 5 3 0 5 2 8 5 2 0 2 2 0 6 8 3 0 6 5 6 0 2 3 6 2 6 2 3 6 2 5 5 0 0 2 6
3 5 3 6 0 5 5 0 2 5 2 0 6 5 2 5 0 0 2 2 6 2 8 3 2 2 3 0 0 6 3 2 2 3 5 6 5 3 0 0 2 0 5 2 0 3 5 2 6 6 6 2 0 0 5 6 6 5 0 6 8 6 6 5 6 6 2 6 6 6 2 5 5 0 6 2 6 6 5 3 3 2 2 3 0 2 3 5 2 6
3 5 5 2 6 2 6 3 0 8 5 0 6 2 3 5 0 6 0 2 6 6 5 3 0 3 3 2 5 5 2 5 0 3 0 6 0 0 5 6 5 2 5 0 5 5 2 2 6 0 3 3 6 8 3 3 6 2 3 0 3 0 5 2 5 6 0 0 6 6 2 6 0 6 6 6 8 6 2 6 0 0 3 3 6 2 0 0 0 0
3 0 5 2 2 5 0 3 3 3 0 6 3 0 0 2 5 5 0 2 2 6 5 5 5 6 6 3 3 5 6 3 0 0 2 6 0 0 5 2 0 3 3 5 5 3 0 3 8 3 3 6 0 0 3 5 3 2 2 3 0 3 3 5 2 6 5 6 0 3 0 3 5 0 0 3 6 6 5 3 2 2 6 5 2 2 6 6 2 3
3 0 5 2 0 2 6 3 3 5 3 2 6 8 2 5 0 2 3 0 8 5 6 5 5 6 0 6 3 8 0 0 5 6 8 0 5 3 3 3 0 5 0 2 6 0 5 6 2 3 3 0 3 6 5 0 5 6 5 2 6 0 0 2 8 0 0 8 6 2 6 2 5 5 0 6 0 5 6 6 3 3 5 5 2 2 0 6 3 0
3 6 0 2 0 0 0 6 0 2 6 2 6 6 2 2 8 5 3 0 6 0 0 3 6 5 6 3 2 5 0 0 0 0 3 6 3 2 0 3 8 6 5 3 3 0 0 5 8 5 2 3 0 2 3 2 5 2 6 6 2 2 0 0 2 2 3 2 0 2 5 2 6 3 0 3 6 3 3 5 5 0 8 3 3 5 3 0 6 6
3 2 8 6 5 5 5 5 3 0 5 3 3 3 0 6 5 2 5 2 6 0 3 3 0 5 6 3 5 5 8 6 3 6 8 3 6 5 3 6 2 2 5 5 5 3 5 2 6 2 8 3 0 8 0 6 3 0 3 8 3 0 3 0 5 6 0 0 2 0 5 2 0 6 6 6 0 0 2 3 5 2 5 5 0 2 6 5 5 8
3 3 5 2 6 0 5 5 3 2 2 5 5 8 6 0 3 2 3 2 0 3 0 3 2 5 5 0 3 3 0 2 5 0 5 3 2 3 5 6 0 6 2 0 2 5 0 3 0 5 3 6 5 3 0 2 6 2 2 5 6 6 0 6 0 0 5 2 6 2 0 6 0 0 0 3 5 5 2 0 5 0 0 3 3 5 3 5 2 2
3 2 6 6 2 5 2 5 6 3 5 6 6 6 3 2 6 2 6 5 0 3 5 3 5 6 0 6 2 0 0 5 2 2 6 2 0 6 8 0 0 2 2 2 0 6 6 2 2 6 0 0 3 2 3 0 2 5 8 3 0 2 2 0 3 0 5 3 3 6 8 5 5 5 5 5 2 6 0 5 0 0 6 6 5 6 3 5 0 3
3 6 2 5 3 2 5 5 5 3 3 3 0 5 3 2 3 5 0 6 0 3 2 2 2 3 5 5 0 2 0 6 2 5 3 0 3 3 0 0 2 3 5 3 3 2 8 2 6 2 0 0 0 2 6 2 5 5 0 5 6 3 6 0 2 0 0 3 5 2 3 6 6 3 0 8 0 0 3 5 2 6 6 2 0 3 5 6 0 2
3 6 3 6 8 6 0 0 8 0 2 6 0 2 5 2 6 3 2 3 5 0 3 3 2 0 0 3 0 2 2 0 6 3 6 2 5 6 6 6 2 5 0 3 3 2 0 5 8 3 0 2 2 0 2 3 6 5 2 0 0 0 2 8 2 5 5 0 6 6 0 6 5 2 3 6 0 6 5 0 6 2 6 5 0 2 6 0 0 6
3 0 3 0 0 6 2 2 6 6 0 6 6 6 3 6 0 0 5 3 5 8 3 0 5 6 0 6 5 2 0 0 2 6 5 8 5 5 5 3 2 5 5 5 5 2 6 3 5 3 6 2 5 2 5 6 6 3 2 2 2 3 8 3 0 2 6 0 0 0 0 6 0 5 5 6 5 0 3 6 5 2 8 2 6 6 6 3 5 2
3 3 8 2 5 0 2 0 5 6 5 8 0 6 2 0 5 0 2 3 2 8 2 0 8 0 6 3 3 6 8 2 3 8 5 0 6 2 0 2 8 5 6 8 3 6 3 2 2 2 3 0 8 5 3 8 6 6 2 0 5 5 2 0 3 2 5 3 0 0 3 3 6 3 2 5 5 3 5 5 5 6 6 6 5 5 8 3 2 3
3 5 2 0 2 6 5 5 5 6 2 2 6 2 3 2 2 0 2 0 0 5 2 3 6 3 2 3 6 5 5 5 5 2 3 2 2 6 2 2 6 6 6 0 3 0 2 0 5 6 0 6 6 3 2 3 3 8 5 2 3 3 2 5 0 0 2 2 2 6 0 5 6 6 2 6 3 8 0 5 3 6 6 8 2 8 2 0 3 6
3 6 3 3 5 3 5 8 2 2 2 3 3 2 0 6 3 0 3 5 6 8 3 2 5 6 8 2 5 2 3 8 3 6 6 6 3 3 2 5 0 6 5 0 2 6 6 3 2 6 3 3 2 8 3 2 3 2 3 0 6 0 0 2 2 0 0 2 0 0 6 0 5 5 3 0 5 5 2 2 0 5 3 0 0 2 2 0 0 2
3 0 6 2 5 0 2 6 5 5 2 0 6 8 3 5 2 2 2 5 2 0 2 8 5 3 6 6 8 8 0 0 0 5 3 0 8 0 5 5 0 0 6 0 0 6 3 2 0 6 0 5 2 2 5 2 5 3 0 5 2 3 3 0 5 5 0 2 5 6 3 2 0 3 3 6 2 5 0 3 3 3 0 2 2 0 0 0 6 0
3 2 6 6 3 6 0 0 3 3 8 2 2 6 5 5 0 5 5 3 8 0 0 6 2 5 3 2 5 3 3 0 2 2 8 5 3 3 3 6 5 6 3 2 0 0 0 0 0 2 6 0 5 5 0 0 0 5 8 2 5 2 0 3 0 6 0 0 2 5 3 0 3 0 0 3 3 5 3 0 0 5 5 5 6 0 3 0 6 0
3 2 0 0 6 6 3 3 0 0 5 3 5 2 0 3 5 0 5 2 0 0 6 2 3 6 5 8 2 6 6 6 5 3 3 0 2 0 6 5 2 0 3 5 3 8 5 0 6 0 3 2 6 3 3 2 3 5 3 3 2 6 5 3 2 3 3 6 0 2 5 2 5 3 0 2 2 6 0 5 5 6 6 0 3 5 5 3 2 5
3 3 6 2 0 8 5 3 6 2 6 2 0 2 2 3 0 2 6 3 3 6 3 6 2 0 0 5 6 3 3 0 3 5 6 2 5 3 0 5 6 5 3 8 0 5 5 5 0 2 5 5 6 6 6 2 5 2 0 3 3 3 2 6 0 6 3 5 6 0 5 3 0 6 6 0 3 5 6 0 2 2 3 3 2 6 3 3 3 6
3 0 5 6 3 5 8 0 5 2 6 3 0 5 5 6 3 5 5 3 0 3 3 3 6 6 0 5 3 0 3 0 5 6 2 5 6 3 8 2 3 0 3 6 0 2 6 6 3 6 2 2 0 6 0 2 5 2 0 6 6 5 3 8 6 6 3 0 2 0 3 6 2 0 8 2 0 2 2 3 0 3 6 0 5 6 3 5 5 3
3 0 5 6 6 2 0 3 6 6 6 5 6 0 0 3 6 0 6 2 5 6 2 5 6 8 2 0 2 2 0 6 2 0 2 2 8 5 3 3 2 5 6 8 5 6 5 3 2 0 6 5 6 6 0 3 6 6 5 0 0 0 2 6 2 6 3 5 6 3 0 6 2 6 2 8 3 0 5 5 2 2 5 3 0 2 2 6 5 3
3 5 6 0 6 2 0 0 3 6 0 0 8 5 0 2 6 0 6 3 3 6 2 0 6 2 3 0 6 5 5 8 5 6 5 5 6 5 3 5 5 5 3 8 0 5 3 6 5 3 2 5 5 6 0 5 0 2 8 3 6 6 0 0 3 3 8 5 0 8 2 5 3 6 5 0 6 5 0 2 5 5 3 6 3 3 2 2 6 0
3 3 3 2 3 2 6 0 6 5 0 6 6 5 0 5 6 5 3 2 5 0 0 0 3 0 5 0 5 5 0 5 0 6 2 5 3 2 3 8 3 5 0 0 3 0 6 2 2 0 2 3 2 0 2 3 3 0 3 6 3 0 6 0 5 5 3 5 3 6 0 3 6 2 2 0 6 0 2 0 8 5 0 3 5 2 5 0 3 6
3 2 5 3 2 2 6 3 2 5 3 5 0 3 3 0 6 2 6 3 6 0 3 0 6 5 3 0 2 6 5 2 0 3 5 6 3 5 2 2 0 0 5 0 0 6 3 0 2 0 3 5 5 5 5 3 2 6 3 6 3 2 5 2 6 2 2 6 5 5 2 5 6 0 6 5 0 5 0 3 0 3 6 3 0 5 3 5 6 3
3 0 5 6 0 3 5 6 2 5 0 3 5 6 5 0 5 3 3 0 5 5 2 2 5 5 5 0 0 0 6 3 5 6 3 6 5 0 3 0 0 6 8 2 0 0 5 5 2 2 8 6 2 8 5 5 8 0 5 3 5 5 5 5 6 0 3 3 5 5 5 6 3 5 3 8 6 3 6 2 5 0 6 5 5 2 8 0 0 6
3 3 2 5 2 5 6 3 6 0 2 0 0 0 0 2 5 3 5 6 2 2 5 5 2 2 5 3 3 6 3 0 6 0 5 6 5 5 0 6 5 5 2 6 2 2 6 2 3 2 3 0 2 2 6 3 0 6 0 3 6 0 2 2 6 3 6 2 3 5 0 2 5 3 8 6 3 2 0 8 3 0 0 3 0 6 5 5 5 3
3 0 6 0 5 0 6 0 3 6 3 5 3 5 0 5 3 6 8 0 0 3 3 2 2 0 2 5 2 5 6 0 2 0 6 3 5 3 2 5 6 0 2 0 3 5 6 5 5 0 2 0 5 5 2 5 6 5 3 0 2 5 0 0 3 6 2 6 5 5 0 2 6 8 3 0 3 3 2 2 0 3 3 0 0 6 6 6 0 6
3 2 3 3 6 6 2 2 0 5 6 6 0 0 0 8 0 6 3 5 5 0 5 0 6 5 5 2 2 2 0 5 5 5 2 5 5 5 6 2 3 6 0 5 8 3 2 5 3 3 2 0 6 3 2 0 5 5 6 5 8 2 0 3 2 3 2 0 2 2 0 5 5 0 0 3 2 6 2 6 3 2 6 8 0 3 3 5 3 6
3 0 2 8 3 5 2 6 0 6 2 3 0 5 6 0 2 5 2 2 0 5 0 0 5 0 2 6 2 3 6 3 0 3 0 6 6 5 6 2 0 6 2 5 2 0 3 0 2 5 0 3 3 0 8 0 3 5 3 0 5 5 5 3 2 0 6 6 2 5 2 6 5 5 3 0 0 2 6 0 5 5 2 0 0 0 6 6 2 0
3 6 6 6 3 2 3 6 6 0 5 8 3 6 2 5 5 6 8 6 8 5 2 6 5 0 5 2 2 2 6 8 0 0 2 0 0 0 6 6 0 5 0 3 2 0 0 0 2 5 3 0 5 2 3 0 6 2 3 5 2 3 0 5 5 0 8 8 5 3 2 3 0 3 2 3 0 0 0 5 0 0 5 6 5 3 0 6 6 2
3 5 3 5 2 5 6 6 0 8 3 3 0 0 3 3 2 6 0 0 0 8 6 0 6 5 2 6 3 5 5 5 6 2 3 6 0 5 2 3 3 3 3 2 2 6 2 5 0 3 3 6 2 2 5 2 3 0 0 6 5 5 5 6 5 5 0 3 5 2 5 5 0 5 2 5 5 3 2 3 3 5 0 3 3 0 3 0 3 8
3 2 2 5 6 8 2 2 5 3 3 5 5 2 2 0 3 5 0 3 6 5 5 5 2 2 6 0 0 6 6 6 5 5 3 6 8 6 2 2 5 3 3 5 2 8 2 5 5 3 2 2 2 6 0 3 6 5 3 6 6 0 0 0 0 3 2 2 5 2 5 5 0 2 0 0 2 0 5 2 3 0 5 6 2 6 3 0 0 2
3 3 5 0 3 5 0 5 5 5 0 0 5 2 5 6 2 0 0 3 8 6 0 8 6 8 5 3 5 5 2 5 2 6 2 3 2 5 6 5 5 0 0 6 3 5 5 5 5 6 3 2 6 3 0 2 2 2 5 0 3 0 0 5 0 0 0 2 5 5 6 3 6 3 5 6 8 3 3 5 6 2 6 0 3 0 0 5 0 0
4 0 3 6 3 7 9 7 0 3 7 6 4 4 3 9 3 9 0 1 1 3 3 3 9 9 0 9 4 0 6 0 3 0 1 7 9 4 0 7 0 7 9 1 1 6 4 3 0 0 4 9 6 7 4 4 4 6 4 1 7 9 3 7 7 0 0 3 7 1 6 3 9 1 6 7 0 4 4 4 9 7 0 4 6 4 0 3 6 9
4 4 0 4 4 3 4 6 7 3 7 7 3 4 3 3 3 1 7 3 4 7 0 4 6 7 1 0 1 1 1 9 7 0 4 6 1 1 1 6 1 3 3 0 0 4 0 6 4 0 4 4 0 0 4 7 4 4 4 1 3 7 1 9 1 7 4 1 1 6 0 4 1 6 6 4 1 7 4 4 1 7 6 3 4 0 7 3 6 0
4 0 4 0 1 0 1 7 9 0 4 0 3 3 3 6 7 1 1 6 1 1 0 0 3 0 6 0 4 4 1 0 4 4 1 9 1 7 1 9 7 4 3 1 0 9 4 0 4 0 0 1 6 9 6 4 7 4 3 3 6 7 6 6 9 4 0 4 6 1 0 4 3 1 4 0 3 4 9 7 0 4 1 4 6 0 3 7 6 7
4 4 7 1 0 0 3 3 1 9 6 4 7 4 6 7 0 3 0 4 6 7 7 1 7 4 7 3 3 6 1 6 4 6 3 6 7 7 3 3 3 6 3 1 6 6 4 1 4 3 0 4 6 1 6 9 9 7 3 6 4 4 6 7 1 1 1 9 0 0 4 1 0 1 4 1 0 0 0 9 6 6 3 1 1 3 7 3 7 1
4 1 4 6 7 0 4 4 4 4 4 9 7 4 9 7 3 6 7 0 0 4 7 0 6 4 7 7 7 0 6 3 4 9 7 7 3 3 7 7 3 4 3 0 4 0 4 0 1 0 6 4 7 1 9 1 4 0 7 4 1 7 0 0 6 4 3 4 4 3 3 3 9 7 3 9 6 6 1 7 1 7 9 6 7 3 4 7 4 4
4 0 0 3 9 1 0 6 6 9 1 4 9 6 0 3 0 7 9 0 9 1 7 4 0 4 6 4 1 7 3 6 7 9 4 0 3 0 0 1 4 1 0 3 9 7 9 4 9 1 1 7 7 1 1 4 4 0 6 0 7 7 4 4 6 3 6 9 6 1 6 4 7 0 6 6 1 1 1 6 9 3 1 6 6 9 0 4 0 7
4 4 6 9 3 3 0 0 1 3 4 9 3 0 4 4 7 0 9 3 3 4 7 0 6 1 0 1 7 9 6 4 4 0 7 6 4 4 4 0 1 4 7 1 0 6 1 4 9 6 9 6 1 4 4 0 9 7 7 4 6 7 3 0 1 4 7 1 7 3 1 9 4 7 0 1 6 7 3 1 9 7 1 7 7 6 6 9 4 1
4 4 7 3 3 1 1 1 0 7 1 7 9 4 7 3 6 1 6 7 4 7 7 0 7 1 6 3 0 9 4 6 3 6 6 6 3 9 3 9 7 0 3 4 6 9 7 4 0 6 3 0 1 6 6 1 4 7 1 1 3 7 1 7 9 3 1 3 9 9 1 1 4 1 6 0 7 3 0 1 3 3 1 3 6 1 9 1 6 6
4 7 3 9 6 6 9 7 0 0 1 7 6 0 6 7 6 9 6 0 6 9 0 3 6 1 3 0 7 6 3 7 9 7 6 6 6 1 0 4 7 9 4 3 9 6 7 7 6 4 1 0 6 4 0 7 3 3 0 7 0 6 6 1 3 0 4 3 6 6 6 3 0 9 7 4 3 6 3 6 7 1 1 1 7 6 6 1 9 1
4 1 0 7 0 3 0 7 7 3 0 4 4 7 9 9 7 3 0 1 3 1 4 1 6 1 6 3 3 7 7 7 3 9 4 3 1 6 9 4 0 4 6 0 4 6 0 7 1 3 7 0 6 0 9 3 0 1 6 0 1 3 6 0 1 7 6 3 4 3 6 9 0 4 7 3 0 9 3 7 4 9 1 7 3 7 4 4 6 9
4 7 1 6 1 7 6 1 1 1 0 0 1 4 9 7 4 6 7 3 4 4 0 4 1 0 3 9 4 4 6 6 7 7 0 3 3 1 4 3 7 1 7 9 1 7 3 0 1 4 6 7 1 0 3 4 1 7 4 4 0 9 1 0 6 7 4 1 3 1 0 6 0 1 3 0 9 3 4 0 0 1 6 3 0 6 0 4 6 0
4 0 3 4 0 3 7 1 0 4 4 9 0 7 0 1 6 6 1 0 0 4 1 7 3 3 6 9 6 9 7 4 7 6 9 7 9 6 3 0 1 4 4 3 7 4 6 3 0 3 4 0 4 6 0 4 6 7 6 1 7 1 3 1 4 6 3 3 3 6 3 0 3 7 6 1 3 6 3 7 6 0 0 1 7 7 1 3 4 0
4 3 0 0 4 4 3 1 1 3 7 3 9 0 1 4 1 9 0 4 1 4 4 4 3 0 7 0 1 0 4 7 0 1 3 0 4 7 4 0 3 0 7 3 6 4 7 3 3 9 6 3 1 6 6 9 4 6 1 6 3 0 3 6 3 7 3 7 4 9 0 1 0 7 3 3 6 1 1 4 3 7 3 1 1 7 4 4 1 9
4 3 3 6 3 1 6 4 6 6 7 0 7 3 0 6 3 3 6 9 3 0 0 1 1 1 7 3 3 3 1 3 1 3 6 3 7 6 1 9 0 9 3 4 3 6 4 1 1 6 7 1 6 9 3 0 1 3 0 0 3 4 7 6 7 4 6 1 4 4 4 7 6 0 9 3 1 7 3 3 0 4 7 0 4 4 0 6 0 1
4 9 0 9 9 3 9 7 9 1 3 4 4 3 9 0 3 1 1 6 9 1 7 9 0 7 3 4 9 0 7 9 9 4 4 7 6 0 1 0 7 6 6 7 1 0 3 4 4 1 4 0 0 0 3 6 9 1 7 0 7 4 1 4 9 6 1 0 1 4 9 4 4 0 7 3 9 6 4 0 6 6 1 0 0 3 7 9 0 4
4 0 1 4 6 7 1 9 7 1 3 0 6 3 6 7 0 6 3 3 0 6 3 3 3 1 3 4 3 3 6 3 7 7 0 0 7 3 0 4 4 1 3 0 0 4 9 0 3 3 1 6 7 4 6 3 6 9 0 9 9 1 3 4 9 7 6 0 3 4 0 9 0 3 3 6 4 9 7 0 3 3 9 0 4 9 1 4 7 3
4 7 1 1 7 4 9 4 7 4 3 9 0 0 3 3 3 0 4 3 9 0 3 4 1 4 1 9 7 3 9 7 3 3 4 9 0 1 1 7 1 6 4 0 1 0 0 6 1 1 0 3 3 4 6 3 9 6 9 3 9 3 0 7 0 3 3 1 1 9 6 9 3 3 7 7 7 1 4 0 3 1 3 7 0 3 6 9 7 3
4 3 6 9 3 6 7 7 3 0 3 4 9 4 3 7 7 6 0 1 6 0 7 6 7 7 4 6 9 6 6 3 6 0 0 1 9 3 1 7 0 6 1 4 6 0 4 0 6 6 0 7 6 0 4 4 7 6 0 6 7 1 0 9 4 0 0 7 3 4 7 0 1 1 0 1 1 3 6 6 9 1 9 7 6 1 7 1 9 3
4 4 3 7 7 9 4 9 4 7 6 7 1 7 6 7 9 7 3 0 3 7 7 3 3 6 9 7 3 7 6 6 7 9 7 6 1 3 6 1 4 0 9 1 4 1 1 1 4 0 3 1 0 6 4 7 4 1 3 6 0 6 0 3 0 3 6 4 6 9 4 0 0 4 3 4 0 3 4 4 6 1 6 6 1 6 1 0 6 1
4 0 3 0 3 7 1 1 1 3 7 7 0 4 7 7 6 1 7 4 0 6 0 3 4 1 6 6 1 3 9 4 7 0 4 1 3 4 7 3 3 7 9 4 0 4 9 4 6 4 9 4 1 3 4 0 1 4 4 9 7 9 4 0 7 0 4 3 0 7 1 1 0 7 0 4 7 3 1 1 4 0 0 0 7 4 4 0 6 6
4 7 6 7 3 1 0 4 4 1 7 0 6 1 0 1 1 4 7 1 7 0 1 1 3 1 9 7 4 7 1 6 7 0 0 1 6 0 3 0 1 4 4 0 0 0 1 7 6 6 6 7 1 6 7 1 3 7 1 6 7 6 4 7 4 3 6 0 1 1 7 7 7 4 6 7 9 1 9 7 3 9 3 7 9 0 4 4 7 7
4 6 7 3 6 3 1 0 6 6 1 0 6 7 6 6 4 0 9 7 3 4 0 3 6 3 6 7 7 9 7 9 1 7 0 4 9 7 3 7 3 1 1 6 0 4 6 4 0 9 6 4 7 3 0 1 4 0 7 1 4 0 6 7 1 1 9 4 0 1 7 4 7 3 0 6 9 0 4 0 0 9 4 0 3 6 0 0 4 9
4 1 4 1 7 9 0 4 6 3 7 3 9 0 6 6 4 1 0 0 6 7 6 0 3 9 3 4 1 4 9 0 6 4 6 4 4 9 3 0 3 3 1 7 3 0 3 7 6 1 3 0 9 4 9 0 6 7 6 0 9 9 3 7 4 6 7 9 4 9 0 1 4 7 9 9 0 6 3 3 1 9 9 0 7 6 6 3 1 6
4 9 4 4 1 7 7 7 6 3 4 3 1 3 4 4 9 6 0 6 6 4 7 9 0 7 4 3 6 1 0 6 4 6 4 6 6 6 3 1 6 0 0 3 3 0 9 4 1 9 4 7 9 4 1 1 7 3 4 1 0 0 4 3 3 7 1 7 6 9 6 1 0 0 3 1 0 6 3 3 3 1 3 6 3 1 1 3 0 3
4 0 7 0 0 7 0 3 1 7 6 0 3 9 0 1 1 3 3 6 1 7 1 0 9 0 1 0 4 3 9 4 3 9 3 9 1 4 6 1 3 6 7 9 1 1 9 4 4 0 4 4 4 1 6 3 6 1 4 0 4 9 4 0 0 9 7 6 3 4 3 6 6 0 3 6 6 6 7 3 6 3 6 3 9 3 3 3 9 6
4 6 1 7 3 1 0 7 3 4 7 0 1 0 1 7 3 1 4 0 7 7 9 9 3 6 0 4 4 4 4 7 0 7 4 7 7 7 6 4 9 7 9 3 4 6 7 0 1 1 9 0 0 1 7 9 9 9 3 0 7 1 0 0 7 0 7 0 7 7 4 4 7 6 3 3 1 6 9 4 3 1 6 4 1 1 0 0 3 9
4 6 0 1 1 9 3 1 0 1 3 9 7 4 3 0 9 7 1 4 1 3 3 1 6 0 0 0 1 6 1 4 7 6 1 6 4 1 4 6 0 7 0 1 9 0 6 7 4 0 0 0 4 4 4 4 9 4 6 9 1 4 3 4 9 7 4 7 7 6 3 9 3 0 3 4 4 4 1 1 0 3 6 6 0 1 1 1 9 6
4 9 1 1 3 6 7 7 4 3 3 7 4 6 4 9 0 4 4 7 4 7 3 3 1 6 4 3 0 4 3 9 1 7 3 6 4 3 1 3 3 3 6 0 0 6 7 1 6 3 1 7 4 7 3 1 6 9 3 7 0 1 1 7 7 0 0 7 1 0 0 6 1 6 0 3 3 9 6 4 4 7 9 3 3 0 7 1 7 4
4 4 1 4 9 6 3 6 1 3 0 6 6 4 0 4 3 6 3 3 0 3 4 0 1 7 6 7 6 0 3 4 4 4 0 4 7 1 6 0 0 3 1 1 7 3 1 4 4 1 4 3 0 9 1 4 7 1 0 0 4 4 6 0 0 1 0 9 6 6 6 4 3 1 4 3 9 1 1 0 4 6 9 7 6 7 7 4 4 3
4 9 7 7 0 0 7 9 0 6 7 4 1 3 7 7 0 4 7 0 6 0 3 0 4 3 0 6 9 3 0 3 1 9 7 7 1 6 4 1 3 1 4 6 6 4 1 1 0 4 4 6 3 4 6 4 0 7 6 0 7 1 4 0 6 3 7 4 4 7 1 4 3 4 4 4 4 7 1 1 0 6 1 7 4 0 6 3 7 7
4 3 3 3 6 0 0 9 3 6 0 7 1 1 9 3 1 4 3 6 4 6 4 4 0 6 9 3 6 3 9 0 6 7 7 3 0 0 6 1 3 7 4 6 0 6 3 3 7 4 7 0 4 9 4 9 9 3 1 6 6 6 6 1 9 3 0 7 6 6 3 6 1 7 3 0 7 9 1 7 0 4 6 1 4 0 3 3 7 4
4 1 7 3 1 9 6 1 6 6 4 4 3 3 4 1 4 9 9 6 7 3 0 7 6 3 6 7 0 0 6 9 0 9 0 4 7 1 3 0 9 6 1 6 6 4 9 6 0 9 1 6 9 3 1 6 1 4 6 4 1 9 9 6 9 3 4 0 3 0 7 9 6 6 7 9 6 6 9 1 7 9 3 6 6 7 7 0 9 9
4 7 3 1 0 9 9 3 7 3 7 1 3 0 3 0 3 6 1 7 3 6 9 6 4 6 1 1 4 0 4 1 0 0 7 0 3 6 1 7 0 3 4 1 9 1 4 6 1 6 3 4 3 4 3 1 3 3 3 9 6 7 3 9 1 7 1 6 4 9 9 6 1 1 4 7 9 4 6 1 7 4 7 3 3 1 0 0 4 6
4 3 9 3 7 1 7 4 9 6 6 9 7 4 6 6 3 7 7 7 0 6 0 6 4 1 7 9 3 0 7 7 4 4 0 1 1 9 7 1 3 9 7 9 0 1 4 0 7 9 7 7 1 7 3 3 0 3 0 9 0 3 0 9 4 0 0 0 0 4 0 6 6 9 9 6 9 9 7 3 0 4 3 3 4 4 0 3 6 7
4 9 7 7 7 0 0 3 3 6 3 3 1 0 7 1 7 6 6 4 3 4 7 3 1 7 4 3 4 3 3 7 4 0 4 0 0 1 0 0 0 6 1 0 7 1 7 0 9 6 7 4 9 6 0 9 4 9 6 1 4 7 7 7 3 0 1 0 0 1 0 3 1 7 0 7 3 6 0 7 0 3 1 6 7 4 3 7 6 7
4 6 7 4 4 0 7 6 1 7 1 0 7 3 9 7 6 4 7 4 7 0 9 7 1 3 6 4 0 6 0 3 9 7 9 3 0 7 7 7 4 0 0 9 3 7 7 4 4 3 1 4 4 0 4 4 4 4 6 0 3 7 4 3 7 9 4 9 1 6 4 6 9 1 4 0 3 7 9 7 1 7 4 4 7 9 3 4 0 4
4 1 7 0 3 7 7 3 4 3 0 6 6 9 9 6 0 4 3 9 4 1 0 7 7 1 3 4 7 7 0 7 7 1 7 1 3 0 4 9 1 9 7 3 0 4 1 4 3 0 4 7 7 9 4 6 3 7 7 4 4 3 1 1 4 0 7 6 3 9 1 6 6 7 1 9 1 7 6 4 3 0 1 3 7 4 1 1 0 0
4 1 9 0 7 4 6 4 1 6 6 1 3 4 3 1 4 3 7 4 7 9 4 6 7 9 0 6 4 4 6 4 7 9 4 1 6 1 0 3 9 1 7 4 1 9 4 7 4 3 0 7 3 4 3 3 1 1 3 0 4 4 9 3 1 9 4 0 1 7 3 9 3 7 9 9 0 0 0 3 4 0 3 7 6 6 6 7 6 3
4 3 7 0 0 6 3 4 6 4 6 4 4 1 3 1 4 0 6 1 3 4 0 3 0 9 6 3 1 3 6 0 7 0 1 1 9 0 7 0 6 3 4 3 7 3 7 6 1 7 7 9 6 9 9 6 3 6 1 0 7 9 1 7 1 4 6 1 6 0 4 0 1 0 7 7 1 4 3 3 6 3 1 3 0 7 9 9 0 0
4 4 1 4 0 3 1 0 0 9 9 3 1 1 3 7 0 7 0 0 7 7 9 9 0 0 6 6 9 1 9 0 7 1 3 0 4 0 1 3 0 4 6 3 4 3 4 1 6 4 1 4 3 7 3 3 7 0 1 1 3 1 6 7 0 3 3 3 4 1 0 7 6 7 0 9 6 0 9 9 3 4 4 0 1 0 7 9 6 7
4 0 9 3 7 7 3 3 4 3 0 3 4 4 0 6 0 9 7 0 7 4 7 7 3 0 4 3 6 3 6 6 6 6 3 4 0 4 0 9 7 0 0 0 7 4 1 4 4 0 0 6 0 9 9 1 9 9 3 3 4 0 4 4 6 1 6 0 4 9 0 7 1 9 1 4 4 4 4 4 6 4 6 3 3 6 9 6 0 3
4 1 0 3 1 1 3 1 3 0 6 0 6 0 3 1 6 1 7 1 1 6 7 4 4 0 3 6 9 6 6 7 9 7 7 0 9 1 6 7 3 6 0 1 3 4 6 7 6 9 6 7 7 7 7 6 7 1 7 7 1 6 0 3 4 0 3 6 3 7 1 6 4 9 4 4 1 9 7 0 6 4 0 6 6 7 3 0 7 7
4 1 6 9 3 9 0 6 3 3 4 6 6 7 4 4 0 0 4 7 1 4 0 9 4 0 1 7 1 6 3 9 6 1 4 7 4 0 7 7 7 7 7 0 7 1 1 7 9 6 0 3 7 0 1 7 4 0 4 1 7 9 3 4 7 4 4 6 4 7 0 4 7 6 4 6 4 7 9 7 9 7 0 1 3 4 0 7 1 4
4 7 7 7 1 6 3 4 9 0 3 1 9 6 6 7 9 9 9 6 0 6 1 0 9 7 1 4 0 4 1 6 9 1 9 0 7 1 0 3 4 6 6 1 0 6 0 1 3 3 1 7 7 7 4 1 7 6 3 4 3 0 4 4 1 1 4 7 1 1 0 0 7 4 4 1 7 1 1 1 3 3 3 9 1 6 0 0 6 6
4 1 4 4 7 3 9 1 4 7 9 1 1 0 6 4 6 6 4 4 4 6 9 4 7 4 7 4 7 1 9 9 0 4 7 1 1 9 7 3 9 9 1 9 1 0 1 7 1 4 6 4 1 7 0 4 0 4 1 3 1 0 1 1 9 9 6 4 3 4 7 7 3 3 3 7 0 6 3 7 1 7 7 3 0 1 4 1 6 3
4 1 7 7 4 3 3 7 9 4 9 4 9 0 1 7 9 3 3 6 7 0 3 9 6 3 4 4 6 4 6 4 9 3 1 4 4 0 6 0 9 0 6 4 1 0 0 3 4 9 9 4 7 7 0 1 4 1 6 1 9 4 7 7 3 1 6 6 1 9 6 4 1 4 7 0 9 1 4 7 7 1 4 0 1 1 0 1 4 4
4 3 0 3 3 4 1 7 4 3 6 1 9 0 1 7 7 1 3 9 3 6 3 6 6 0 3 4 1 0 6 6 9 1 4 7 9 7 3 3 9 0 0 9 3 0 0 0 4 3 0 4 0 0 7 9 1 0 7 7 0 4 1 0 7 4 1 7 1 3 7 1 6 4 4 3 4 6 3 6 1 7 7 1 7 1 1 4 7 6
4 7 3 1 4 4 1 1 9 4 4 3 1 9 6 1 7 0 1 4 9 3 6 3 7 7 6 7 4 1 6 3 6 1 3 1 3 4 6 4 1 1 3 0 4 4 3 4 0 4 4 6 7 6 4 1 1 4 7 7 1 3 0 6 1 1 0 4 1 3 4 6 3 7 6 1 7 6 3 4 0 0 1 6 9 7 4 9 9 0
4 9 3 1 9 0 4 9 0 0 0 6 0 1 3 1 0 6 1 9 0 1 9 4 0 6 6 3 4 6 7 3 6 9 1 0 9 0 6 6 4 1 4 0 4 6 9 7 4 0 6 6 0 7 3 0 1 3 7 4 0 6 0 9 7 7 0 9 6 7 3 9 6 3 6 6 4 4 6 9 9 4 1 6 4 9 4 4 9 6
4 0 7 4 7 0 6 6 7 7 6 4 6 3 6 9 6 4 0 6 9 4 6 6 0 0 4 4 3 9 4 0 4 4 9 0 6 6 4 7 9 6 7 4 7 9 6 1 3 1 0 3 7 9 7 6 6 7 9 7 4 4 0 6 1 3 9 0 4 4 1 0 4 6 4 0 1 1 1 9 4 6 4 3 0 4 1 0 7 3
4 3 6 4 4 6 6 7 7 7 3 1 1 7 4 3 7 7 0 1 0 4 1 1 1 4 3 1 3 6 6 9 6 1 1 0 1 7 1 4 6 3 4 7 6 1 9 6 0 7 0 0 1 6 1 9 9 7 4 6 3 7 1 0 0 6 3 4 6 6 3 3 7 3 6 6 0 7 1 3 0 0 4 6 1 0 1 4 1 4
4 3 1 0 1 1 1 1 7 4 1 7 4 0 0 6 1 6 9 0 9 7 7 7 6 3 0 0 3 6 4 1 3 3 1 9 7 3 3 1 9 6 4 7 4 4 3 4 0 7 7 7 0 3 0 3 3 4 6 3 3 6 0 9 3 4 4 6 7 4 7 3 3 1 0 4 7 1 7 7 3 6 7 6 3 9 0 7 6 7
4 4 3 3 4 6 0 1 6 3 7 6 1 1 7 4 1 7 1 1 6 7 7 4 3 4 3 7 6 6 1 6 4 4 9 7 6 1 3 1 9 4 4 0 3 1 7 9 3 4 7 0 3 0 4 3 7 4 4 0 6 1 7 7 1 6 9 3 6 7 1 7 6 4 7 1 9 3 4 4 0 7 1 1 4 9 0 9 1 3
4 4 4 6 7 3 1 1 6 7 0 0 1 1 0 1 6 3 4 4 0 6 6 0 4 7 3 9 6 3 0 0 4 6 0 3 1 3 1 0 6 0 0 7 3 7 3 3 9 7 4 4 3 4 0 1 1 1 0 9 6 0 9 6 3 0 4 7 4 0 7 0 4 1 1 0 4 1 7 4 4 0 0 0 6 0 4 1 6 9
4 0 9 1 1 9 6 7 3 4 7 0 6 1 7 6 1 3 3 3 9 4 0 0 1 3 0 4 4 1 3 9 1 9 7 0 4 9 0 6 0 3 9 1 7 3 3 4 3 4 9 0 4 6 6 0 0 7 1 3 4 9 6 3 3 0 0 6 1 7 4 4 3 9 6 7 9 3 3 1 4 1 6 4 4 9 4 6 0 3
4 0 3 0 3 4 3 3 1 9 4 0 0 3 7 3 1 4 4 3 0 0 6 4 6 4 1 4 4 3 6 7 9 0 3 1 4 4 1 4 4 6 4 4 1 0 3 3 0 6 7 3 4 9 7 6 0 6 7 6 7 0 6 7 6 1 7 4 6 3 4 4 4 0 7 6 3 7 0 1 6 1 4 0 1 1 4 6 9 6
4 7 3 4 1 4 6 3 3 0 4 0 9 9 3 6 6 4 4 0 1 1 9 6 4 6 3 0 1 3 0 1 4 3 4 3 6 9 1 6 7 1 6 4 9 3 9 9 7 4 4 4 9 0 1 3 4 0 3 9 4 1 9 1 4 0 6 9 1 6 0 1 7 0 4 0 0 9 6 6 0 0 4 7 3 6 3 3 7 6
4 9 1 0 6 1 3 4 0 1 9 7 7 0 0 4 7 0 9 3 7 1 4 3 0 6 6 6 6 7 6 1 7 7 7 4 6 6 4 7 0 3 6 4 6 6 6 9 9 9 9 1 4 3 9 3 6 3 0 9 3 6 0 4 3 6 3 1 1 0 0 9 1 6 1 7 1 1 6 4 4 1 7 3 0 0 7 0 1 7
4 6 0 7 1 7 9 9 0 7 9 9 7 0 4 7 0 4 4 7 9 7 4 6 4 7 4 0 7 0 9 7 1 1 6 6 1 0 6 0 4 3 1 9 4 6 6 1 9 7 3 1 0 9 7 6 1 0 4 0 6 7 1 4 3 0 6 3 9 4 1 9 1 0 6 9 7 9 7 7 7 9 9 9 0 6 6 3 9 6
4 6 3 1 3 3 9 7 1 6 4 4 1 7 0 7 9 1 0 4 4 7 4 1 6 9 1 6 3 3 9 4 4 3 3 0 6 0 3 3 6 6 1 7 3 6 6 1 0 0 3 4 6 7 0 3 7 1 1 7 0 4 0 6 6 3 4 0 3 3 6 7 0 7 3 4 7 3 0 6 0 7 6 1 0 0 9 4 1 3
4 1 4 1 9 7 7 0 9 4 1 9 0 9 1 6 9 3 7 3 7 7 1 1 9 4 1 6 6 4 4 0 7 3 6 0 4 9 3 1 6 6 3 7 1 0 4 0 1 9 3 7 3 1 7 0 4 4 0 0 0 0 6 1 1 4 4 0 7 9 9 3 9 3 0 7 1 3 7 4 7 6 6 3 3 0 0 3 3 0
4 0 0 0 3 0 0 6 7 9 4 6 7 7 9 3 7 7 9 7 7 9 3 7 9 9 3 4 4 0 0 4 1 3 3 4 6 0 4 9 4 3 7 7 6 6 6 7 6 0 9 0 1 4 6 6 6 1 4 0 9 9 0 3 0 0 4 7 7 7 4 1 1 9 3 1 4 1 3 6 0 1 9 1 6 6 3 3 7 7
4 9 0 3 7 6 3 1 7 6 7 3 7 4 0 3 3 0 0 6 3 3 6 9 3 4 0 3 4 0 6 6 4 6 1 1 7 7 7 7 7 0 3 9 4 7 9 6 6 0 6 7 7 1 1 1 1 1 6 3 1 7 7 0 4 4 0 0 1 4 6 4 1 7 9 0 4 4 1 4 0 0 3 4 3 7 1 1 0 9
4 0 3 1 0 7 4 3 0 7 4 4 1 9 4 9 1 9 1 1 4 0 3 0 3 9 4 7 0 6 9 6 3 9 0 6 3 1 0 7 4 3 4 6 4 3 6 7 6 3 4 7 6 1 9 3 1 0 4 7 6 3 4 4 0 7 6 3 3 3 9 3 9 1 6 0 4 6 4 0 4 0 9 4 4 9 1 9 9 4
4 3 7 7 3 7 4 0 0 4 7 6 4 7 9 7 0 6 4 3 3 4 3 9 1 0 3 6 1 0 3 7 6 4 1 7 1 3 0 4 0 0 4 7 7 9 6 1 6 0 6 7 9 0 1 1 3 0 3 9 9 0 4 7 3 0 7 6 0 3 3 1 4 6 7 7 6 9 7 0 6 1 6 4 4 4 7 1 4 4
4 3 6 0 3 4 1 3 4 0 7 4 6 4 0 6 9 6 4 1 0 9 1 6 4 0 7 7 6 0 3 9 0 3 6 0 0 4 3 9 4 7 3 4 0 0 0 9 0 3 7 7 3 7 9 3 0 4 3 0 6 6 4 1 0 7 0 1 3 0 6 1 9 9 1 3 1 3 3 6 0 0 1 4 6 7 1 9 7 6
4 1 4 4 4 6 3 9 6 9 1 0 1 3 4 6 1 4 4 1 4 6 6 0 7 7 4 3 0 3 7 4 4 7 1 1 3 6 3 4 0 4 6 4 3 7 0 7 6 1 1 0 6 4 3 9 4 9 3 3 7 7 7 3 7 4 4 0 0 6 0 0 6 4 1 3 3 0 1 7 0 7 3 9 1 1 1 1 6 1
4 0 9 1 7 7 0 4 3 6 4 7 0 7 4 6 3 4 7 3 3 9 4 9 9 1 7 4 0 0 1 9 6 4 3 9 3 3 0 0 6 4 0 4 9 3 4 4 9 6 7 7 6 0 1 3 0 0 4 0 6 1 1 0 3 3 6 7 0 1 0 3 3 7 4 4 9 0 6 3 9 3 1 1 3 1 6 1 4 0
4 0 3 1 1 4 0 1 4 9 7 4 6 1 1 7 0 7 6 6 6 9 6 7 9 4 6 1 7 3 1 4 9 7 0 6 3 0 9 7 9 9 7 0 3 9 7 7 0 6 4 6 3 6 3 1 0 0 1 7 0 0 6 4 0 1 4 4 6 0 1 6 4 4 6 4 7 9 4 0 7 6 3 9 7 9 6 6 3 3
4 0 6 1 3 9 7 4 9 7 9 0 7 3 0 4 3 0 1 1 9 1 0 6 0 7 4 4 4 4 0 7 3 0 3 4 0 7 6 0 4 6 3 3 6 6 6 3 6 6 0 6 6 3 1 6 4 4 7 6 1 4 9 9 3 7 0 7 7 4 0 7 9 7 6 9 9 6 6 3 1 9 1 6 7 7 3 6 6 4
4 6 9 9 1 3 4 0 1 6 3 4 7 3 3 3 3 1 1 6 3 6 7 7 4 4 9 0 6 1 6 7 6 1 9 9 4 3 4 4 0 7 7 4 9 1 4 7 3 0 3 4 7 3 7 1 4 7 7 6 1 9 6 9 0 3 7 4 3 7 7 0 4 4 4 3 3 9 4 0 0 1 4 7 6 0 6 9 4 3
4 1 0 3 4 0 0 0 9 9 1 3 1 7 7 3 7 1 3 7 4 7 7 1 4 1 3 6 1 7 6 9 0 9 9 9 7 6 1 7 7 0 6 1 0 1 4 6 3 6 4 7 4 0 6 1 0 4 1 6 0 1 6 7 7 0 9 4 4 6 0 3 0 4 0 6 1 9 4 0 0 3 0 7 9 6 9 6 6 7
4 4 1 7 1 7 1 3 6 3 0 4 1 1 1 7 3 4 3 0 9 3 1 3 7 4 1 9 0 9 6 9 9 1 6 4 0 4 4 7 0 3 3 3 7 7 9 7 1 0 3 0 1 3 9 4 6 1 3 6 7 0 9 1 7 4 1 3 9 6 4 6 7 0 1 4 0 6 9 9 3 0 4 6 9 0 3 7 7 9
4 3 0 1 7 4 4 4 6 6 1 6 6 6 3 7 3 1 1 9 3 6 3 1 4 3 1 0 6 1 6 1 7 0 0 6 4 4 7 4 4 9 6 9 4 4 0 4 4 9 4 0 4 7 7 4 4 9 7 7 7 1 0 9 1 1 6 6 0 4 0 9 6 7 0 7 6 9 1 0 1 0 9 9 0 3 7 6 3 4
4 1 7 7 1 3 1 7 7 6 7 3 3 0 6 0 0 9 1 1 9 9 4 1 3 9 0 7 7 9 9 4 6 9 7 4 1 6 7 9 1 7 0 4 3 6 1 3 9 0 4 6 0 4 3 1 7 7 6 4 9 9 1 7 4 4 4 6 9 9 9 7 1 3 1 0 4 7 6 1 6 7 9 3 3 9 4 3 9 3
4 6 9 0 1 7 0 7 1 9 1 4 7 4 4 0 3 6 6 4 3 0 6 3 7 9 4 1 1 1 0 3 3 3 0 0 9 9 4 1 7 1 4 3 7 6 3 4 3 1 1 0 3 3 7 4 0 3 3 3 4 4 6 6 3 7 0 7 0 3 1 1 1 3 6 9 0 1 7 0 9 9 0 1 9 3 9 9 6 3
4 0 0 3 0 3 0 9 0 4 4 4 4 1 6 6 1 7 0 9 6 7 7 9 6 4 3 7 0 7 4 9 4 1 7 3 4 0 0 0 1 4 9 6 4 3 1 7 0 0 0 9 9 7 3 6 7 6 3 1 6 3 3 4 9 7 4 4 0 0 6 3 3 0 6 7 1 0 0 3 0 0 0 9 0 4 4 0 9 1
4 0 3 4 4 0 6 3 3 6 3 0 7 1 6 4 3 3 3 6 7 6 7 3 7 1 3 6 7 3 1 4 0 3 3 0 6 3 3 0 3 9 3 3 3 1 7 9 0 7 9 6 9 6 0 6 9 7 9 9 3 1 4 0 6 0 7 0 4 6 3 4 3 7 1 1 3 3 0 4 6 7 3 0 7 7 9 9 4 3
4 0 9 6 6 6 6 4 4 4 0 4 4 3 6 0 0 0 9 3 7 9 0 1 4 0 7 6 3 7 6 7 6 7 0 1 3 1 3 9 6 9 3 1 3 3 3 9 1 6 9 9 6 0 1 6 4 0 6 1 4 1 3 7 7 7 0 3 3 6 0 0 9 7 6 3 4 9 9 0 7 3 9 3 1 1 6 3 4 7
4 6 4 6 1 3 4 4 1 0 9 1 3 6 9 1 1 9 6 9 6 4 7 0 0 6 4 4 9 9 0 1 7 7 4 1 1 1 3 0 1 1 1 0 0 1 4 4 1 7 7 1 3 4 9 0 3 1 6 6 0 7 0 7 6 3 4 4 6 1 9 1 6 7 7 7 9 3 7 1 0 1 4 9 4 4 4 0 6 7
4 7 3 9 9 0 7 7 7 0 4 0 7 0 4 3 0 7 0 0 0 9 0 9 7 4 7 4 9 0 4 6 3 9 1 1 0 6 4 3 4 1 1 3 3 0 0 6 9 4 9 3 6 6 6 3 6 7 4 3 3 4 9 6 6 6 0 0 7 7 1 0 1 1 6 0 1 6 4 7 7 0 7 3 4 9 9 6 9 0
4 7 4 0 0 9 0 1 9 4 9 3 1 9 9 1 7 4 1 0 3 6 9 0 0 9 3 3 7 9 3 4 1 0 7 7 7 0 4 7 0 0 7 0 0 4 1 0 9 6 3 7 0 3 7 1 4 4 6 4 1 1 7 6 1 3 9 6 6 6 6 1 3 9 6 7 6 9 1 1 0 3 0 0 3 1 9 0 6 1
4 1 7 7 1 3 3 9 1 4 3 7 0 0 3 1 6 9 6 1 1 1 6 0 7 7 9 7 6 7 4 4 6 9 6 4 7 4 1 3 1 7 0 7 6 0 6 7 1 9 1 3 6 7 4 7 7 6 9 4 4 6 4 7 6 1 1 0 0 6 7 4 3 6 3 1 4 6 6 3 9 1 6 0 3 6 9 4 9 0
4 4 7 6 0 6 4 6 1 3 0 4 6 9 1 9 3 6 6 9 6 6 0 6 4 6 7 6 1 0 9 7 1 6 0 7 9 4 6 3 1 6 6 3 0 1 9 0 0 1 7 1 3 3 1 4 4 3 1 1 7 6 1 3 1 7 7 6 7 4 9 9 1 9 3 7 0 6 4 6 0 4 7 0 0 6 3 0 6 3
4 0 9 9 7 7 4 1 4 7 6 7 4 6 4 4 1 3 7 4 1 7 6 1 4 7 7 6 4 3 1 3 7 7 3 6 1 4 6 3 6 4 4 3 7 4 6 9 9 3 4 6 7 3 4 1 4 3 0 1 0 9 1 7 0 0 4 3 6 4 3 6 6 0 4 9 4 9 1 1 0 7 4 1 4 0 3 0 7 0
4 6 7 7 6 3 4 6 9 4 4 1 0 4 1 6 4 9 3 1 6 3 7 3 0 6 4 0 9 7 6 1 7 9 3 7 0 6 4 9 7 3 1 6 4 1 6 1 7 6 0 4 7 4 0 4 1 6 0 0 3 7 3 3 4 1 7 1 9 3 0 7 7 1 7 6 9 6 9 1 6 4 9 1 6 0 0 1 9 0
4 0 3 6 4 1 7 4 0 3 0 6 9 3 0 3 3 7 4 7 0 1 0 9 7 3 1 6 7 9 4 6 4 6 3 4 7 4 6 1 4 7 3 1 4 1 6 4 6 0 0 3 0 6 7 7 1 6 9 4 7 7 3 7 3 4 7 7 0 7 7 0 9 0 1 0 1 7 7 0 9 7 1 6 6 3 9 0 6 3
4 9 7 0 3 1 3 4 6 0 4 1 1 0 4 7 0 1 3 7 3 3 4 1 9 1 6 7 9 1 0 6 3 1 4 4 4 4 6 9 7 4 4 4 3 6 4 6 7 0 4 4 1 3 7 4 6 6 4 7 0 6 4 1 0 3 0 0 6 7 0 7 7 7 4 7 1 3 0 7 1 7 3 7 4 6 6 6 0 6
4 6 4 9 3 4 3 6 3 0 6 1 7 4 9 9 9 0 9 1 0 7 6 6 3 0 6 3 7 7 1 0 9 4 1 6 0 7 1 7 9 4 6 7 6 4 0 4 6 1 4 3 4 6 1 6 9 0 4 0 0 4 0 0 9 4 1 0 0 3 3 0 0 9 7 6 9 0 7 4 3 0 4 7 0 4 3 6 0 0
<end>