<number of tasks>
11
<number of stations>
4
<type of the robots>
4
<limit of the robots>
1 1
2 1
3 1
4 1
<task times>
1 81 37 51 49
2 109 101 90 42
3 65 80 38 52
4 51 41 91 40
5 92 36 33 25
6 77 65 83 71
7 51 51 40 49
8 50 42 34 44
9 43 76 41 33
10 45 46 41 77
11 76 38 83 87
<precedence relations>
1,2
1,3
1,4
1,5
2,6
3,7
4,7
5,7
6,8
7,9
8,10
9,11
10,11
<setup time between tasks by robots>
1 0 12 2 28 13 18 29 21 1 15 23
1 25 0 22 30 11 11 15 22 16 2 17
1 9 28 0 11 10 13 7 28 21 0 11
1 30 26 22 0 2 13 4 0 28 6 12
1 1 20 3 27 0 22 18 21 3 19 6
1 25 23 6 24 25 0 24 0 7 6 21
1 1 28 24 25 19 10 0 17 22 15 13
1 21 24 31 13 7 30 3 0 2 12 3
1 1 29 14 22 15 17 20 8 0 17 19
1 1 8 10 6 21 32 16 9 10 0 12
1 28 19 4 2 22 4 14 28 11 0 0
2 0 21 2 21 24 10 23 18 5 5 16
2 26 0 11 18 17 14 7 17 14 11 14
2 11 18 0 15 11 24 15 13 23 9 22
2 17 13 9 0 16 11 25 20 9 10 0
2 26 6 0 8 0 19 2 10 6 3 20
2 7 2 24 21 4 0 20 3 22 0 7
2 21 4 26 3 26 13 0 18 14 0 10
2 6 10 17 10 0 18 20 0 2 1 1
2 11 23 25 9 10 13 22 25 0 13 12
2 16 9 19 2 23 19 9 16 14 0 9
2 5 6 10 25 8 2 1 15 16 20 0
3 0 1 21 13 15 16 6 5 12 16 13
3 11 0 2 6 15 23 5 20 16 14 23
3 19 12 0 17 4 11 21 8 0 22 8
3 16 16 17 0 16 15 12 13 9 16 13
3 24 18 21 13 0 11 6 10 5 6 22
3 9 18 24 24 3 0 14 11 13 7 15
3 20 9 3 0 24 20 0 18 14 13 18
3 2 15 9 8 3 1 9 0 19 3 22
3 15 21 3 7 3 11 17 19 0 12 0
3 16 2 6 9 20 1 11 6 1 0 23
3 5 8 22 21 4 16 10 16 2 17 0
4 0 3 8 6 4 13 13 16 12 4 7
4 15 0 11 14 10 11 12 6 2 14 17
4 18 15 0 7 6 15 11 16 7 16 4
4 4 12 10 0 17 5 12 0 9 3 18
4 16 18 16 11 0 5 13 16 8 14 1
4 7 1 9 0 2 0 13 3 18 10 6
4 5 4 5 4 8 0 0 16 7 2 2
4 1 5 15 13 3 18 4 0 9 6 0
4 12 1 6 2 1 3 9 11 0 16 4
4 8 12 9 3 5 8 2 2 2 0 6
4 6 10 3 1 14 12 5 8 6 4 0
<end>