<number of tasks>
25
<number of stations>
9
<type of the robots>
9
<limit of the robots>
1 1
2 1
3 1
4 1
5 1
6 1
7 1
8 1
9 1
<task times>
1 75 52 52 33 52 63 84 43 38
2 108 32 34 26 49 105 28 27 33
3 135 55 73 55 58 133 35 64 67
4 89 47 56 69 57 116 40 87 53
5 53 47 48 46 56 84 34 91 50
6 55 62 33 26 43 56 35 51 55
7 30 33 38 23 30 52 22 37 37
8 46 34 77 37 74 47 42 31 28
9 62 54 36 43 57 45 25 39 33
10 52 40 45 37 74 56 41 72 51
11 111 77 65 71 64 81 57 66 100
12 49 34 43 43 58 107 48 60 46
13 87 32 32 45 34 38 22 40 52
14 49 73 46 32 46 49 42 43 69
15 64 90 68 39 47 121 72 61 54
16 85 128 45 74 44 126 35 64 60
17 42 34 31 35 34 40 35 30 28
18 55 47 95 60 56 55 37 75 69
19 56 44 37 51 33 62 26 27 31
20 63 61 58 45 67 126 52 44 75
21 64 38 32 41 30 34 22 33 34
22 93 106 50 36 106 57 43 84 52
23 48 52 45 40 58 49 58 77 59
24 58 47 40 26 81 109 29 75 35
25 42 38 39 39 30 40 39 28 32
<precedence relations>
1,3
2,3
3,4
4,5
4,8
5,6
6,7
6,10
7,11
7,12
8,9
8,11
9,10
9,13
11,13
12,15
13,14
14,16
14,19
14,20
15,17
15,22
16,18
17,18
17,23
18,25
19,22
20,21
20,25
21,22
21,24
23,25
<setup time between tasks by robots>
1 0 10 10 0 5 7 22 22 15 19 18 12 17 3 6 4 20 15 18 13 5 8 12 0 4
1 14 0 7 7 21 14 11 2 11 3 4 7 19 21 16 11 11 5 2 5 18 16 2 2 19
1 14 9 0 18 22 15 4 17 12 17 13 16 14 5 20 3 10 2 10 17 3 13 6 6 15
1 17 12 21 0 19 18 22 18 17 5 5 20 18 13 4 11 0 20 13 6 11 1 3 5 7
1 2 0 2 16 0 13 4 2 16 17 9 18 4 7 7 9 20 13 11 14 4 2 17 8 10
1 11 14 14 19 7 0 11 12 3 14 16 22 18 21 11 4 7 15 11 3 15 11 18 7 8
1 4 1 21 17 5 11 0 4 8 8 7 0 18 6 6 22 1 0 22 21 5 18 6 18 1
1 17 16 13 6 18 21 20 0 7 7 19 21 13 15 12 0 6 16 5 3 2 6 10 5 21
1 3 22 16 21 21 20 9 20 0 5 12 20 5 20 0 18 4 11 7 14 19 17 5 7 4
1 6 15 2 8 21 11 0 16 6 0 7 9 15 20 14 16 6 13 3 9 2 9 16 0 17
1 2 21 7 19 5 3 11 13 22 12 0 17 15 1 2 7 7 18 2 21 4 6 4 8 3
1 21 13 2 11 3 18 11 5 4 14 5 0 7 16 14 3 14 5 2 2 0 15 13 8 10
1 5 12 7 13 6 12 21 4 3 15 8 18 0 4 4 6 18 18 3 0 11 9 0 20 19
1 5 17 4 18 11 2 15 6 10 1 22 7 20 0 15 10 15 4 9 10 3 7 12 2 15
1 19 2 16 4 5 8 2 3 12 11 18 6 9 18 0 3 14 21 3 4 2 5 1 8 18
1 3 13 20 10 21 12 16 9 5 20 3 18 8 21 15 0 21 6 9 18 13 2 1 5 9
1 8 9 13 15 11 7 18 13 14 16 19 2 0 8 2 8 0 7 4 11 14 21 2 2 3
1 19 8 17 21 7 9 0 14 4 0 6 7 4 1 20 13 15 0 0 15 4 15 7 18 5
1 11 1 4 7 13 19 21 0 7 12 10 0 17 3 0 5 13 11 0 0 7 22 6 8 8
1 6 5 1 10 9 6 18 6 15 6 1 14 17 9 10 11 21 5 20 0 1 11 7 4 15
1 2 12 6 14 9 18 18 18 11 21 8 11 3 9 14 12 2 8 3 17 0 7 9 14 13
1 7 19 4 21 8 13 6 18 22 16 9 10 1 3 9 18 10 12 14 15 16 0 7 0 17
1 14 6 15 14 18 21 7 16 16 10 12 7 19 2 0 7 10 16 7 4 3 2 0 21 20
1 14 16 22 17 10 19 8 8 11 18 14 10 3 6 6 12 16 6 10 17 12 0 8 0 5
1 5 11 11 17 20 20 3 1 2 12 9 21 22 7 13 3 19 11 7 3 13 15 20 17 0
2 0 7 23 13 14 6 19 16 12 0 14 9 9 3 18 18 7 1 18 0 18 18 5 17 23
2 16 0 6 0 1 8 13 18 7 10 23 6 3 10 21 9 16 7 12 15 0 21 21 7 18
2 22 2 0 4 11 9 14 0 3 6 2 0 19 21 17 17 9 12 22 12 18 21 3 21 23
2 16 23 5 0 7 9 6 5 13 15 16 22 20 13 6 15 23 11 15 19 10 10 2 7 7
2 0 20 14 3 0 11 19 12 8 19 14 8 13 16 23 9 7 1 15 15 1 15 11 10 3
2 14 9 5 15 15 0 16 13 17 3 7 13 8 22 6 21 21 7 2 11 12 0 0 3 6
2 11 16 4 16 22 4 0 5 13 0 21 2 23 8 22 8 6 11 9 16 2 16 9 17 17
2 1 2 17 11 5 12 11 0 15 9 11 21 8 1 0 9 22 3 5 16 13 6 18 10 9
2 9 17 23 14 2 16 19 10 0 9 17 14 19 2 11 17 3 0 15 8 8 22 22 21 20
2 17 1 22 20 16 18 18 17 2 0 15 23 0 2 12 21 20 17 7 8 9 9 17 18 12
2 14 9 13 5 12 0 8 19 7 23 0 2 2 5 21 1 22 7 13 20 22 0 18 10 7
2 19 9 3 0 11 10 9 16 6 21 10 0 16 18 16 8 16 3 6 8 8 11 18 9 5
2 15 21 15 16 14 11 12 20 22 4 6 21 0 12 14 1 15 4 23 7 21 13 10 10 0
2 15 9 13 10 19 10 13 9 5 17 20 22 19 0 16 9 6 20 9 2 7 23 20 19 0
2 2 15 12 3 5 20 21 15 3 1 4 10 5 18 0 20 21 12 21 5 22 0 4 14 8
2 12 7 17 21 15 1 1 22 19 3 0 15 22 21 0 0 4 22 12 0 3 9 1 0 6
2 10 18 4 22 0 8 11 0 8 15 0 21 23 14 16 0 0 5 1 9 9 10 3 23 13
2 3 8 19 4 18 10 22 15 23 19 17 8 21 6 19 2 16 0 22 23 6 20 19 11 3
2 21 20 10 22 13 20 7 0 12 13 16 3 23 23 13 10 22 8 0 0 7 13 11 22 19
2 20 21 18 9 1 18 16 15 20 19 18 16 11 7 6 6 11 9 5 0 15 18 3 9 0
2 20 4 17 5 12 2 4 12 17 0 4 8 0 16 13 9 17 1 5 20 0 16 12 4 2
2 16 12 16 18 14 13 16 17 4 1 19 1 5 17 23 3 23 5 4 14 21 0 20 3 12
2 18 13 11 5 8 18 21 3 12 1 16 15 8 3 7 10 12 10 19 5 9 10 0 23 20
2 0 11 15 7 9 17 11 16 10 12 22 20 14 21 13 7 1 18 22 2 21 13 16 0 22
2 13 21 7 22 11 5 22 10 1 0 12 16 20 18 13 22 1 14 22 9 1 5 4 16 0
3 0 2 0 5 14 14 1 2 8 8 11 14 8 14 12 7 10 12 6 12 6 6 21 3 22
3 19 0 21 0 12 15 18 16 5 17 16 12 21 17 23 5 17 2 10 18 17 11 3 13 5
3 17 2 0 0 6 10 4 10 1 19 9 8 9 1 19 1 14 17 22 9 8 22 11 11 15
3 6 13 13 0 13 4 4 10 20 11 9 18 20 22 12 18 6 13 2 4 18 12 18 1 12
3 4 23 10 8 0 22 19 14 15 16 3 5 2 8 14 16 21 11 8 5 1 12 10 18 4
3 2 5 19 2 17 0 13 14 18 5 17 20 7 1 8 1 5 15 0 12 8 15 18 19 3
3 3 21 12 7 13 17 0 20 11 0 20 4 10 11 16 1 14 18 13 21 21 17 6 1 0
3 6 4 15 9 6 18 5 0 19 3 7 12 20 18 12 6 12 1 17 21 8 18 20 2 10
3 17 17 22 3 6 11 14 20 0 6 10 1 22 9 15 19 11 21 17 10 8 20 4 4 0
3 12 7 7 20 8 13 9 19 6 0 9 5 19 4 11 14 2 4 19 2 2 5 1 19 11
3 22 15 5 1 20 8 17 2 10 2 0 20 9 0 21 14 17 1 14 3 1 15 1 5 17
3 21 13 0 9 5 11 1 16 4 14 3 0 10 3 4 12 11 14 13 0 2 16 15 2 3
3 3 16 2 7 16 10 18 13 10 8 6 1 0 7 12 7 2 20 13 15 21 21 6 15 19
3 20 2 4 0 7 1 9 7 0 3 14 3 18 0 16 7 21 3 7 19 10 2 11 2 9
3 15 21 4 0 22 18 18 22 6 7 8 1 4 10 0 12 22 9 17 13 19 11 21 2 7
3 16 13 2 20 17 11 0 21 14 20 4 3 18 7 8 0 14 22 16 2 18 17 2 1 6
3 21 16 3 4 2 19 15 16 8 11 1 17 8 19 4 10 0 21 12 10 2 11 22 20 1
3 7 12 5 4 12 5 5 17 1 21 0 15 8 21 13 9 13 0 13 18 16 0 9 8 18
3 5 1 9 14 12 13 20 14 6 7 15 2 15 19 10 11 11 9 0 18 17 22 10 4 12
3 6 20 2 9 1 21 6 12 4 2 1 10 4 16 3 21 20 5 11 0 22 1 11 9 2
3 5 16 16 17 11 17 1 2 5 8 16 15 3 16 16 13 0 15 21 10 0 15 18 8 22
3 17 22 20 1 17 6 1 1 18 4 13 4 21 13 2 4 12 5 22 11 5 0 12 5 21
3 2 15 5 5 13 6 19 19 8 14 10 22 13 5 18 15 0 10 18 5 12 2 0 18 18
3 7 0 20 11 1 19 0 9 11 9 5 6 6 6 3 0 1 5 21 19 11 17 12 0 9
3 16 17 3 20 19 15 6 21 7 7 22 0 20 18 13 5 1 16 11 16 21 3 20 6 0
4 0 1 6 6 14 15 15 2 11 11 2 3 11 0 13 8 8 14 6 1 15 10 2 16 10
4 16 0 2 9 14 4 3 14 15 3 3 14 5 16 13 0 1 1 6 13 3 5 2 0 16
4 4 2 0 7 7 17 1 15 3 13 2 16 3 10 7 0 0 11 16 8 1 9 1 10 6
4 10 12 15 0 1 2 10 2 8 8 5 11 5 0 3 10 12 6 9 1 3 4 1 8 1
4 13 6 9 2 0 13 6 0 12 13 12 2 10 6 11 8 5 10 9 1 2 17 13 3 6
4 7 9 11 2 7 0 17 11 10 9 10 1 13 6 1 10 13 0 1 2 14 4 0 1 6
4 6 8 7 8 12 7 0 5 16 11 4 5 15 0 1 5 12 3 11 12 13 14 3 9 13
4 9 5 3 14 3 10 2 0 10 7 14 14 14 5 2 9 17 12 17 5 16 11 14 7 9
4 1 17 11 13 17 15 10 4 0 10 7 9 16 5 11 7 14 3 6 15 3 13 7 7 0
4 17 15 15 13 13 0 12 7 7 0 15 13 1 13 4 2 7 10 13 5 3 10 8 8 5
4 4 9 8 16 5 12 10 16 6 11 0 13 14 11 11 1 4 6 7 16 14 2 0 7 15
4 5 2 16 13 8 4 8 12 2 4 2 0 8 12 0 9 0 12 3 9 3 3 10 3 14
4 9 4 6 5 10 9 3 4 0 10 10 12 0 0 16 7 14 4 15 14 1 4 14 4 11
4 17 15 8 14 15 1 16 0 15 8 15 13 12 0 4 5 0 2 1 10 1 3 0 5 9
4 15 12 3 1 14 15 15 9 9 5 17 7 3 2 0 7 6 6 12 11 6 1 4 5 0
4 10 3 15 11 11 4 5 6 8 0 6 0 8 0 5 0 5 5 16 4 14 1 11 6 8
4 10 16 8 10 8 16 1 12 3 2 2 6 9 16 1 12 0 10 15 5 13 9 5 10 3
4 11 4 11 5 13 10 15 16 3 10 11 7 2 12 4 11 16 0 5 1 10 1 10 16 9
4 13 2 17 14 10 7 7 2 3 2 12 3 2 4 11 0 8 9 0 16 0 12 15 1 3
4 3 14 3 3 3 10 10 2 10 10 8 8 16 15 10 7 4 16 7 0 2 0 6 6 5
4 1 8 15 3 14 5 6 13 3 1 0 5 1 0 16 10 9 8 8 7 0 5 0 3 2
4 3 13 1 11 15 17 13 13 7 4 14 14 5 6 4 0 14 13 1 13 12 0 0 1 9
4 12 11 15 1 14 3 16 4 9 4 0 12 7 4 13 15 7 0 1 6 12 17 0 8 9
4 10 15 3 1 7 0 16 16 4 8 16 2 5 5 15 10 11 16 16 2 13 8 4 0 12
4 14 0 3 8 1 9 6 3 2 6 2 12 9 16 16 7 13 16 7 4 4 11 2 3 0
5 0 2 0 15 13 11 19 13 16 4 4 17 12 11 14 12 8 19 1 22 15 8 16 22 22
5 13 0 20 22 2 12 7 4 3 9 5 21 9 5 7 19 6 19 15 5 21 6 2 14 17
5 6 3 0 9 21 18 8 20 15 21 0 3 4 12 17 0 14 1 7 8 3 15 5 22 14
5 9 0 8 0 19 9 18 17 9 21 19 19 20 3 15 16 16 13 9 12 15 6 20 21 8
5 15 10 8 19 0 11 5 19 4 5 10 8 1 4 4 9 4 15 11 14 12 16 8 0 4
5 15 15 20 22 0 0 11 7 19 13 11 6 0 1 14 18 2 14 10 21 18 1 17 2 11
5 6 11 3 20 16 5 0 16 8 22 15 3 3 1 13 18 7 1 21 10 8 4 8 17 20
5 11 3 5 4 19 7 16 0 19 5 9 9 1 2 0 21 14 18 5 15 9 2 5 3 16
5 15 14 0 14 16 2 22 8 0 8 12 15 0 16 4 12 20 5 13 8 7 13 13 8 6
5 12 7 14 14 5 20 12 2 15 0 16 15 12 21 10 16 3 6 15 14 0 10 11 11 12
5 17 13 13 12 9 21 19 7 9 11 0 11 15 10 19 20 4 15 10 1 5 11 10 14 13
5 13 16 13 3 17 20 21 2 8 7 18 0 0 7 0 6 8 10 3 8 8 11 9 1 17
5 6 7 20 3 11 0 18 3 21 20 19 15 0 14 2 21 2 20 16 3 1 2 11 16 10
5 14 10 0 13 18 7 5 10 10 3 9 4 15 0 10 14 10 20 6 2 2 3 16 14 4
5 16 4 16 5 14 7 7 7 4 16 5 15 21 21 0 7 5 0 20 17 17 22 22 19 15
5 10 11 19 6 12 9 19 8 5 6 21 12 13 17 4 0 9 12 15 5 20 6 10 2 10
5 10 9 1 14 11 10 13 22 3 9 0 9 12 15 5 17 0 3 21 3 1 14 20 14 19
5 13 13 6 12 20 22 19 6 12 11 10 18 12 2 8 7 21 0 2 7 13 8 15 8 6
5 10 11 2 16 12 3 2 12 2 8 18 0 1 22 5 12 11 3 0 15 8 11 19 19 2
5 9 9 15 14 21 2 9 12 11 21 1 5 1 8 22 14 9 5 14 0 15 12 1 7 18
5 4 2 13 6 21 6 6 11 1 18 8 11 4 21 13 17 3 15 3 14 0 9 21 4 14
5 7 3 2 0 0 8 2 20 12 4 5 18 17 16 8 17 9 18 4 0 6 0 7 13 7
5 21 0 15 6 17 6 4 15 11 2 20 7 4 11 3 1 11 12 16 14 5 19 0 18 19
5 4 3 1 8 10 4 15 7 1 7 9 6 1 2 18 7 13 15 2 19 11 17 2 0 17
5 1 3 0 3 21 3 10 2 16 19 20 9 22 14 12 15 15 16 20 13 15 16 12 17 0
6 0 11 20 24 24 15 4 10 4 21 3 19 7 5 13 16 18 10 15 10 9 16 19 0 0
6 15 0 1 10 19 16 7 11 20 24 20 18 17 2 0 12 11 3 13 4 10 6 0 16 14
6 2 6 0 15 3 1 7 6 8 20 20 17 2 4 1 10 11 3 14 14 8 13 16 22 6
6 19 23 14 0 0 2 15 23 4 15 21 20 24 20 22 9 9 2 4 12 6 2 14 24 18
6 14 19 6 22 0 0 9 21 21 22 24 7 0 1 20 15 4 6 5 0 18 6 22 1 22
6 15 0 10 0 21 0 5 14 23 6 14 9 3 2 10 24 23 6 9 0 9 15 22 9 22
6 18 0 13 9 8 16 0 3 14 2 17 6 8 5 24 17 25 21 20 4 5 3 8 4 18
6 7 17 24 21 17 8 15 0 4 13 8 24 5 18 3 16 14 17 13 11 25 7 8 3 15
6 24 3 14 15 2 10 3 9 0 8 21 13 24 24 20 8 13 1 8 24 2 24 3 5 13
6 24 15 7 19 18 8 4 1 22 0 22 0 7 24 2 20 21 0 25 15 8 12 13 9 23
6 6 16 2 24 23 21 11 8 14 11 0 3 3 20 18 10 17 19 16 9 17 22 6 14 11
6 22 8 6 8 0 14 7 0 18 15 12 0 11 18 14 3 8 8 4 0 6 14 22 10 19
6 22 7 8 0 3 7 0 9 17 19 3 23 0 5 18 20 7 2 4 10 18 17 12 9 9
6 10 6 1 11 6 5 13 12 2 7 14 14 7 0 24 9 11 9 8 11 23 7 25 23 10
6 13 15 14 17 4 15 1 14 8 1 21 2 24 22 0 22 2 23 6 17 25 15 20 14 10
6 2 17 22 1 19 24 5 10 9 9 11 5 14 12 13 0 6 7 16 17 18 22 11 8 18
6 17 2 13 18 17 5 12 7 16 19 12 15 6 16 1 14 0 21 21 14 1 6 20 7 17
6 0 20 21 2 17 22 0 4 24 8 8 3 2 20 3 3 2 0 7 4 23 24 4 1 4
6 18 0 3 6 2 20 24 16 4 0 13 12 23 14 18 4 5 4 0 7 24 3 15 20 0
6 24 21 10 12 17 23 12 23 23 16 10 11 18 19 15 6 18 1 2 0 25 13 14 23 11
6 4 1 1 21 14 8 21 6 11 8 14 23 24 17 18 13 4 21 19 1 0 2 10 20 17
6 22 24 9 0 2 8 12 8 15 15 14 5 8 12 9 13 20 10 7 15 4 0 9 18 16
6 5 23 4 15 11 7 7 5 14 13 7 0 11 4 8 11 11 6 24 19 24 8 0 1 13
6 15 18 16 1 22 14 0 20 23 15 3 25 24 0 20 7 10 5 20 0 7 23 9 0 9
6 22 20 21 5 2 15 22 24 21 2 3 4 17 24 5 19 3 17 10 18 10 7 8 7 0
7 0 12 15 10 4 10 14 5 5 7 15 9 3 14 9 12 12 1 13 7 11 8 5 11 15
7 15 0 5 0 12 2 3 14 0 12 15 16 3 3 5 15 2 5 14 2 5 0 3 15 3
7 4 0 0 2 0 15 10 10 11 7 9 11 5 3 10 9 14 12 10 2 14 1 11 13 7
7 8 15 14 0 10 12 15 6 4 2 11 6 7 2 13 14 12 7 13 0 13 9 8 14 2
7 11 12 6 6 0 9 10 11 7 5 14 12 0 10 1 8 5 13 9 0 9 1 6 2 2
7 11 15 12 3 11 0 14 5 10 15 9 0 2 10 15 13 8 4 2 6 0 1 7 5 4
7 0 8 2 4 15 13 0 5 15 7 2 8 5 1 9 11 14 4 2 16 1 2 6 15 2
7 14 13 4 9 10 15 7 0 0 8 2 5 1 0 10 14 14 14 10 1 3 9 8 2 6
7 1 0 13 7 2 15 1 9 0 1 3 15 8 7 4 1 11 9 2 4 14 1 9 8 0
7 11 8 8 16 11 1 14 10 8 0 0 2 12 13 2 15 5 13 5 4 9 13 13 15 12
7 10 0 10 10 5 5 5 10 12 7 0 5 5 5 7 8 14 8 12 0 1 10 6 2 8
7 10 5 2 2 2 13 5 10 12 7 8 0 9 10 12 4 12 0 16 14 7 1 9 7 14
7 14 2 1 7 12 2 10 2 10 11 2 4 0 6 4 0 14 12 12 4 1 0 14 9 7
7 7 4 6 10 2 14 2 8 3 2 11 13 15 0 7 13 3 8 14 12 15 13 4 6 13
7 11 7 1 15 4 8 2 15 7 4 7 8 1 3 0 3 12 8 10 13 9 0 5 2 13
7 1 8 15 2 9 6 0 8 14 12 13 13 1 13 16 0 12 1 2 14 5 6 3 15 15
7 13 6 6 5 15 14 8 11 5 9 8 13 13 7 16 6 0 15 13 4 4 10 15 6 4
7 3 13 16 12 8 10 0 15 6 5 3 2 1 7 13 2 14 0 12 12 16 3 6 2 11
7 5 6 11 12 0 11 15 1 0 2 0 13 15 16 16 2 0 3 0 0 3 9 8 2 15
7 10 4 15 16 2 4 7 11 15 2 11 11 11 3 1 4 10 1 5 0 4 4 13 5 3
7 0 6 9 6 2 5 11 1 9 4 9 6 9 5 9 11 13 16 11 7 0 16 0 3 4
7 3 16 0 14 8 14 16 12 7 5 4 10 13 11 10 6 5 3 2 13 4 0 10 7 14
7 6 12 11 11 9 13 9 15 0 10 4 5 5 1 11 16 4 3 15 9 6 9 0 5 15
7 1 9 10 11 6 7 11 10 11 1 5 1 6 12 5 12 15 6 1 5 14 10 8 0 15
7 7 0 6 13 2 4 1 1 4 11 10 7 10 2 9 1 8 12 15 4 3 12 12 15 0
8 0 0 13 20 14 1 12 18 8 18 11 1 12 3 14 12 4 19 17 0 14 14 14 0 4
8 5 0 10 12 2 17 1 17 13 19 16 5 17 14 1 8 8 3 9 8 10 12 9 17 13
8 8 0 0 18 7 6 11 15 13 17 5 1 14 5 15 17 16 12 14 14 0 4 13 0 5
8 17 7 5 0 18 19 13 7 8 4 18 14 18 3 12 19 4 17 6 3 9 12 6 11 4
8 1 15 7 7 0 19 1 8 11 3 17 12 6 15 16 19 19 3 8 15 2 10 9 10 13
8 18 2 10 15 2 0 19 13 1 1 18 19 15 5 12 12 12 19 5 11 18 5 16 7 18
8 3 12 6 18 2 15 0 8 7 16 9 8 4 1 15 8 1 10 18 1 18 12 13 0 15
8 1 9 8 11 6 0 16 0 13 9 0 11 16 8 5 0 16 10 18 6 8 14 18 12 16
8 18 19 6 12 4 4 3 16 0 4 19 14 2 0 10 17 8 13 2 14 2 2 0 5 4
8 13 14 3 17 13 6 9 1 19 0 5 16 17 16 0 1 4 11 12 3 13 9 3 10 19
8 3 0 15 16 18 1 19 15 8 19 0 18 12 11 7 0 5 1 0 18 14 18 7 2 7
8 17 8 12 1 11 8 10 19 20 4 16 0 19 12 2 2 3 20 14 20 5 17 14 15 2
8 11 14 10 4 9 5 9 18 9 1 16 8 0 6 14 13 3 17 14 6 6 17 10 8 5
8 16 6 18 17 18 1 2 9 15 12 0 2 10 0 6 12 18 5 18 14 17 3 12 12 9
8 2 6 9 1 19 17 4 6 2 19 2 15 13 3 0 15 2 4 5 4 17 10 4 13 7
8 15 20 10 19 16 17 0 18 4 0 4 16 0 11 10 0 17 2 4 1 18 0 1 10 1
8 15 7 10 15 2 9 3 7 10 7 3 1 2 13 8 6 0 4 16 7 16 10 11 10 1
8 18 17 5 18 11 17 0 16 13 0 16 14 10 7 0 8 18 0 6 5 12 5 6 17 9
8 16 18 11 9 0 16 17 16 5 6 1 13 7 6 0 0 7 11 0 8 11 6 5 5 7
8 6 16 2 14 2 14 8 4 10 9 2 16 0 1 12 15 13 5 11 0 13 14 19 18 0
8 9 16 18 9 16 16 17 2 14 0 9 1 19 12 10 14 0 14 5 0 0 5 9 0 6
8 17 11 8 14 5 17 12 15 13 12 4 8 7 1 3 13 8 11 0 17 8 0 4 19 12
8 16 6 16 19 17 12 19 11 15 12 9 10 12 0 6 6 5 7 16 6 12 12 0 0 8
8 14 17 2 2 13 3 17 10 13 19 16 13 17 0 8 12 2 11 18 1 0 17 17 0 0
8 3 18 19 5 0 6 5 7 19 10 3 14 17 14 16 10 14 13 11 16 4 6 17 2 0
9 0 8 8 5 15 5 17 17 18 2 12 4 6 8 20 1 15 18 2 12 14 11 0 14 3
9 4 0 11 11 17 16 14 16 1 13 20 5 3 18 15 16 14 14 16 13 11 4 6 19 11
9 10 3 0 18 16 20 16 14 13 3 17 3 11 17 12 9 3 14 8 2 20 9 10 2 6
9 17 8 8 0 4 17 1 10 5 1 18 6 8 5 1 20 12 12 0 20 4 8 19 8 17
9 5 6 11 16 0 17 2 8 17 5 17 6 20 3 16 2 15 12 17 8 9 7 4 3 0
9 0 5 7 1 12 0 15 6 3 16 7 17 15 12 5 14 17 16 4 4 13 0 20 11 11
9 18 8 5 18 15 17 0 5 11 6 12 5 3 8 0 16 12 4 4 11 1 10 16 12 5
9 7 3 12 10 13 14 7 0 0 12 8 11 11 5 16 8 12 15 18 5 2 0 4 10 17
9 19 11 16 4 4 12 1 11 0 7 9 3 20 0 6 17 14 16 4 5 9 1 16 12 20
9 19 6 9 8 14 11 12 18 8 0 10 3 7 15 0 16 7 20 3 1 18 4 14 1 4
9 10 4 14 7 9 9 0 11 3 10 0 11 11 18 4 6 12 9 7 6 18 13 0 13 12
9 20 3 6 6 19 13 3 18 15 16 7 0 16 10 18 9 3 3 8 17 4 20 17 15 6
9 8 7 14 4 1 16 1 9 9 6 12 7 0 6 14 11 3 2 18 4 10 16 6 16 14
9 8 11 12 15 3 3 3 10 17 4 7 7 11 0 1 15 20 11 20 19 0 17 6 19 0
9 2 15 11 13 16 2 9 15 7 3 16 15 15 6 0 17 5 15 7 4 0 8 7 9 13
9 2 17 7 13 4 7 13 15 9 16 5 8 10 2 14 0 1 2 12 15 18 19 3 1 10
9 12 11 6 20 14 19 16 19 18 19 5 0 20 15 7 5 0 12 2 3 15 5 6 0 19
9 8 18 4 4 6 7 16 8 7 18 11 15 12 19 15 8 14 0 15 2 12 11 11 16 13
9 3 18 20 11 19 14 8 10 4 15 4 20 4 2 12 13 13 15 0 11 20 4 16 1 5
9 3 2 11 12 3 16 4 17 7 6 20 8 6 0 6 11 12 19 2 0 2 15 11 17 4
9 20 12 2 6 17 2 0 12 5 6 10 2 16 11 4 9 11 3 12 18 0 2 10 5 17
9 6 15 9 14 5 11 19 16 0 0 12 16 13 5 18 6 20 12 0 12 5 0 14 15 1
9 10 19 11 12 2 3 10 14 3 10 11 2 17 14 14 11 13 20 15 16 13 6 0 14 4
9 13 11 7 16 3 11 15 2 0 18 7 16 12 4 17 17 19 19 20 20 19 12 18 0 1
9 18 0 18 2 15 2 16 9 14 12 0 8 2 0 8 8 19 5 14 6 11 9 20 14 0
<end>