<number of tasks>
25
<number of stations>
4
<type of the robots>
4
<limit of the robots>
1 1
2 1
3 1
4 1
<task times>
1 85 42 38 81
2 47 74 48 43
3 87 107 63 53
4 50 55 57 41
5 60 58 39 38
6 70 47 49 74
7 44 47 33 37
8 113 47 84 39
9 68 35 43 32
10 81 131 73 63
11 124 70 47 52
12 51 90 32 36
13 117 89 44 45
14 34 71 42 67
15 65 79 36 84
16 109 115 60 103
17 59 36 31 35
18 82 61 50 54
19 39 84 65 53
20 66 150 52 69
21 49 36 36 44
22 46 63 32 43
23 71 70 58 57
24 54 48 24 52
25 77 62 63 90
<precedence relations>
1,3
2,3
3,4
4,5
4,8
5,6
6,7
6,10
7,11
7,12
8,9
8,11
9,10
9,13
11,13
12,15
13,14
14,16
14,19
14,20
15,17
15,22
16,18
17,18
17,23
18,25
19,22
20,21
20,25
21,22
21,24
23,25
<setup time between tasks by robots>
1 0 20 23 0 14 11 1 19 7 18 18 14 15 18 0 2 20 4 19 10 20 24 22 20 12
1 7 0 22 15 9 3 5 10 5 20 13 0 13 18 14 9 3 20 21 8 7 8 10 0 11
1 15 21 0 0 1 3 10 14 19 24 4 15 14 4 3 15 13 12 0 11 2 14 16 0 21
1 6 14 17 0 24 9 17 0 8 17 25 3 9 9 9 1 23 16 21 13 6 18 2 4 19
1 10 25 15 13 0 13 17 7 21 5 12 21 18 3 12 3 20 10 20 15 4 3 14 12 23
1 24 16 1 16 12 0 25 22 9 4 23 0 19 5 12 18 16 23 17 19 23 4 8 4 19
1 11 19 22 2 13 6 0 22 9 23 21 5 20 5 20 22 22 6 9 13 9 12 5 22 16
1 6 19 20 12 9 3 4 0 8 13 19 6 9 17 22 11 2 11 22 15 20 0 3 18 4
1 23 4 22 6 3 10 14 0 0 22 9 1 14 9 9 22 24 4 17 22 22 16 11 2 4
1 4 18 16 24 16 10 1 13 0 0 21 18 4 18 11 15 12 9 11 8 13 21 9 4 22
1 6 21 15 17 10 1 23 19 12 1 0 19 19 25 13 19 12 3 1 7 17 0 9 22 2
1 18 1 18 24 19 7 19 17 25 21 1 0 11 9 3 18 23 14 5 9 19 0 19 20 9
1 20 17 8 21 21 1 16 18 8 22 20 25 0 9 15 7 1 20 1 22 16 6 1 9 11
1 7 17 11 2 5 12 22 13 1 8 12 14 2 0 21 11 3 0 3 20 2 7 4 2 6
1 3 3 10 16 1 0 4 19 9 4 1 20 7 0 0 2 4 1 8 15 14 17 14 11 13
1 0 13 21 4 12 9 12 18 0 19 8 17 4 19 7 0 25 1 0 7 14 7 14 9 20
1 8 23 11 14 5 6 14 4 16 8 19 8 22 4 3 1 0 22 18 7 9 9 21 17 7
1 2 21 20 1 6 13 17 19 5 20 3 19 8 10 17 23 5 0 20 7 10 1 4 9 8
1 9 17 13 23 8 11 10 16 4 11 17 3 13 4 6 7 18 8 0 9 4 4 14 11 3
1 14 18 10 4 7 8 16 14 5 19 14 16 20 3 8 11 22 16 20 0 3 0 17 23 12
1 21 5 18 2 21 21 16 11 10 15 3 21 2 8 7 3 23 20 6 20 0 15 12 20 9
1 8 4 12 11 7 5 4 6 4 2 8 5 22 6 8 19 11 11 16 20 15 0 24 25 24
1 17 3 11 24 9 1 21 21 23 6 24 3 3 10 18 1 5 12 9 21 25 3 0 11 13
1 24 25 16 6 14 20 9 2 8 1 20 0 4 12 10 15 5 4 23 8 0 13 12 0 15
1 20 20 9 4 8 22 1 22 19 2 6 12 15 3 2 25 10 13 22 12 18 6 12 4 0
2 0 26 14 10 7 10 19 17 3 19 14 24 12 22 7 5 26 21 11 24 4 4 12 14 20
2 17 0 5 13 24 7 8 18 21 20 4 10 19 21 5 24 7 13 16 16 11 5 23 14 23
2 22 6 0 20 25 11 7 25 4 23 16 21 19 7 8 23 14 13 0 5 7 1 21 12 15
2 18 23 18 0 15 0 22 19 8 4 15 3 21 12 3 24 16 9 10 17 24 22 14 24 12
2 20 1 21 4 0 7 17 24 22 13 7 22 0 21 23 18 8 22 21 17 22 22 8 16 4
2 9 16 11 18 17 0 8 18 17 0 18 21 21 13 21 4 24 15 25 6 10 24 15 12 16
2 17 20 10 22 2 25 0 22 24 15 13 5 13 5 1 3 11 15 21 24 23 17 12 17 6
2 20 16 18 16 10 12 0 0 0 11 17 11 8 24 4 3 14 10 6 16 11 19 4 3 11
2 18 21 11 12 12 9 5 13 0 10 21 24 20 11 12 24 0 2 11 7 0 8 23 15 8
2 13 9 4 18 15 8 12 12 25 0 10 16 22 5 17 25 4 22 23 6 16 22 3 23 14
2 4 12 3 18 18 15 0 10 12 23 0 15 20 18 23 3 9 20 9 9 11 0 6 8 1
2 24 23 13 17 17 13 11 12 1 3 24 0 15 23 3 12 19 11 23 21 10 9 25 19 21
2 19 16 11 22 26 10 18 20 3 20 5 16 0 21 8 20 6 1 9 3 21 16 1 13 12
2 2 23 8 20 21 12 25 26 13 9 9 4 2 0 9 1 0 10 21 4 5 12 2 21 18
2 18 14 25 24 8 15 15 24 7 23 17 25 23 17 0 20 18 15 12 26 1 3 0 24 12
2 0 26 5 20 0 13 22 3 10 13 17 11 16 24 23 0 23 13 2 4 24 23 24 0 18
2 4 25 24 13 0 25 2 25 5 12 19 23 2 19 3 10 0 11 3 21 0 17 1 7 1
2 0 2 25 10 22 6 5 15 18 3 23 12 12 15 21 18 12 0 13 20 4 5 17 14 5
2 1 7 18 0 16 2 4 10 11 16 4 10 22 1 12 16 20 24 0 20 1 12 14 7 8
2 6 7 8 12 10 7 7 14 13 20 25 19 17 8 16 9 5 7 15 0 11 24 21 16 1
2 2 6 7 13 24 10 25 22 17 12 9 10 9 9 19 22 6 24 9 13 0 24 11 0 17
2 3 2 2 20 15 24 16 0 23 6 5 18 13 25 16 25 0 15 17 22 17 0 17 21 14
2 5 21 14 23 5 20 6 15 23 24 17 21 11 1 22 12 24 13 24 6 17 23 0 2 21
2 5 12 13 17 15 16 3 5 20 3 20 3 17 6 21 17 2 24 12 25 4 0 7 0 23
2 23 3 12 3 4 9 12 19 4 19 18 0 11 15 15 0 0 20 4 21 16 20 21 22 0
3 0 13 11 17 17 6 12 9 0 0 12 9 3 14 13 9 0 13 1 6 6 5 9 8 10
3 17 0 12 7 1 13 7 1 0 14 3 7 13 9 16 15 3 17 0 4 9 8 17 12 1
3 10 5 0 7 11 1 11 7 8 3 10 15 2 1 3 8 9 7 16 15 17 7 3 12 6
3 0 5 16 0 14 4 3 12 10 10 12 10 3 10 1 3 12 17 0 2 16 14 3 2 17
3 7 15 10 6 0 9 17 12 11 3 11 14 17 2 12 17 12 10 17 5 17 9 4 9 2
3 7 7 13 6 5 0 11 2 13 8 14 9 3 7 2 7 14 9 3 13 3 11 13 14 7
3 3 15 13 4 12 4 0 0 16 1 2 10 2 2 6 17 17 1 7 2 1 12 12 10 3
3 12 5 7 16 0 11 3 0 13 11 17 7 0 10 15 6 0 13 11 16 14 11 15 6 10
3 11 17 0 8 0 0 5 13 0 15 6 17 16 17 9 0 10 0 7 9 12 3 11 10 0
3 10 11 5 16 16 4 12 2 8 0 3 12 0 0 3 9 0 12 11 7 15 8 17 9 13
3 7 7 16 10 9 3 8 16 1 15 0 5 6 11 6 9 8 16 11 13 11 9 14 12 10
3 13 10 16 12 9 10 9 16 15 10 14 0 16 13 9 10 15 17 11 9 0 16 7 6 5
3 3 1 16 3 6 5 8 16 14 12 13 15 0 15 4 5 12 1 1 12 3 14 8 1 11
3 16 13 2 15 13 15 6 6 5 10 7 5 12 0 17 7 14 15 5 8 10 17 9 3 0
3 9 16 3 9 11 6 1 9 1 8 1 15 5 14 0 13 4 6 4 14 12 16 15 9 17
3 1 10 1 8 5 15 15 3 14 15 13 4 10 2 2 0 13 5 9 13 3 9 6 10 4
3 15 7 2 8 17 8 4 9 2 12 16 16 6 16 8 15 0 9 14 11 6 8 6 5 0
3 8 8 14 2 6 8 11 7 14 3 14 2 17 3 16 13 6 0 3 10 4 16 4 5 12
3 12 11 17 4 5 12 0 15 0 4 4 4 0 9 2 1 11 0 0 6 12 7 3 12 10
3 3 0 10 4 14 16 17 14 1 0 5 11 8 11 3 3 5 9 9 0 7 3 5 17 2
3 17 3 8 13 7 10 0 8 4 8 15 10 7 13 14 7 2 15 9 9 0 4 3 7 3
3 1 1 12 11 8 11 9 3 6 11 0 13 3 3 4 7 5 0 1 7 2 0 6 1 12
3 14 4 12 10 11 3 15 4 9 0 9 17 12 5 10 16 7 9 10 10 12 8 0 6 14
3 8 12 2 17 15 13 8 5 9 10 15 11 6 12 9 5 5 11 6 1 11 16 12 0 3
3 6 17 6 16 16 5 7 9 17 5 5 1 3 9 10 0 16 12 15 8 10 14 8 12 0
4 0 23 15 14 2 6 0 13 12 3 3 19 2 3 22 9 7 17 11 12 19 1 12 18 16
4 22 0 16 22 22 3 14 1 9 2 1 4 8 0 17 7 1 20 2 23 23 19 20 8 10
4 14 14 0 23 20 15 2 4 5 3 15 15 11 1 1 0 13 11 13 9 12 16 23 2 20
4 0 7 5 0 7 14 18 21 21 23 10 16 17 23 5 3 17 8 6 2 6 5 18 16 23
4 8 8 20 2 0 4 1 9 2 20 9 5 21 1 16 5 21 10 22 9 12 14 6 4 3
4 0 20 23 4 14 0 2 22 6 3 16 3 8 7 20 5 2 12 5 18 15 2 7 18 3
4 11 11 8 11 12 1 0 11 6 21 12 4 11 13 1 8 16 15 1 18 11 0 3 21 22
4 21 19 17 7 13 4 22 0 8 18 14 15 11 12 16 22 1 13 4 10 5 12 6 22 8
4 15 20 8 9 8 13 8 20 0 22 13 8 7 11 7 12 4 8 14 4 12 10 16 4 9
4 6 0 4 18 8 7 10 15 20 0 17 0 4 21 4 10 12 6 23 15 22 13 5 19 23
4 10 1 23 12 9 8 21 2 8 4 0 16 23 18 18 3 23 20 0 14 17 8 20 12 16
4 15 14 22 0 19 2 2 20 6 5 15 0 6 14 0 1 16 1 19 2 2 12 16 19 16
4 5 8 10 4 21 9 8 6 1 15 6 3 0 6 5 2 20 0 20 7 8 0 1 11 3
4 3 1 17 18 9 11 14 23 1 9 2 20 17 0 4 13 2 8 10 21 5 13 11 22 6
4 5 22 15 14 11 16 17 14 0 22 14 9 16 9 0 18 17 0 18 4 23 8 10 13 9
4 16 17 5 12 18 16 20 23 15 4 5 7 4 20 19 0 10 3 21 21 14 6 23 8 11
4 10 9 14 5 4 11 4 20 15 3 15 9 3 22 11 8 0 12 5 17 1 1 3 3 4
4 12 21 7 17 0 11 11 18 11 12 16 6 13 15 3 8 8 0 18 14 12 21 12 20 6
4 7 20 5 3 23 19 9 20 5 10 14 15 13 22 22 17 19 13 0 14 22 21 5 11 16
4 3 14 14 20 4 17 14 22 12 19 19 14 17 8 14 16 4 10 10 0 22 9 11 3 5
4 8 11 12 2 16 17 22 13 20 14 19 1 13 14 19 18 15 14 10 6 0 19 19 13 2
4 14 18 12 3 21 5 4 19 23 6 17 19 2 20 8 11 0 16 22 0 15 0 9 1 18
4 7 8 7 15 17 23 2 17 5 16 19 18 17 22 15 22 17 21 8 13 17 0 0 11 6
4 7 17 0 6 11 15 14 11 10 2 22 13 21 17 10 23 0 2 21 3 7 17 21 0 17
4 2 2 0 22 16 23 12 20 5 6 1 11 14 17 8 1 19 6 18 14 16 2 13 9 0
<end>