<number of tasks>
25
<number of stations>
6
<type of the robots>
6
<limit of the robots>
1 1
2 1
3 1
4 1
5 1
6 1
<task times>
1 87 62 42 60 44 76
2 67 47 42 45 53 100
3 82 58 54 40 61 60
4 182 58 62 60 55 100
5 71 47 28 57 62 76
6 139 48 51 73 61 117
7 98 99 44 49 59 82
8 70 40 33 29 36 52
9 60 114 47 72 63 93
10 112 67 85 63 49 86
11 51 35 41 44 85 69
12 79 39 50 80 67 95
13 57 47 56 85 41 49
14 139 65 40 38 87 105
15 95 63 42 65 61 167
16 54 48 51 34 71 133
17 71 28 35 29 32 41
18 112 29 49 58 84 69
19 109 47 38 37 52 69
20 63 45 39 43 36 57
21 75 68 45 79 84 83
22 87 36 74 29 82 109
23 58 36 55 38 42 107
24 44 54 23 21 36 71
25 79 64 48 35 48 97
<precedence relations>
1,3
2,3
3,4
4,5
4,8
5,6
6,7
6,10
7,11
7,12
8,9
8,11
9,10
9,13
11,13
12,15
13,14
14,16
14,19
14,20
15,17
15,22
16,18
17,18
17,23
18,25
19,22
20,21
20,25
21,22
21,24
23,25
<setup time between tasks by robots>
1 0 6 32 14 15 31 26 17 30 0 6 28 5 9 29 1 16 31 1 14 10 5 19 2 17
1 22 0 10 3 22 8 21 0 22 27 11 13 11 32 27 17 26 8 17 16 0 30 14 15 9
1 26 25 0 30 10 24 0 17 28 27 0 28 10 23 10 12 21 31 8 1 7 27 1 5 4
1 8 1 4 0 2 0 2 8 9 13 29 16 22 25 1 32 27 32 11 29 26 11 3 21 18
1 17 5 21 7 0 9 29 29 2 22 28 28 21 21 19 24 28 10 11 18 22 15 30 2 1
1 23 19 29 30 15 0 18 0 11 29 32 7 23 4 6 21 3 7 29 21 13 5 2 28 3
1 22 30 7 1 27 11 0 16 10 12 25 11 21 20 8 14 22 32 16 29 1 23 31 14 24
1 17 18 30 2 6 17 1 0 31 17 27 24 4 18 3 8 19 22 2 6 4 15 5 23 19
1 15 8 2 2 11 15 5 10 0 4 18 12 19 0 15 18 27 20 23 10 30 10 23 30 20
1 28 6 5 21 30 19 20 0 15 0 7 23 26 24 15 9 30 8 1 22 19 19 19 5 25
1 29 4 29 12 15 3 30 3 16 17 0 22 14 28 1 0 31 3 4 14 11 31 30 16 8
1 12 26 1 20 21 11 4 12 4 3 12 0 15 32 26 6 15 8 21 4 18 16 14 25 15
1 8 12 13 23 5 12 4 22 17 31 16 32 0 27 23 29 23 11 16 20 3 22 15 15 3
1 30 14 30 32 22 29 29 13 12 26 3 17 0 0 27 20 12 16 28 23 9 4 23 21 20
1 30 27 24 6 18 14 27 22 28 11 20 2 3 14 0 15 4 16 8 5 4 19 4 6 12
1 7 6 14 25 27 10 18 32 13 12 30 9 16 31 9 0 7 18 15 29 8 23 16 22 5
1 9 12 32 15 26 17 18 17 8 15 31 22 1 2 17 17 0 6 4 0 29 26 23 19 29
1 20 14 17 26 24 25 29 3 0 2 20 30 8 12 11 14 27 0 13 18 17 14 22 5 1
1 12 26 19 20 31 11 0 7 10 7 14 29 5 11 28 28 27 16 0 19 29 27 13 26 14
1 6 6 13 23 23 25 26 4 13 24 0 32 21 24 4 19 4 16 15 0 2 10 25 3 15
1 23 15 25 7 5 6 10 3 10 4 18 23 3 20 32 16 17 24 11 25 0 7 31 11 26
1 6 21 4 12 6 14 13 12 10 8 11 14 7 11 5 17 23 10 9 31 21 0 10 4 13
1 22 11 5 8 1 29 11 16 12 22 30 32 26 17 23 24 26 27 30 9 24 29 0 28 3
1 15 30 9 1 24 31 0 11 20 32 4 21 8 23 11 3 23 30 1 27 6 20 13 0 24
1 25 22 32 16 31 29 10 5 15 17 10 30 12 31 2 27 9 19 10 12 30 4 10 12 0
2 0 12 6 3 3 19 12 5 5 1 9 1 6 9 14 14 0 10 3 2 11 14 7 17 18
2 3 0 19 15 20 11 8 15 17 16 10 11 11 17 10 15 16 6 3 10 10 2 16 16 11
2 4 4 0 3 18 18 0 12 5 7 17 2 20 19 1 4 17 1 10 11 15 19 9 13 0
2 1 5 2 0 8 12 12 13 8 15 14 0 7 13 18 15 7 10 3 12 14 19 8 5 12
2 19 11 12 16 0 19 1 16 20 18 9 13 10 20 1 20 7 4 2 13 4 20 17 6 5
2 10 10 19 3 8 0 15 9 11 13 2 4 5 16 9 5 16 19 13 0 10 16 17 7 20
2 8 8 8 5 18 5 0 7 16 3 20 3 20 8 0 15 1 8 4 1 7 10 13 0 2
2 15 20 0 11 2 10 4 0 1 15 7 17 18 18 15 0 17 0 13 0 6 15 6 11 15
2 17 1 0 2 19 4 9 7 0 19 6 18 0 12 2 9 20 0 1 0 14 10 3 5 14
2 3 5 1 20 9 20 0 18 1 0 0 13 19 17 7 1 6 15 10 10 19 13 11 10 7
2 0 4 3 10 19 1 12 14 11 17 0 6 7 3 15 13 2 20 15 17 3 4 8 11 20
2 0 13 6 17 7 10 17 10 18 10 15 0 11 4 4 11 1 10 8 1 11 7 14 11 20
2 16 12 16 8 2 19 8 6 2 13 17 6 0 18 12 0 12 18 2 11 13 17 11 11 8
2 16 6 19 8 7 18 2 15 2 0 13 20 3 0 19 20 5 13 15 19 1 11 15 15 10
2 15 8 13 6 6 16 6 15 12 0 15 4 14 10 0 7 16 7 7 2 15 19 14 7 11
2 1 14 15 6 12 13 0 11 19 19 3 19 5 4 20 0 7 17 16 8 11 6 4 5 16
2 3 8 1 8 5 16 0 6 3 0 8 13 18 0 19 4 0 6 16 14 2 9 7 16 20
2 19 15 13 7 14 14 15 0 13 14 6 9 11 11 17 13 13 0 18 3 11 9 0 0 1
2 13 13 14 1 1 14 14 0 11 16 20 20 1 0 17 20 16 6 0 14 18 8 5 1 16
2 14 20 0 6 14 8 15 5 4 5 11 17 17 9 1 13 14 11 1 0 10 0 11 3 16
2 4 16 20 15 11 13 5 15 1 16 19 8 20 3 2 5 18 13 5 12 0 18 12 11 10
2 9 17 1 13 17 14 8 10 20 7 4 3 19 8 2 6 10 17 6 19 2 0 11 1 7
2 15 19 0 10 4 2 12 9 0 1 17 18 7 1 6 15 1 6 6 3 9 17 0 7 20
2 2 6 0 20 16 14 11 7 9 19 11 9 1 15 4 8 12 19 20 11 7 19 6 0 2
2 13 15 2 19 2 1 10 12 1 15 4 7 8 8 1 4 15 19 10 11 3 8 1 15 0
3 0 0 0 16 4 6 15 13 8 0 4 10 12 13 4 6 9 2 3 9 6 17 3 16 12
3 16 0 16 12 5 11 7 5 15 0 2 16 9 12 1 13 15 17 16 5 12 14 11 16 6
3 10 4 0 7 13 1 16 8 12 2 5 16 12 11 11 6 0 16 1 5 1 6 15 8 12
3 12 2 4 0 7 14 1 6 0 8 15 11 14 11 6 0 16 11 14 4 2 9 16 7 4
3 9 2 0 1 0 2 13 10 4 16 8 1 4 16 3 9 10 8 5 13 5 15 8 10 11
3 16 17 6 4 5 0 10 11 14 12 3 15 6 0 12 4 13 12 4 4 2 12 13 13 0
3 4 13 14 10 7 6 0 15 1 10 11 13 12 9 5 3 5 0 14 14 0 14 3 3 5
3 15 13 15 1 16 10 0 0 4 9 15 6 2 5 9 12 7 0 13 13 4 9 16 2 10
3 12 1 16 4 12 4 8 15 0 5 8 11 13 5 11 4 11 8 9 15 15 13 16 2 1
3 10 4 3 6 3 9 7 3 2 0 6 3 2 10 9 16 11 3 3 1 17 8 3 12 3
3 3 0 2 16 3 10 8 12 8 6 0 10 2 12 6 7 7 1 6 13 11 4 7 16 7
3 10 15 2 6 6 12 10 13 15 10 16 0 11 0 3 4 9 10 9 5 13 14 4 11 0
3 14 2 14 13 7 7 4 4 7 8 15 2 0 13 7 15 5 6 6 12 3 7 3 13 10
3 13 6 12 9 15 4 10 10 5 10 16 10 13 0 12 3 12 15 13 1 8 7 2 2 6
3 7 16 7 0 17 10 4 1 1 9 1 10 3 10 0 5 13 1 7 5 2 12 4 2 4
3 15 10 12 2 13 0 5 7 10 6 8 12 3 12 12 0 15 10 0 4 11 0 4 10 11
3 2 7 5 6 0 1 15 10 10 15 3 8 15 5 9 14 0 16 15 10 14 5 16 2 10
3 10 12 13 2 0 7 15 0 7 0 11 2 2 0 12 3 1 0 8 10 15 2 7 15 2
3 5 13 3 5 15 12 7 7 6 4 12 7 16 1 5 10 9 17 0 5 13 9 7 11 5
3 7 11 0 7 5 14 15 16 13 6 14 5 3 10 16 3 3 3 13 0 0 1 9 7 15
3 10 0 16 11 14 4 4 15 12 7 17 6 15 5 0 7 0 7 16 3 0 9 7 9 11
3 4 13 7 5 15 7 6 9 7 0 5 5 6 1 10 4 8 11 10 2 3 0 5 12 6
3 14 14 2 0 9 13 10 12 14 6 9 11 12 4 14 16 0 13 17 11 4 14 0 6 16
3 10 4 17 14 1 12 7 4 6 11 16 1 2 14 7 6 0 3 13 12 4 12 1 0 16
3 7 7 10 8 13 3 1 0 1 0 4 4 1 8 3 0 4 15 8 6 6 2 7 4 0
4 0 1 4 1 9 0 3 9 0 2 4 3 14 2 2 2 5 9 13 0 0 7 10 8 3
4 15 0 6 0 12 2 13 14 3 10 8 14 7 9 5 0 11 14 2 9 9 0 15 11 0
4 0 0 0 3 12 2 13 3 10 2 13 14 13 5 3 3 1 2 4 10 2 0 9 12 15
4 1 15 11 0 2 1 4 7 7 7 12 9 14 12 8 6 12 7 10 2 13 15 1 9 6
4 7 12 4 6 0 1 10 9 2 5 14 1 7 0 10 8 8 9 1 12 9 7 4 10 7
4 11 10 14 3 5 0 0 6 13 9 9 10 2 1 2 10 0 11 15 6 3 13 1 12 14
4 11 11 8 1 0 9 0 11 2 1 10 6 9 4 9 10 11 2 10 0 13 7 12 12 7
4 13 13 15 12 8 12 11 0 7 15 2 14 8 13 7 2 11 12 13 0 14 5 3 8 3
4 9 13 4 0 12 8 12 15 0 4 0 12 14 14 15 4 12 12 0 5 11 12 11 10 4
4 8 1 13 12 11 5 12 13 2 0 6 3 12 11 3 5 9 15 4 0 7 3 10 10 4
4 10 10 4 11 1 3 4 6 0 13 0 11 4 4 4 6 9 5 6 0 0 9 10 8 1
4 15 12 5 2 4 2 0 14 4 10 8 0 11 13 3 10 5 11 10 1 1 6 1 4 12
4 2 9 5 10 15 6 10 13 14 7 15 0 0 11 15 9 1 11 15 6 5 15 8 10 3
4 0 1 9 12 8 6 3 3 0 8 5 7 7 0 12 9 12 7 12 1 3 2 15 10 9
4 15 8 11 2 0 12 13 15 11 6 6 14 11 12 0 11 11 6 7 12 0 1 15 3 2
4 5 7 2 14 3 2 3 7 14 0 4 2 8 2 2 0 15 10 15 5 9 7 5 9 0
4 13 0 0 8 3 10 3 2 5 11 3 0 0 0 7 13 0 1 11 9 2 0 3 1 0
4 3 4 6 6 0 0 9 6 12 9 3 11 11 13 10 6 15 0 13 8 4 9 0 0 3
4 7 10 6 10 4 15 3 8 13 2 15 5 4 10 9 7 15 14 0 14 1 9 6 11 15
4 13 4 15 6 6 3 6 3 1 15 8 5 7 7 10 11 10 0 11 0 8 14 13 2 8
4 2 8 10 4 11 13 15 13 1 12 5 3 8 14 0 11 6 10 14 5 0 15 14 7 15
4 10 10 0 1 4 6 8 6 11 6 10 13 8 3 11 15 12 3 10 1 13 0 9 8 1
4 15 2 14 9 14 10 15 2 13 4 3 2 1 10 6 5 1 1 7 7 9 8 0 1 3
4 14 13 2 14 1 10 8 1 12 9 14 7 15 2 1 14 9 9 4 3 5 15 13 0 8
4 12 9 2 6 13 0 4 5 12 2 15 3 9 3 13 8 6 5 2 6 0 12 2 6 0
5 0 9 23 3 17 18 2 10 3 0 15 14 16 16 7 5 20 22 11 17 3 11 0 5 18
5 9 0 16 1 11 16 0 11 18 10 9 4 10 7 13 11 0 3 10 7 12 22 21 22 6
5 9 18 0 4 3 8 6 9 3 17 22 5 2 0 10 13 19 6 6 21 8 10 15 8 19
5 6 2 4 0 7 21 21 4 13 13 8 15 2 17 6 17 23 8 7 6 14 21 7 4 20
5 1 4 20 2 0 9 13 6 10 15 6 1 13 20 9 0 5 12 7 18 6 1 1 23 16
5 8 13 20 2 13 0 9 20 2 4 6 15 23 6 9 17 12 18 9 0 15 1 3 11 18
5 7 6 4 11 0 22 0 14 8 22 14 11 17 9 18 14 19 10 18 10 2 1 23 18 22
5 0 1 1 7 1 5 23 0 0 8 11 2 8 0 23 22 21 3 20 8 12 9 22 9 18
5 8 2 21 15 5 2 10 21 0 16 8 2 16 18 23 11 20 14 7 12 2 12 18 13 12
5 21 22 23 10 9 1 19 22 4 0 9 22 8 6 9 22 15 20 19 0 20 3 23 0 1
5 12 17 12 23 17 16 18 5 4 6 0 17 2 17 16 0 3 4 17 11 18 2 9 11 20
5 18 21 14 0 12 20 14 19 9 13 2 0 16 19 13 10 18 4 8 11 18 5 22 9 17
5 23 6 10 14 17 20 23 22 22 12 16 4 0 17 4 15 4 6 21 17 5 7 6 12 15
5 19 8 22 4 0 10 11 1 20 13 10 13 4 0 18 2 13 2 22 3 6 9 5 22 17
5 0 23 4 6 22 12 23 22 17 22 14 2 21 20 0 7 12 13 2 22 21 22 17 18 11
5 11 17 16 5 2 0 10 21 6 16 21 18 22 15 4 0 6 10 3 17 19 15 11 9 22
5 11 23 21 19 18 4 8 22 3 12 18 4 11 10 20 2 0 1 17 12 11 5 1 23 15
5 5 11 1 3 6 10 11 21 15 22 10 0 7 7 5 6 21 0 3 15 16 21 19 21 16
5 5 5 10 16 2 10 17 2 3 12 2 1 13 13 4 15 12 10 0 0 23 21 0 8 17
5 23 21 13 2 7 8 23 0 20 18 14 12 5 8 22 11 9 15 20 0 11 13 0 16 23
5 7 21 1 18 11 17 3 8 6 20 21 2 8 4 4 6 22 9 13 7 0 17 23 16 14
5 20 14 6 6 0 13 19 12 1 20 18 21 13 0 17 21 22 17 6 22 0 0 2 10 3
5 14 12 11 11 12 18 6 6 5 17 1 12 5 9 16 16 19 22 12 3 5 21 0 20 19
5 17 23 7 23 23 10 8 23 16 19 11 18 3 11 2 18 13 23 14 5 7 2 9 0 3
5 5 2 23 10 23 3 0 11 22 19 18 16 23 7 18 1 23 12 17 8 11 15 2 4 0
6 0 22 12 11 12 6 8 5 9 0 18 25 17 5 18 22 26 22 23 30 12 9 4 9 14
6 10 0 26 7 20 21 22 25 4 17 17 29 8 6 21 29 25 29 25 29 21 2 7 24 22
6 18 27 0 1 26 15 26 29 15 4 13 15 6 22 8 14 22 16 23 16 14 18 20 25 2
6 24 5 24 0 3 0 12 24 25 16 15 28 19 4 7 7 19 2 4 9 29 28 23 28 16
6 10 4 25 7 0 27 0 0 25 17 1 0 11 14 18 17 20 5 4 28 19 17 26 1 24
6 20 16 17 23 26 0 27 24 20 8 19 27 21 7 28 7 16 3 1 1 28 13 0 20 21
6 13 29 17 7 17 29 0 3 8 9 8 29 18 3 2 26 30 13 12 25 7 3 28 11 17
6 10 28 25 2 8 9 28 0 3 9 23 27 26 4 18 23 17 14 6 1 24 11 12 17 4
6 11 18 20 2 23 30 6 1 0 24 27 1 0 4 27 7 6 6 15 13 11 22 20 24 4
6 21 2 27 14 20 21 24 22 17 0 23 5 5 10 30 4 15 24 14 17 1 16 30 19 9
6 11 14 20 9 18 11 10 28 13 7 0 28 13 6 27 22 6 5 22 5 12 8 22 20 24
6 28 6 22 20 20 5 20 3 6 1 15 0 0 27 2 27 24 22 12 16 13 1 17 14 17
6 27 20 17 1 0 24 23 17 7 16 26 4 0 19 25 11 15 6 14 17 20 24 18 3 6
6 22 7 22 8 1 14 3 5 7 22 8 18 22 0 14 23 21 0 6 27 6 23 19 10 14
6 14 0 24 10 9 11 6 16 23 18 22 9 18 9 0 21 30 20 16 20 11 1 25 27 26
6 24 30 1 24 15 11 10 8 19 5 22 9 11 5 0 0 16 0 0 3 18 28 22 19 21
6 7 13 21 12 1 20 1 2 14 1 23 4 5 6 1 26 0 3 23 24 11 11 10 11 3
6 3 10 5 8 6 6 29 23 27 5 11 9 11 12 7 6 7 0 8 12 20 13 23 13 16
6 28 19 2 24 11 29 21 10 28 21 19 22 29 16 25 9 14 16 0 5 15 29 4 11 14
6 1 19 8 0 2 14 24 18 18 18 14 27 6 25 8 20 12 11 1 0 13 16 23 18 30
6 11 13 20 28 26 23 22 28 17 14 17 0 27 19 6 5 21 5 4 13 0 8 26 6 19
6 16 11 14 12 12 17 10 26 1 9 16 5 11 6 2 10 28 28 0 19 2 0 23 8 26
6 18 30 23 0 14 30 13 12 2 20 25 0 4 11 20 5 12 29 15 17 22 26 0 20 6
6 11 9 8 1 17 29 16 6 15 12 22 29 28 13 9 29 8 11 17 6 20 1 16 0 17
6 3 12 16 15 3 14 5 6 14 4 7 24 9 7 10 6 22 28 29 27 27 10 3 11 0
<end>