<number of tasks>
25
<number of stations>
3
<type of the robots>
3
<limit of the robots>
1 1
2 1
3 1
<task times>
1 55 67 73
2 48 56 75
3 75 93 97
4 36 53 38
5 40 54 44
6 111 45 41
7 47 44 49
8 157 133 86
9 149 58 97
10 81 56 68
11 62 53 46
12 36 38 46
13 112 67 66
14 68 49 40
15 76 60 89
16 64 68 130
17 50 85 80
18 51 76 109
19 66 77 64
20 54 55 55
21 85 58 58
22 87 43 83
23 51 54 51
24 62 105 52
25 41 45 61
<precedence relations>
1,3
2,3
3,4
4,5
4,8
5,6
6,7
6,10
7,11
7,12
8,9
8,11
9,10
9,13
11,13
12,15
13,14
14,16
14,19
14,20
15,17
15,22
16,18
17,18
17,23
18,25
19,22
20,21
20,25
21,22
21,24
23,25
<setup time between tasks by robots>
1 0 4 10 9 7 19 18 23 6 20 7 14 9 5 18 8 17 7 26 15 16 14 20 5 14
1 7 0 20 19 10 25 14 13 25 10 18 11 15 12 16 2 3 26 4 25 22 10 21 5 0
1 25 9 0 2 10 2 17 20 3 6 3 0 10 17 23 5 10 4 11 2 2 9 13 19 21
1 3 0 6 0 1 1 7 24 21 9 9 9 13 2 20 10 24 3 2 2 6 16 20 7 23
1 26 4 5 21 0 23 17 5 11 6 2 19 6 17 8 9 0 16 17 20 16 3 3 22 1
1 5 17 3 23 19 0 24 5 15 2 26 12 16 26 10 13 15 22 11 7 23 20 1 12 1
1 23 26 6 8 26 11 0 10 12 2 9 12 20 10 1 8 12 0 23 22 17 7 17 4 0
1 14 7 12 10 12 21 11 0 26 2 20 21 16 21 2 11 21 21 10 6 7 13 23 24 6
1 5 11 26 8 7 17 12 11 0 7 3 22 19 19 19 23 17 19 1 16 2 25 18 14 11
1 8 12 21 13 8 13 4 17 5 0 20 15 25 2 5 15 10 22 17 8 20 11 4 15 21
1 24 23 16 7 11 13 25 13 9 3 0 6 9 5 6 3 21 2 4 24 9 5 17 6 18
1 17 18 12 20 26 12 17 4 0 22 21 0 4 12 6 15 19 13 7 26 9 25 16 19 17
1 16 9 10 6 19 1 14 1 17 26 21 2 0 16 26 8 2 5 3 14 1 8 10 5 1
1 11 3 4 15 6 12 0 23 16 19 25 6 25 0 4 9 2 8 2 6 0 8 8 24 0
1 25 12 18 10 8 19 3 5 24 5 25 14 13 1 0 18 21 23 11 3 12 23 5 8 9
1 26 21 3 25 14 12 17 22 13 9 8 12 12 14 23 0 13 16 18 8 23 18 14 13 8
1 0 3 3 11 23 0 0 0 13 2 1 14 20 11 14 13 0 19 3 8 17 24 19 8 25
1 22 6 20 10 19 4 15 7 7 24 19 21 8 15 0 25 19 0 0 15 9 4 18 1 14
1 7 19 15 19 3 5 21 14 8 2 2 22 25 19 19 26 13 2 0 11 7 19 7 8 1
1 2 3 23 2 19 26 17 4 25 22 26 10 4 9 13 8 16 26 20 0 8 26 4 9 2
1 2 5 0 11 11 15 11 3 10 16 24 14 1 11 3 19 14 20 19 18 0 19 15 12 3
1 0 10 3 15 7 17 12 19 2 3 23 7 22 4 26 14 3 10 26 25 11 0 15 4 5
1 1 0 19 11 1 10 20 15 0 18 3 18 24 23 4 7 1 0 22 13 15 8 0 17 6
1 6 25 7 11 12 26 4 3 4 12 26 10 25 20 20 22 12 1 25 14 6 12 5 0 16
1 2 25 9 23 4 9 5 19 0 4 16 9 14 9 6 16 19 8 22 4 10 6 18 0 0
2 0 8 26 26 8 4 4 0 26 25 10 26 21 25 14 22 10 13 20 7 22 9 16 14 22
2 21 0 1 4 5 24 3 27 18 19 20 26 26 23 18 22 25 22 12 6 15 21 22 3 12
2 8 22 0 25 6 18 7 1 26 2 6 16 12 18 21 22 15 5 24 26 24 1 14 11 23
2 13 18 3 0 1 10 21 0 6 21 5 17 26 19 21 15 12 23 5 8 14 8 19 13 7
2 15 17 28 22 0 0 4 27 27 0 17 1 26 27 16 11 22 27 9 19 22 27 10 6 20
2 4 3 14 23 4 0 18 26 18 10 13 11 20 27 19 19 25 10 16 24 7 17 25 26 11
2 4 15 17 17 5 6 0 13 25 11 13 17 25 20 20 10 5 13 0 0 21 9 8 8 8
2 16 2 4 25 13 19 3 0 17 6 7 12 2 16 27 23 27 6 7 3 15 15 1 11 5
2 12 3 9 8 6 10 18 0 0 12 7 12 11 22 0 2 23 6 26 18 7 8 25 1 9
2 18 10 23 27 9 18 22 23 25 0 24 3 1 1 15 6 18 26 17 6 4 18 9 2 28
2 22 1 6 27 8 21 7 7 12 17 0 2 18 12 23 13 19 4 11 10 8 4 12 18 7
2 18 17 8 15 18 7 1 1 7 14 1 0 3 21 21 13 20 26 23 14 11 13 12 7 13
2 4 12 27 18 23 11 12 15 8 5 17 6 0 15 24 5 10 5 7 18 4 21 6 12 5
2 26 17 11 11 1 8 15 26 0 9 14 28 8 0 17 9 22 20 22 7 26 21 20 27 19
2 6 19 16 18 16 17 3 22 5 12 3 9 25 6 0 24 13 7 21 3 15 3 17 21 8
2 3 9 14 2 6 10 17 19 5 6 28 8 17 23 5 0 1 4 14 20 5 16 9 11 1
2 9 12 14 11 22 5 6 8 19 3 24 19 25 4 3 2 0 22 0 24 6 27 8 22 6
2 5 17 27 11 13 5 5 2 20 7 0 23 20 16 9 15 0 0 2 13 22 4 25 14 22
2 12 7 16 3 3 0 9 23 12 28 1 8 1 15 16 6 6 3 0 17 22 4 3 19 16
2 14 20 3 3 4 0 4 12 13 28 9 23 2 23 26 16 0 6 19 0 6 24 24 22 25
2 18 3 25 16 11 17 1 8 21 18 21 9 8 24 12 22 15 23 1 24 0 10 2 25 27
2 3 12 20 9 14 25 10 11 27 14 21 27 19 10 1 7 8 18 14 9 5 0 10 23 26
2 11 21 13 4 15 15 1 19 11 26 3 14 1 24 20 16 28 3 20 13 18 11 0 14 3
2 0 16 15 24 21 11 22 4 5 9 20 8 27 27 14 7 2 14 19 19 20 9 18 0 9
2 1 10 1 14 11 25 17 5 19 18 0 26 7 27 5 3 22 22 5 24 1 16 27 11 0
3 0 6 8 22 5 18 17 13 4 3 8 3 1 4 26 20 14 7 8 6 10 1 0 11 6
3 6 0 11 20 27 12 26 3 25 20 27 8 20 13 7 0 23 26 26 8 4 24 11 4 25
3 3 5 0 23 18 23 10 14 17 20 24 22 11 20 14 9 4 20 14 3 18 1 0 6 19
3 9 3 11 0 25 20 17 1 9 3 14 15 14 17 22 14 13 19 16 19 8 19 27 15 23
3 15 1 26 19 0 27 14 14 15 7 16 2 15 19 4 18 21 13 19 5 20 26 1 5 23
3 2 15 26 6 20 0 6 23 4 24 12 12 2 14 24 11 22 6 7 0 15 3 12 16 21
3 26 24 2 3 22 13 0 21 11 12 27 7 5 9 1 9 15 13 16 6 3 5 12 8 5
3 9 12 20 10 0 28 16 0 12 14 13 4 13 21 27 24 25 19 27 4 20 8 1 22 5
3 14 11 7 21 5 10 12 27 0 15 10 9 6 0 11 15 10 5 26 3 3 27 8 6 4
3 27 22 24 5 24 1 19 0 14 0 10 22 15 14 6 10 9 14 2 10 8 10 25 22 22
3 4 5 20 18 4 26 15 18 23 12 0 13 19 3 23 3 8 22 5 16 13 11 7 20 18
3 0 7 6 26 21 24 1 26 7 15 18 0 15 8 19 11 0 19 26 9 13 17 6 20 25
3 6 23 5 10 12 25 28 6 17 8 23 19 0 13 14 11 4 4 21 24 21 16 22 13 12
3 22 6 15 0 11 25 14 13 6 7 14 21 7 0 9 16 12 26 23 1 19 16 8 1 1
3 19 1 9 8 18 11 8 18 2 25 19 20 27 25 0 24 7 3 21 8 21 7 13 19 9
3 23 4 22 27 4 6 28 13 15 28 3 2 2 15 17 0 20 26 19 12 13 14 12 26 12
3 6 9 17 21 8 1 5 12 9 27 4 1 7 2 19 23 0 19 22 6 0 9 6 10 6
3 9 13 25 12 22 18 1 5 16 5 15 19 26 15 27 14 4 0 0 10 28 3 12 5 22
3 5 24 16 9 22 6 11 12 11 5 22 17 17 16 22 11 27 16 0 2 14 12 13 1 13
3 0 15 15 17 1 18 15 22 5 5 7 12 21 3 1 20 16 23 10 0 14 21 12 8 25
3 27 12 25 9 10 11 23 4 26 16 0 13 0 6 6 10 10 10 27 9 0 23 20 6 22
3 2 8 9 18 8 3 14 5 13 7 15 17 1 15 5 19 0 21 14 26 26 0 16 22 16
3 23 3 1 2 7 28 17 27 15 24 24 3 4 19 17 16 20 24 1 1 24 13 0 18 26
3 24 12 5 10 11 16 8 16 10 13 8 25 24 16 26 8 4 18 21 11 12 4 6 0 23
3 15 21 26 24 24 2 7 4 16 16 18 26 24 20 11 2 18 12 14 22 19 14 21 19 0
<end>