<number of tasks>
35
<number of stations>
5
<type of the robots>
5
<limit of the robots>
1 1
2 1
3 1
4 1
5 1
<task times>
1 142 67 88 56 84
2 92 45 183 56 69
3 56 25 36 37 37
4 64 61 53 45 47
5 62 29 92 35 95
6 68 51 132 83 177
7 93 90 137 71 158
8 59 73 90 51 116
9 29 36 36 51 50
10 53 55 37 36 43
11 63 40 85 59 51
12 42 73 49 109 49
13 42 36 91 64 47
14 77 46 93 68 66
15 37 45 50 37 83
16 28 28 73 47 37
17 65 49 41 53 51
18 93 49 63 151 101
19 103 37 62 54 89
20 38 55 38 29 34
21 51 83 122 67 117
22 36 43 57 47 60
23 70 87 74 63 146
24 42 83 108 49 49
25 103 55 66 54 83
26 36 78 64 34 48
27 44 82 49 68 46
28 105 36 69 119 94
29 58 31 59 37 60
30 43 37 59 53 64
31 42 32 51 82 113
32 40 39 89 45 91
33 32 31 99 57 46
34 93 37 50 53 91
35 37 50 72 84 53
<precedence relations>
1,2
1,5
1,7
1,10
1,12
2,3
3,4
4,11
5,6
6,7
6,8
7,14
7,18
8,9
9,13
10,14
11,28
11,33
12,18
13,28
13,33
14,15
15,16
16,21
17,20
18,19
19,20
20,21
21,22
21,25
21,30
21,32
22,23
23,24
24,27
25,26
26,27
27,28
27,33
27,34
28,29
30,31
31,32
32,33
33,35
<setup time between tasks by robots>
1 0 18 16 5 8 0 4 2 10 16 13 18 9 12 16 7 17 6 17 11 11 19 11 7 6 1 8 5 18 7 11 12 5 17 4
1 13 0 20 17 13 8 4 2 0 1 17 9 4 1 1 6 10 12 12 14 13 9 5 13 3 14 9 11 6 15 12 20 5 3 9
1 11 14 0 16 11 17 0 19 18 19 9 10 13 7 0 18 19 15 2 14 19 0 7 16 8 15 3 3 5 7 17 2 11 11 8
1 20 18 18 0 4 17 12 18 2 4 7 3 9 0 5 3 8 7 3 4 11 10 5 9 12 16 2 9 18 9 14 4 20 15 6
1 9 12 13 11 0 18 10 7 18 13 6 5 14 7 1 5 5 4 7 17 0 6 13 20 16 17 1 15 15 14 13 12 3 8 20
1 17 12 20 14 11 0 0 8 3 0 13 6 9 20 1 10 14 13 8 1 16 13 6 12 9 6 8 6 7 5 18 7 4 19 11
1 12 15 12 0 1 18 0 13 20 18 15 15 18 3 6 0 0 2 15 14 4 10 9 19 8 0 18 9 9 3 6 1 17 0 16
1 17 0 17 6 18 4 2 0 19 1 5 5 8 3 10 3 18 15 1 11 18 16 9 2 18 8 6 6 16 2 3 1 11 0 1
1 14 0 12 3 8 16 17 10 0 20 6 4 6 11 15 2 14 15 3 14 19 3 10 11 2 14 6 7 11 6 15 10 19 16 17
1 13 2 4 9 14 14 14 8 9 0 20 11 19 13 11 6 9 20 0 5 0 14 2 0 12 17 19 5 6 8 15 12 7 12 0
1 9 17 17 8 3 12 19 6 19 12 0 11 16 13 20 6 12 4 16 16 5 0 7 20 17 11 7 1 9 17 20 7 0 3 4
1 1 4 17 17 2 1 19 16 16 3 0 0 1 7 15 16 18 4 14 5 1 20 11 12 19 19 14 12 7 7 18 12 3 0 0
1 14 2 5 17 5 1 9 17 2 19 16 14 0 15 20 10 20 4 16 17 14 17 20 15 6 4 13 2 12 4 1 13 16 3 13
1 12 5 0 15 20 17 10 3 12 20 18 3 4 0 17 1 14 13 14 9 1 19 1 4 14 20 19 20 10 3 5 11 11 17 15
1 3 14 12 7 17 17 9 17 14 16 7 17 2 5 0 6 19 8 1 14 3 10 13 7 7 7 3 17 6 18 3 2 16 5 5
1 10 1 5 7 0 10 3 16 14 12 16 9 18 18 6 0 15 4 15 5 2 4 12 2 8 17 2 6 16 20 7 5 0 9 15
1 2 1 19 12 7 19 5 6 6 18 0 13 17 2 14 9 0 20 19 18 17 5 20 6 10 15 3 4 17 5 7 4 7 9 16
1 3 5 14 16 4 12 13 8 1 16 14 4 11 19 6 19 17 0 14 18 5 20 3 9 13 5 2 8 4 15 20 19 10 17 7
1 17 15 5 20 16 14 15 4 7 0 15 0 14 11 19 14 4 12 0 20 10 17 0 2 8 16 13 2 6 1 10 10 16 20 11
1 18 14 8 8 1 14 17 3 10 9 14 3 9 9 6 16 5 5 3 0 16 0 14 9 14 20 3 4 7 19 0 18 11 19 3
1 7 10 9 15 3 9 7 8 5 9 12 15 16 16 16 12 16 19 19 3 0 20 18 16 14 17 17 19 1 0 17 4 12 6 1
1 9 6 16 11 6 7 10 12 11 0 1 20 19 14 8 10 14 17 7 9 18 0 18 13 16 15 20 19 0 8 14 7 5 4 0
1 3 0 11 7 10 4 7 20 14 15 0 0 2 9 17 20 7 17 0 10 0 20 0 8 7 11 4 11 19 0 10 2 0 6 4
1 16 0 12 11 13 12 17 7 14 18 18 4 2 6 8 4 20 14 9 4 19 10 8 0 8 8 1 5 18 18 2 5 10 14 12
1 16 11 15 12 5 17 5 9 5 5 10 11 4 4 19 18 1 20 8 17 6 7 16 13 0 17 7 1 15 19 12 19 14 10 3
1 7 6 16 7 6 2 6 12 4 12 9 1 17 5 8 4 10 1 16 16 9 0 6 7 2 0 6 16 19 0 6 0 3 10 6
1 19 18 12 10 14 2 18 13 11 14 6 19 18 2 10 1 4 10 18 19 7 6 1 20 0 13 0 14 19 18 17 7 1 5 4
1 6 14 0 3 8 0 4 0 9 20 8 14 18 15 2 1 11 19 0 12 14 9 9 9 3 18 19 0 15 12 12 18 16 2 17
1 13 12 20 17 4 16 10 6 20 15 15 3 11 10 1 2 8 17 7 20 18 3 14 20 9 17 7 10 0 1 16 2 7 19 5
1 12 0 18 1 4 14 20 14 9 20 10 4 5 8 19 18 8 10 4 8 17 13 1 15 17 6 6 5 5 0 5 15 11 13 5
1 2 9 9 19 2 12 10 10 11 20 2 8 8 11 6 8 7 20 8 7 2 4 10 2 14 5 10 2 1 4 0 10 4 1 19
1 16 14 9 5 18 1 16 2 2 6 9 12 4 7 11 17 20 6 3 0 15 16 3 3 12 20 5 9 18 20 19 0 19 4 16
1 5 9 15 9 13 9 18 12 16 6 2 9 15 17 11 7 16 7 17 18 16 11 14 2 3 0 2 19 16 17 8 16 0 10 11
1 18 18 4 19 20 19 4 8 20 6 5 4 17 4 7 12 13 6 3 12 9 1 6 4 6 5 18 10 6 16 20 11 0 0 20
1 17 20 3 2 17 19 11 4 20 15 17 8 11 12 16 16 2 6 18 7 11 5 18 12 18 17 17 4 16 14 9 17 4 16 0
2 0 1 7 6 10 8 2 17 17 9 4 15 3 1 5 2 16 9 15 4 9 10 10 15 10 7 14 7 14 0 8 18 3 11 0
2 13 0 9 17 13 3 4 18 12 8 10 11 12 18 13 11 1 16 4 7 7 1 11 9 15 9 2 11 4 5 8 1 15 8 17
2 2 12 0 14 10 0 8 10 15 9 3 5 12 17 9 12 2 7 17 17 7 8 17 4 2 17 7 7 16 8 14 5 5 5 13
2 18 12 15 0 4 13 14 4 11 18 0 18 16 6 6 14 15 7 0 11 1 7 1 13 2 9 11 11 11 1 4 16 13 0 18
2 0 9 2 10 0 12 10 1 15 16 0 13 13 5 4 18 2 5 18 4 0 1 7 7 9 5 8 10 14 4 15 8 11 0 4
2 6 6 10 9 15 0 6 16 8 0 7 14 17 6 12 11 9 7 3 9 5 0 17 10 2 6 14 16 15 7 15 14 17 0 4
2 9 14 7 18 2 4 0 11 1 17 7 3 6 7 3 0 15 16 5 15 3 3 6 6 9 6 5 5 11 16 13 7 2 0 7
2 13 18 5 4 4 8 15 0 8 16 3 11 13 10 17 17 11 9 6 14 15 8 10 9 18 11 13 14 3 8 9 12 8 7 9
2 12 16 12 13 4 12 10 17 0 16 16 17 9 0 8 12 12 12 2 3 3 6 11 3 9 13 4 8 0 3 0 7 8 11 13
2 17 5 0 4 1 3 18 1 2 0 15 10 18 0 0 15 5 1 16 13 2 8 2 17 11 1 16 11 4 3 13 18 5 2 9
2 16 8 5 14 12 10 11 5 4 3 0 5 4 15 17 11 10 17 16 7 9 4 8 0 18 15 2 0 17 0 17 3 2 4 4
2 7 0 8 0 0 12 9 1 3 10 15 0 2 12 17 7 2 16 13 11 11 13 3 4 14 3 0 9 14 1 14 3 11 4 5
2 17 9 14 5 5 17 2 18 7 16 3 1 0 10 16 17 2 16 1 1 0 16 4 9 7 2 6 8 7 4 13 1 13 12 8
2 12 2 17 17 14 8 10 9 2 9 17 10 15 0 6 11 6 18 12 2 2 9 17 9 0 11 11 8 18 0 14 13 14 2 7
2 13 13 5 7 0 14 3 2 9 0 17 6 12 15 0 13 8 9 6 15 10 9 16 11 5 5 9 17 12 0 17 8 0 17 11
2 14 17 14 2 8 8 0 7 12 1 7 6 11 9 18 0 6 17 5 5 5 2 1 7 9 10 4 9 7 5 17 15 17 15 14
2 13 11 9 0 14 10 10 0 7 8 6 0 5 16 11 3 0 15 3 7 17 9 1 10 9 16 11 3 9 12 12 9 17 10 13
2 11 15 16 5 3 9 9 9 4 8 8 3 0 11 7 15 11 0 11 2 15 15 17 10 0 1 7 16 13 3 16 17 3 3 0
2 1 0 15 5 11 0 6 9 2 9 14 4 13 14 2 16 13 7 0 9 5 0 9 13 15 18 2 8 17 5 3 9 17 6 14
2 10 3 17 3 6 5 16 13 8 16 16 8 8 8 10 7 14 1 8 0 12 4 5 12 2 14 9 12 13 9 10 10 4 18 6
2 12 11 17 5 2 12 16 4 18 3 2 2 5 13 1 5 11 16 0 10 0 6 0 2 5 10 1 2 16 5 14 10 18 8 6
2 2 13 8 16 13 16 16 8 4 0 12 5 8 11 1 0 4 14 11 11 17 0 7 13 5 15 14 17 0 18 16 11 1 7 2
2 2 12 0 18 1 3 7 3 16 16 2 14 5 12 14 10 18 12 17 1 6 12 0 8 1 13 16 3 1 0 18 9 5 0 10
2 6 8 14 7 9 17 1 16 4 3 8 8 5 18 4 6 13 17 7 6 5 2 0 0 11 17 6 2 1 10 13 7 6 3 9
2 0 12 1 5 8 2 8 16 2 16 14 7 14 13 16 4 14 13 7 3 7 3 16 12 0 13 11 4 13 2 0 0 9 0 10
2 5 16 10 17 7 6 3 7 14 7 8 6 15 0 7 6 6 9 9 5 12 14 9 7 5 0 5 15 13 10 9 3 6 15 10
2 2 14 2 7 17 4 14 2 10 13 14 17 4 13 14 1 3 17 2 15 10 18 12 18 11 3 0 0 7 12 6 7 4 1 11
2 13 13 1 4 6 7 13 11 3 9 12 1 4 0 16 16 18 2 3 14 12 18 3 13 8 1 4 0 16 2 11 12 11 11 7
2 1 12 5 10 5 5 16 17 13 15 7 0 7 2 3 7 16 8 16 18 17 10 7 4 16 2 2 1 0 13 8 6 13 7 14
2 18 1 13 16 5 16 9 5 8 12 3 10 0 4 6 4 0 11 17 8 16 11 16 11 17 16 12 6 10 0 16 17 10 2 18
2 15 14 0 9 18 5 14 5 7 8 18 5 2 7 14 17 15 16 14 15 17 2 5 15 2 13 14 4 12 16 0 16 6 2 5
2 10 2 3 12 1 7 11 12 6 10 13 16 7 9 12 9 5 9 8 14 3 10 11 10 9 1 15 14 10 11 12 0 15 10 10
2 12 13 4 8 3 3 5 1 3 11 8 4 13 3 16 3 5 7 9 18 0 17 9 4 11 9 16 0 3 6 4 16 0 5 13
2 12 7 9 10 16 3 15 7 4 10 10 0 3 5 7 10 6 7 2 7 18 4 10 6 4 15 7 7 1 0 1 13 16 0 13
2 6 10 14 15 14 5 3 4 9 8 16 4 7 15 2 17 9 6 11 7 10 11 16 2 1 5 9 16 8 2 6 12 3 7 0
3 0 15 2 21 23 17 9 15 20 20 21 21 21 0 24 10 21 25 19 2 9 2 20 10 12 20 2 11 11 14 6 9 22 6 15
3 16 0 7 9 5 0 24 2 3 26 9 0 22 25 12 17 19 20 13 14 8 26 12 11 9 16 22 16 3 15 13 1 18 10 16
3 14 16 0 11 1 0 13 7 5 18 6 12 7 9 10 2 2 9 0 15 1 2 5 14 4 12 4 16 7 13 7 7 3 19 8
3 1 26 6 0 18 14 1 20 3 9 11 15 10 7 4 23 11 22 24 19 24 14 18 8 1 6 8 8 8 3 10 10 21 17 13
3 16 16 0 18 0 12 0 11 11 15 21 18 12 23 23 19 18 16 4 22 22 5 26 13 7 13 23 14 20 8 6 15 21 0 12
3 11 17 6 26 2 0 7 17 1 4 25 20 20 6 9 18 8 26 25 19 3 0 12 20 3 7 20 17 12 15 16 17 11 0 11
3 4 8 8 18 9 0 0 23 12 26 7 18 14 10 13 18 23 23 26 25 22 4 26 8 22 0 6 7 15 7 26 15 13 7 2
3 24 24 14 17 3 26 24 0 0 15 3 6 9 21 6 14 15 16 16 0 25 18 7 6 17 13 24 4 17 2 24 19 3 13 24
3 22 11 26 1 22 21 19 20 0 21 9 8 7 24 12 18 15 13 1 24 25 3 12 25 1 26 24 21 20 26 16 2 19 4 5
3 7 18 10 7 10 15 6 1 2 0 20 25 7 18 12 4 6 17 23 19 4 24 12 21 1 20 23 12 5 9 16 1 16 6 9
3 4 22 2 22 14 13 26 5 19 16 0 1 23 26 15 0 11 0 20 14 25 24 4 6 26 7 17 10 15 11 6 14 26 6 16
3 13 8 15 6 2 0 16 20 3 15 12 0 25 16 20 2 21 9 19 3 0 17 18 6 14 9 21 17 17 8 25 20 14 0 11
3 13 12 20 0 6 23 15 13 9 17 21 17 0 16 21 19 26 6 17 7 21 26 17 12 0 5 20 17 16 1 24 8 1 18 16
3 3 16 22 22 19 1 4 22 25 10 13 13 16 0 13 24 13 4 18 2 13 5 8 11 6 18 2 21 8 6 2 8 5 22 2
3 3 18 18 18 20 8 12 13 5 12 19 3 15 19 0 8 2 12 10 26 23 6 12 16 11 11 10 7 25 19 20 10 2 23 24
3 26 26 20 6 14 23 20 11 7 8 24 2 20 1 12 0 24 4 2 19 15 17 23 14 14 6 12 6 26 21 9 12 22 12 26
3 22 2 12 0 0 26 15 20 12 14 17 15 16 21 16 15 0 23 17 3 23 21 22 14 0 13 23 17 23 18 4 7 14 20 25
3 24 23 1 26 7 0 5 20 0 12 22 14 11 21 4 14 13 0 23 22 7 1 15 14 18 7 21 12 16 0 18 5 17 6 4
3 11 26 11 20 6 9 7 9 5 25 0 19 19 20 11 21 11 4 0 9 12 26 14 21 0 25 3 3 21 5 6 10 7 4 5
3 11 13 23 12 24 11 6 19 11 1 20 12 7 6 20 4 4 4 20 0 0 7 5 26 11 7 19 11 21 4 16 18 16 11 18
3 25 14 12 24 15 24 24 14 20 22 9 4 6 12 12 16 10 14 10 16 0 13 25 1 4 15 26 11 6 25 1 24 10 12 2
3 14 25 6 3 20 22 16 24 11 23 14 16 14 9 5 19 5 19 21 1 4 0 0 15 12 6 20 8 18 14 25 22 7 7 8
3 2 21 14 20 7 12 15 2 24 11 1 17 24 0 8 0 5 1 9 26 8 23 0 10 13 9 8 23 26 23 14 26 21 0 21
3 2 20 4 10 0 10 9 22 5 2 15 25 13 9 24 0 10 13 13 14 1 5 24 0 15 6 24 14 17 13 19 5 5 13 23
3 26 17 16 4 0 25 17 26 5 16 1 14 23 8 13 22 18 0 26 0 26 26 15 10 0 1 16 20 22 14 14 16 12 16 7
3 2 13 8 25 15 22 2 22 11 23 16 23 14 15 5 12 12 4 1 7 15 0 21 1 17 0 11 13 15 18 18 11 20 22 16
3 8 5 1 25 17 11 17 25 12 8 4 13 17 18 11 3 0 25 9 7 9 17 12 17 24 25 0 23 20 22 11 11 2 15 10
3 10 21 22 22 11 9 20 19 0 11 6 24 1 22 21 26 20 21 15 5 0 21 21 7 9 16 24 0 12 11 22 14 3 26 21
3 8 10 13 14 14 8 26 10 23 24 2 12 3 22 4 10 4 0 14 16 19 3 22 9 1 7 21 11 0 26 24 23 11 21 2
3 14 6 4 26 20 8 12 2 6 14 24 1 1 23 21 24 7 1 26 13 13 23 4 10 22 8 2 15 14 0 26 15 13 1 16
3 15 11 2 23 26 13 13 21 18 0 3 22 10 14 22 2 13 10 23 12 18 13 17 20 12 3 13 20 19 7 0 13 16 26 3
3 5 5 23 24 6 17 8 10 18 1 7 9 5 9 8 4 23 8 19 1 19 12 12 21 11 23 20 18 16 2 2 0 6 3 20
3 5 7 23 11 6 5 4 3 12 23 5 17 22 7 6 1 7 5 9 17 11 20 6 22 18 13 21 5 13 24 14 21 0 17 25
3 17 25 17 7 19 11 1 22 6 14 4 15 1 3 25 20 14 10 17 16 4 13 0 24 24 4 26 0 6 12 4 7 23 0 8
3 8 0 8 6 21 5 5 1 1 14 6 1 5 8 21 22 12 25 0 4 13 20 5 7 26 22 9 1 18 2 19 2 15 18 0
4 0 2 0 8 8 10 13 21 19 15 6 10 18 12 1 5 0 10 9 0 5 1 5 12 13 1 5 0 21 16 4 20 10 14 17
4 14 0 19 20 14 16 7 11 2 9 3 13 16 5 3 16 1 4 21 0 11 3 11 20 14 6 14 1 1 17 14 17 8 1 5
4 14 10 0 14 3 16 20 9 6 3 12 8 3 4 3 16 21 11 14 14 12 10 15 9 17 3 19 19 4 16 11 1 4 19 11
4 7 9 7 0 7 13 2 2 0 7 20 12 13 14 17 9 15 18 9 20 18 3 6 7 2 17 15 8 8 0 19 1 17 9 1
4 13 14 13 2 0 3 4 20 6 7 14 6 11 8 17 4 0 12 11 3 7 9 2 13 13 3 2 11 12 14 18 10 13 18 4
4 7 1 1 11 19 0 18 2 18 4 20 11 5 20 18 14 21 21 9 9 5 2 19 9 15 2 5 11 2 4 16 14 5 3 7
4 6 0 21 15 8 15 0 14 2 21 15 7 10 0 4 11 12 0 20 15 11 2 1 17 1 19 16 9 2 18 12 21 0 14 20
4 0 14 1 0 19 12 21 0 21 2 9 7 7 20 4 1 10 3 10 10 6 0 21 6 15 16 3 1 8 16 20 7 12 17 3
4 5 14 5 11 5 9 20 2 0 9 13 10 5 6 10 12 1 20 8 14 1 2 20 13 6 21 7 15 14 12 8 4 10 5 2
4 1 16 14 3 20 16 21 16 14 0 18 0 0 2 0 19 8 8 15 3 12 12 18 1 15 3 20 11 20 8 16 14 7 3 11
4 20 0 4 4 10 20 20 13 3 3 0 19 1 8 19 10 8 6 21 1 7 21 0 7 6 14 18 6 13 16 9 15 1 2 12
4 1 1 9 16 18 12 6 18 13 1 9 0 16 18 0 8 6 13 7 19 16 9 12 6 6 16 3 0 2 6 13 9 0 19 3
4 12 18 8 12 6 17 15 19 9 11 11 14 0 13 20 8 7 11 0 1 10 19 20 3 18 8 13 3 2 15 11 12 21 12 11
4 9 14 10 8 7 18 1 5 11 19 0 1 7 0 20 2 7 5 14 19 15 11 7 1 6 11 19 14 1 4 21 4 13 20 10
4 19 16 14 6 16 8 14 4 4 20 14 5 0 0 0 11 16 15 14 19 4 10 18 8 20 11 4 4 4 12 8 12 11 15 11
4 13 10 2 19 21 12 9 16 10 10 3 5 1 1 5 0 14 5 18 8 1 0 2 2 6 0 13 20 1 12 2 1 12 16 4
4 3 11 9 5 16 4 16 0 14 14 2 3 13 6 9 16 0 12 2 14 7 6 13 3 5 5 20 19 16 18 9 17 5 1 18
4 4 2 2 2 18 2 1 9 17 15 0 14 21 5 16 10 9 0 4 8 8 9 9 20 5 19 20 14 21 15 5 1 18 8 15
4 15 9 17 21 6 7 19 17 15 14 18 9 2 16 3 20 1 19 0 0 21 2 10 10 8 12 21 8 5 13 5 0 15 13 5
4 13 13 18 14 19 2 20 3 1 0 6 18 13 7 13 9 3 20 5 0 18 6 11 16 12 19 18 3 15 9 7 9 19 8 17
4 5 19 20 8 0 13 5 2 10 7 7 12 6 5 11 16 16 17 13 10 0 2 4 20 4 18 1 5 14 12 18 1 7 3 4
4 15 8 19 20 7 2 20 8 6 8 17 21 0 5 9 13 9 9 17 6 17 0 18 4 15 18 9 1 13 1 20 6 17 17 8
4 19 9 10 5 15 20 12 1 19 20 3 16 12 11 4 4 2 20 18 19 19 21 0 17 6 18 17 11 7 16 18 16 21 10 8
4 13 20 18 6 18 4 0 5 3 5 11 13 18 12 1 12 11 15 15 7 16 8 0 0 17 8 8 14 1 12 3 15 13 3 13
4 7 21 12 7 5 17 15 15 8 10 9 7 5 12 4 6 18 16 15 11 6 21 4 18 0 15 3 20 2 7 0 13 11 11 12
4 16 8 7 12 9 9 15 14 8 0 17 7 7 4 12 14 3 18 7 20 11 17 4 7 14 0 17 1 6 14 13 11 2 7 15
4 15 18 20 20 12 19 12 8 0 21 2 16 0 20 13 20 16 5 10 14 20 10 4 11 11 14 0 16 1 19 19 10 21 8 6
4 17 1 9 15 4 18 15 17 7 18 11 9 16 5 15 7 2 7 14 0 19 1 11 11 2 21 19 0 13 12 8 1 3 3 21
4 8 16 17 1 14 10 16 0 0 6 18 2 17 20 3 0 13 13 10 1 2 8 5 8 5 19 3 7 0 2 21 9 14 12 2
4 17 8 21 11 16 1 18 0 21 6 7 7 17 3 10 18 3 0 15 4 12 18 18 14 14 11 7 7 14 0 2 0 4 15 12
4 6 17 11 13 21 15 20 15 15 18 7 17 7 21 18 11 3 0 20 14 3 16 19 8 4 5 4 1 2 12 0 15 15 0 16
4 18 15 3 12 0 8 10 0 0 2 19 18 5 15 1 20 11 17 8 8 2 18 3 6 15 6 9 6 1 3 6 0 16 11 16
4 20 1 4 3 10 14 1 20 11 0 14 4 20 16 9 1 8 6 7 15 17 0 5 9 12 5 1 10 3 11 19 6 0 12 1
4 7 1 5 3 6 2 5 20 0 2 10 7 2 16 2 6 6 19 5 5 1 8 17 21 4 3 8 14 17 19 3 2 14 0 11
4 19 2 10 16 21 19 5 15 17 0 10 12 5 13 16 8 15 5 0 5 6 3 6 17 3 20 0 15 10 13 13 19 16 3 0
5 0 23 8 15 8 13 2 11 13 15 18 14 24 5 14 0 5 21 20 21 12 13 20 5 1 24 4 25 16 5 6 14 20 11 8
5 22 0 0 5 1 5 14 1 2 20 6 3 17 5 7 16 1 21 3 10 17 10 23 5 4 6 16 5 4 7 10 3 21 10 13
5 3 12 0 11 8 6 0 3 9 15 21 1 21 17 7 16 24 19 25 11 7 17 16 22 13 8 1 23 18 1 11 3 25 24 22
5 1 22 4 0 11 22 18 14 23 24 24 19 24 4 13 12 19 11 5 12 4 21 19 24 20 17 16 14 2 4 7 23 7 12 17
5 15 8 8 18 0 6 12 11 4 1 1 15 24 23 22 9 19 6 19 10 14 16 12 6 20 2 11 14 8 4 22 11 2 14 25
5 14 7 9 10 3 0 16 9 12 19 11 16 19 23 23 6 16 18 6 11 2 10 3 14 2 12 23 22 8 6 24 4 20 14 18
5 21 12 9 13 20 1 0 7 20 17 2 14 20 14 0 23 16 10 22 19 16 8 7 22 9 25 14 0 3 21 13 4 21 9 10
5 11 18 3 7 4 1 13 0 25 18 6 18 2 24 18 8 4 25 13 0 2 7 24 2 14 22 16 10 7 7 18 0 17 17 7
5 4 22 2 3 11 2 17 12 0 21 9 3 1 0 4 2 11 23 16 1 9 12 19 7 6 10 6 13 5 2 8 21 22 5 6
5 1 10 8 2 25 16 4 8 8 0 15 7 3 14 18 11 12 4 23 4 11 13 22 11 12 9 12 11 5 17 10 18 3 7 12
5 15 24 12 4 17 1 15 19 7 6 0 21 2 5 0 11 13 14 17 8 24 11 16 0 12 23 9 2 19 8 4 22 21 7 3
5 10 18 24 20 16 4 6 2 4 17 4 0 13 2 0 11 23 24 5 14 14 20 2 18 4 10 2 13 19 21 14 12 13 24 25
5 6 3 23 4 18 5 12 5 6 1 24 23 0 4 1 17 20 13 0 20 20 24 2 2 15 5 0 18 23 9 0 10 8 11 24
5 11 22 3 24 5 23 20 3 20 10 23 21 1 0 22 0 18 19 3 10 19 22 16 0 17 1 22 18 15 21 19 15 1 19 23
5 17 22 15 5 15 17 18 6 21 8 10 13 22 14 0 2 21 16 9 2 4 12 21 11 3 13 9 1 22 8 7 7 20 2 13
5 14 8 14 17 8 2 23 24 0 1 14 15 15 17 13 0 0 18 15 20 3 22 17 4 14 11 4 16 15 11 5 23 4 20 3
5 11 1 8 6 19 15 11 0 23 21 13 5 6 20 1 6 0 0 10 13 22 21 25 10 1 0 23 12 4 8 9 13 19 21 13
5 3 18 0 11 20 22 7 17 10 1 18 1 11 3 17 12 17 0 16 18 13 1 0 24 13 15 8 16 9 4 16 9 11 20 22
5 12 7 0 18 10 13 11 3 25 10 11 4 9 13 7 21 6 1 0 1 22 17 7 1 1 18 23 11 12 10 2 12 21 9 5
5 12 17 18 24 15 14 8 14 19 16 16 20 24 21 17 25 14 23 1 0 10 9 3 15 6 12 2 9 4 2 0 19 21 20 22
5 11 15 24 7 11 20 7 1 3 4 18 20 23 11 10 3 3 6 8 8 0 8 15 2 15 9 21 8 1 9 3 13 5 12 23
5 19 20 1 17 0 18 7 14 14 2 15 18 4 15 20 15 8 11 23 7 23 0 4 12 0 20 19 1 11 0 19 19 10 6 25
5 16 10 2 2 9 1 16 24 8 2 14 24 20 24 14 18 20 10 16 7 1 0 0 21 0 17 10 6 10 10 21 5 11 20 0
5 10 0 20 4 6 9 1 5 24 16 10 9 10 13 2 23 3 8 5 8 14 1 22 0 9 24 21 16 9 13 10 24 19 1 7
5 1 17 1 4 10 9 14 0 14 0 9 3 4 5 1 4 17 20 1 24 0 24 4 20 0 23 0 11 10 15 12 6 16 7 20
5 7 20 8 13 19 15 8 6 17 3 20 0 15 12 14 1 7 7 4 2 13 10 21 10 2 0 4 23 9 0 21 3 12 13 25
5 7 12 5 20 5 18 14 20 20 9 14 14 25 24 12 5 1 21 12 21 18 18 13 14 1 14 0 10 24 11 12 9 14 16 2
5 20 21 12 23 15 18 21 1 7 16 12 13 8 3 15 2 11 21 6 9 19 22 9 17 13 15 4 0 21 15 17 11 16 24 21
5 3 19 7 11 21 7 13 5 11 22 9 7 7 11 10 15 21 3 8 10 9 16 13 13 22 18 10 11 0 5 7 9 23 1 23
5 1 3 22 6 12 18 24 16 19 7 22 21 24 2 12 1 23 5 19 18 24 2 4 14 1 23 22 25 21 0 4 18 20 23 22
5 17 14 14 19 17 14 21 9 5 9 17 6 22 21 2 9 25 13 10 9 7 2 16 13 23 3 17 17 25 21 0 21 14 0 12
5 4 10 7 23 5 18 5 23 20 8 12 6 15 17 8 24 5 23 2 13 9 2 16 7 14 10 3 11 11 23 13 0 24 3 5
5 14 15 15 5 6 0 20 3 2 10 6 14 19 16 7 13 21 14 19 22 18 4 9 12 23 2 12 8 17 25 19 11 0 2 11
5 3 16 10 22 17 5 13 14 1 3 6 16 21 22 9 6 16 14 19 6 22 6 2 11 19 22 3 14 14 0 6 0 4 0 3
5 16 13 1 4 12 2 24 4 11 11 15 20 10 23 13 0 6 5 12 14 17 18 4 12 16 21 0 15 8 5 22 18 14 2 0
<end>