<number of tasks>
35
<number of stations>
4
<type of the robots>
4
<limit of the robots>
1 1
2 1
3 1
4 1
<task times>
1 60 45 64 53
2 85 52 100 135
3 114 32 84 99
4 43 48 43 93
5 99 53 66 62
6 54 52 77 131
7 49 38 88 43
8 64 51 75 69
9 83 40 86 98
10 45 37 122 70
11 37 22 30 61
12 46 48 51 45
13 52 41 61 81
14 80 33 45 57
15 59 35 42 68
16 82 41 95 82
17 43 32 119 75
18 43 32 66 84
19 40 39 60 80
20 54 43 114 67
21 48 28 45 64
22 32 37 42 69
23 74 39 59 41
24 48 35 46 54
25 53 35 106 66
26 56 34 77 54
27 36 33 45 65
28 59 40 46 58
29 62 57 96 79
30 120 37 55 68
31 47 35 46 64
32 35 27 34 55
33 68 35 81 66
34 50 30 93 64
35 115 45 73 70
<precedence relations>
1,2
1,5
1,7
1,10
1,12
2,3
3,4
4,11
5,6
6,7
6,8
7,14
7,18
8,9
9,13
10,14
11,28
11,33
12,18
13,28
13,33
14,15
15,16
16,21
17,20
18,19
19,20
20,21
21,22
21,25
21,30
21,32
22,23
23,24
24,27
25,26
26,27
27,28
27,33
27,34
28,29
30,31
31,32
32,33
33,35
<setup time between tasks by robots>
1 0 17 4 4 4 1 5 17 3 23 9 11 13 18 4 5 18 15 7 6 0 13 19 4 0 12 11 5 9 18 2 16 19 19 11
1 15 0 21 4 18 5 7 22 21 17 13 23 12 18 22 21 8 5 12 1 18 13 12 17 9 7 7 4 22 6 10 23 15 22 13
1 23 12 0 7 3 6 10 4 5 20 18 0 11 14 2 3 22 6 12 8 0 8 4 18 16 5 5 0 12 7 0 16 14 6 6
1 10 17 21 0 5 13 18 23 22 11 20 8 1 1 20 23 21 18 13 22 17 23 10 0 7 16 2 4 6 11 4 5 21 14 9
1 3 9 22 8 0 5 21 3 10 6 9 10 16 21 10 13 2 22 3 18 0 18 20 1 17 22 11 9 7 0 23 5 7 5 8
1 3 14 0 12 12 0 9 4 22 11 10 19 17 22 23 23 10 7 11 9 6 20 3 19 5 9 10 10 11 22 2 19 15 20 7
1 16 16 13 23 7 14 0 1 17 6 18 3 9 15 0 15 22 23 0 3 6 18 8 9 8 5 8 1 18 12 3 1 19 8 0
1 22 18 23 2 18 18 18 0 19 1 19 15 10 21 4 6 12 22 17 16 18 0 0 7 17 5 23 3 21 19 15 14 10 13 2
1 11 20 3 1 23 2 17 21 0 7 23 13 4 17 9 9 12 19 7 19 1 5 12 8 17 10 4 17 3 9 20 21 6 13 8
1 10 14 15 22 16 2 12 5 7 0 2 4 15 4 0 14 14 21 0 13 18 7 9 19 8 8 18 17 19 9 5 9 5 18 15
1 1 18 8 8 10 10 0 17 4 4 0 3 12 13 19 0 12 16 22 5 11 14 3 23 11 10 10 11 22 11 5 19 23 15 0
1 0 21 9 16 12 19 20 9 0 5 6 0 21 16 11 1 9 9 15 21 13 13 21 13 9 7 23 5 8 23 3 17 4 8 3
1 20 18 7 16 11 21 13 2 7 22 6 0 0 18 0 19 12 7 12 5 12 13 12 1 6 23 4 13 4 2 5 11 3 10 3
1 5 21 16 1 19 21 20 18 18 17 4 3 21 0 17 6 3 11 6 13 7 17 11 2 10 6 9 22 18 10 22 5 0 5 22
1 6 6 16 23 17 2 4 22 8 1 1 15 6 5 0 3 17 19 4 21 4 7 21 10 23 19 19 12 21 22 15 13 12 19 10
1 13 10 4 6 3 18 15 6 15 8 0 4 15 9 8 0 7 0 13 21 17 3 9 22 20 3 5 13 5 16 22 8 4 14 17
1 22 12 7 23 7 14 12 7 19 10 6 14 17 0 16 4 0 0 12 8 14 3 15 10 1 2 12 12 9 11 8 19 0 21 0
1 12 0 9 15 2 0 3 1 1 22 22 8 17 22 15 5 0 0 19 13 11 1 9 17 11 17 13 18 15 2 23 4 18 0 17
1 13 5 11 23 1 0 4 15 7 8 17 6 6 4 1 18 10 7 0 14 4 12 1 13 14 16 5 20 10 15 9 10 1 23 8
1 0 8 10 1 20 17 1 14 16 8 6 2 3 22 5 20 4 3 18 0 21 19 19 22 7 9 13 22 13 12 15 19 19 13 7
1 0 11 6 2 0 14 2 17 4 12 12 23 14 6 3 21 12 12 4 21 0 6 18 1 0 19 9 7 18 18 15 0 23 9 18
1 17 16 15 8 22 19 0 0 5 12 0 9 15 12 3 7 13 3 17 8 0 0 4 9 17 3 22 15 3 19 5 5 8 6 6
1 6 7 16 18 4 14 20 2 8 14 20 18 9 7 17 21 12 22 16 16 8 11 0 0 8 13 4 20 1 9 13 16 14 1 16
1 4 16 5 17 13 22 12 23 3 7 2 3 10 13 0 14 15 1 21 8 3 1 7 0 3 2 16 23 10 15 13 12 23 11 20
1 15 19 11 19 6 7 10 22 0 1 11 6 12 15 23 0 4 7 1 2 20 7 11 0 0 16 9 0 19 14 19 19 17 10 10
1 9 13 19 11 17 0 22 4 19 21 18 18 3 10 4 5 16 21 22 19 4 6 19 8 10 0 18 10 2 23 4 13 4 11 7
1 8 21 22 1 13 18 13 9 0 10 3 7 2 22 4 4 8 23 6 6 4 1 22 23 11 14 0 10 16 23 10 1 18 11 8
1 22 22 23 23 14 10 2 18 15 7 0 3 3 2 17 1 7 3 23 0 19 13 23 6 4 2 22 0 18 4 0 4 9 15 22
1 9 16 23 17 7 5 3 23 14 16 7 16 2 14 17 20 15 7 17 10 19 2 1 15 4 0 9 19 0 3 23 17 15 11 12
1 23 9 21 22 5 9 0 0 23 3 15 8 1 4 17 21 10 9 19 11 22 16 7 17 7 7 15 4 10 0 11 1 2 19 13
1 13 9 2 11 5 8 17 18 22 2 11 6 5 20 1 6 8 10 19 6 18 23 18 3 0 3 10 17 9 22 0 15 9 7 1
1 16 7 3 8 17 16 4 22 6 18 9 0 19 1 2 2 16 9 16 9 7 10 8 15 21 2 2 6 23 11 8 0 5 11 20
1 12 21 15 16 18 2 0 12 19 23 23 0 9 1 22 6 6 18 19 11 2 1 19 10 4 19 23 22 9 4 2 17 0 7 14
1 19 17 16 3 21 15 4 0 10 18 8 18 8 10 11 9 0 4 13 6 4 20 3 4 15 10 20 20 14 20 22 16 20 0 0
1 6 10 18 12 10 5 16 3 12 11 15 20 17 13 3 16 10 20 17 4 1 2 4 7 22 23 1 7 21 10 19 1 8 22 0
2 0 0 13 4 4 2 4 15 1 2 16 2 0 6 2 15 2 2 12 11 0 13 5 1 3 7 8 10 4 7 13 15 3 10 2
2 4 0 4 9 2 8 4 14 10 0 11 7 9 4 6 3 8 7 13 5 10 3 14 6 8 6 6 2 10 3 2 7 3 10 16
2 6 2 0 13 7 13 4 6 7 15 10 10 9 1 11 1 10 3 10 4 2 3 12 13 9 7 9 13 4 6 13 14 0 14 5
2 9 3 12 0 1 5 3 2 12 8 7 6 13 0 9 6 1 1 15 11 10 11 4 1 14 15 8 10 1 11 8 6 0 11 0
2 2 9 13 2 0 14 3 14 11 11 3 6 4 7 11 8 4 5 11 6 12 3 0 10 2 8 15 8 16 6 11 7 14 3 0
2 4 4 16 12 14 0 8 13 6 1 12 13 10 9 3 7 10 5 5 8 6 7 15 1 14 5 4 9 10 15 6 4 13 13 3
2 9 3 9 6 7 15 0 16 9 4 8 14 4 3 11 8 15 2 10 15 12 13 3 14 8 8 15 13 14 3 12 10 13 12 13
2 15 7 11 11 0 1 10 0 8 5 0 10 3 1 5 5 13 11 9 14 4 11 8 10 3 1 7 0 15 1 6 2 9 5 9
2 3 13 6 16 10 5 8 3 0 15 15 6 16 4 0 6 12 8 2 7 13 1 14 1 12 5 2 3 13 14 14 8 12 1 3
2 10 3 8 8 10 8 8 10 9 0 5 6 6 16 13 15 11 1 6 6 14 3 3 9 11 6 8 16 13 12 6 12 4 3 12
2 10 3 11 15 10 9 0 14 0 6 0 8 13 13 0 15 14 11 14 4 4 0 8 5 1 10 14 5 13 5 1 5 5 5 14
2 13 16 5 9 13 7 6 16 2 9 4 0 12 13 1 4 11 7 3 15 16 9 6 0 12 12 6 1 16 11 9 15 3 11 4
2 11 12 3 4 8 13 6 8 14 10 6 1 0 9 5 6 6 2 12 15 4 11 16 10 13 3 3 14 6 2 2 1 8 3 7
2 4 9 8 3 12 5 5 13 0 0 7 2 4 0 3 4 0 9 10 10 2 5 15 16 8 14 0 0 11 0 9 5 0 13 4
2 0 0 3 3 9 15 12 4 13 3 7 2 16 7 0 5 3 8 4 10 2 1 9 7 7 11 14 6 8 11 7 16 4 6 15
2 13 2 5 0 10 9 15 8 7 3 5 1 11 3 15 0 9 10 12 16 4 4 6 1 1 4 5 8 11 2 2 0 12 2 11
2 5 2 15 9 12 5 2 2 7 2 16 7 11 6 10 4 0 6 3 14 0 8 14 0 15 12 5 2 0 2 4 14 6 1 5
2 12 13 14 2 15 14 11 14 6 16 2 16 7 2 8 0 7 0 2 10 12 10 16 5 6 3 1 11 12 9 13 2 2 2 4
2 12 8 1 5 0 9 13 13 15 11 15 14 16 10 3 8 7 15 0 1 14 10 7 0 15 8 2 11 9 14 14 7 10 10 14
2 10 10 3 4 15 14 7 13 5 2 7 4 1 0 2 7 5 14 16 0 9 5 15 4 13 14 4 12 1 4 15 14 8 15 6
2 3 2 15 6 16 13 4 4 13 6 0 14 15 12 6 15 10 0 2 15 0 5 2 4 3 8 11 10 7 3 13 14 1 8 1
2 15 10 0 4 8 4 4 7 12 1 3 5 12 14 3 8 10 3 2 14 14 0 11 12 0 1 6 14 15 10 12 8 11 0 0
2 6 4 6 3 14 2 8 9 11 2 14 8 2 0 1 6 13 8 13 12 7 3 0 3 7 7 8 7 1 6 1 13 0 10 7
2 16 10 10 1 13 7 2 6 0 5 8 2 7 5 12 13 15 13 10 4 2 11 10 0 4 13 1 10 3 15 14 9 15 10 8
2 5 3 1 13 2 13 15 14 7 6 1 11 3 15 12 5 14 4 11 4 2 14 9 8 0 10 3 2 15 4 1 14 3 4 12
2 4 5 15 10 4 15 7 15 15 7 7 12 14 5 10 4 11 9 6 5 3 14 8 6 0 0 7 10 8 7 12 2 5 16 2
2 8 15 14 8 3 15 4 7 2 1 9 6 9 5 5 7 4 6 8 7 8 4 7 9 14 4 0 14 9 2 6 2 3 7 2
2 13 6 10 7 10 1 6 0 5 7 11 6 4 4 8 10 5 1 3 13 14 11 10 6 9 1 3 0 15 1 5 14 11 4 11
2 12 2 3 15 4 5 13 7 5 7 1 10 6 15 15 2 12 2 8 12 0 0 3 3 14 9 5 6 0 7 11 9 0 10 11
2 2 4 14 3 9 10 12 8 5 10 1 10 1 5 4 13 0 12 2 1 9 7 5 8 10 4 15 7 15 0 10 11 9 8 10
2 9 15 7 11 5 12 9 6 11 14 14 4 11 9 7 7 9 4 11 12 10 2 4 8 12 13 14 4 10 2 0 6 9 14 9
2 5 0 12 14 2 7 4 4 8 2 13 0 0 15 8 14 12 14 14 8 2 9 5 8 5 5 12 13 6 15 10 0 5 14 0
2 16 7 10 16 14 14 6 1 10 0 9 14 13 3 5 13 10 9 1 6 8 8 14 2 9 10 3 12 3 1 13 16 0 7 11
2 1 1 11 8 2 3 10 13 6 10 9 5 12 10 8 14 8 5 4 5 0 12 2 11 0 14 10 8 2 13 1 13 0 0 8
2 4 7 4 13 15 1 1 4 12 3 5 10 13 4 7 11 13 4 1 3 3 13 11 4 12 6 14 2 6 10 12 12 15 12 0
3 0 21 15 19 18 0 7 21 17 15 7 12 13 18 18 16 14 18 10 15 7 15 13 2 7 15 0 1 11 22 5 1 14 0 0
3 12 0 1 20 17 22 17 9 2 8 13 2 14 17 1 20 8 22 12 16 3 13 13 6 15 17 12 14 9 16 18 1 20 6 21
3 2 0 0 21 12 14 4 20 5 12 2 17 11 3 14 6 9 2 6 18 12 2 20 7 10 17 5 11 19 11 6 10 10 19 17
3 17 20 11 0 0 19 16 18 6 13 21 8 10 17 8 4 0 13 19 15 19 2 5 7 19 13 22 20 20 7 6 0 11 16 15
3 14 9 9 15 0 12 20 17 5 15 11 13 5 6 18 6 18 0 1 9 19 6 17 8 7 11 5 4 4 13 10 13 20 4 22
3 5 14 12 20 19 0 6 8 5 3 19 4 16 9 17 22 3 13 19 2 7 1 2 7 15 21 12 0 17 12 1 9 16 17 5
3 0 10 14 20 3 10 0 10 14 2 1 20 1 2 3 11 19 13 5 12 6 16 14 21 13 9 8 18 20 21 16 10 17 3 14
3 19 18 7 17 18 20 17 0 6 4 10 1 5 9 5 7 18 6 20 12 9 13 14 12 10 10 7 14 2 13 0 17 12 17 22
3 21 6 13 2 5 14 8 21 0 1 13 17 19 14 15 18 2 17 17 14 22 18 5 16 17 4 15 14 11 7 8 6 18 5 3
3 3 17 0 3 16 11 11 15 15 0 0 21 6 5 1 10 8 11 3 18 18 10 1 22 8 15 6 21 21 19 5 15 6 3 1
3 22 7 12 10 17 9 10 6 6 20 0 0 1 2 13 17 17 7 9 19 15 18 0 8 1 8 8 14 9 1 3 17 10 5 14
3 2 19 2 6 9 4 14 13 7 11 5 0 19 9 3 18 18 21 5 5 13 19 3 3 12 21 10 8 14 13 5 12 11 1 16
3 3 20 14 1 10 15 15 8 5 1 8 19 0 18 10 11 5 2 5 13 13 7 14 5 15 14 7 15 18 12 9 14 21 7 10
3 0 16 15 3 7 14 3 8 14 12 17 13 18 0 9 4 20 10 1 4 17 0 9 4 4 0 9 20 14 20 9 6 12 16 3
3 14 13 21 4 6 19 7 4 17 3 7 10 3 0 0 20 3 14 20 14 9 6 21 15 18 14 18 4 5 12 7 20 10 13 7
3 9 2 16 6 20 3 13 3 5 16 0 11 8 3 3 0 3 4 2 14 6 4 6 14 6 20 20 21 10 10 9 6 21 3 4
3 20 2 7 8 16 8 20 10 21 19 18 15 7 10 7 14 0 15 11 4 3 7 18 6 21 6 21 10 9 12 14 5 6 13 10
3 12 8 22 5 1 17 12 10 4 19 7 20 6 9 8 11 20 0 20 4 19 11 10 14 14 7 11 20 14 17 5 4 10 2 14
3 21 13 18 16 20 2 10 7 17 4 15 2 21 17 8 3 10 19 0 18 5 19 9 4 21 15 12 9 18 9 4 3 8 18 0
3 17 11 1 15 22 5 14 10 6 13 14 4 16 7 5 10 0 20 14 0 14 11 7 18 10 5 18 1 6 20 12 21 14 2 18
3 12 7 18 8 7 17 13 4 9 15 11 17 22 16 8 15 19 18 6 11 0 9 1 13 2 10 20 18 13 13 22 20 12 9 20
3 3 11 15 5 10 19 15 1 0 3 21 12 17 12 0 14 11 15 1 18 3 0 2 17 2 12 12 10 1 15 6 10 12 16 0
3 16 1 1 3 7 11 3 20 20 14 5 1 20 16 17 14 4 3 16 8 1 15 0 10 12 1 14 0 19 2 11 10 15 1 16
3 10 1 6 17 0 1 20 14 20 9 17 17 6 2 18 4 8 20 5 4 7 2 12 0 7 18 3 4 6 20 6 11 8 0 16
3 7 11 16 13 16 14 18 3 4 9 11 10 8 2 7 20 13 8 2 17 9 20 14 8 0 17 0 19 2 22 1 11 11 3 16
3 8 19 17 14 4 13 14 15 16 15 13 6 16 18 0 19 3 11 4 12 19 15 1 5 10 0 17 7 20 14 14 6 6 7 2
3 5 22 6 1 19 0 4 19 4 12 3 1 13 18 13 6 8 12 15 12 15 11 2 21 4 21 0 8 10 18 21 14 3 2 15
3 14 9 2 9 0 10 11 7 15 2 15 9 6 6 19 11 5 18 10 10 20 7 5 16 15 16 13 0 0 21 11 5 4 6 7
3 5 12 2 16 15 1 19 10 2 16 7 11 16 10 17 1 15 6 10 3 1 6 8 18 1 9 4 19 0 7 2 0 12 11 5
3 8 12 0 20 11 4 3 5 21 13 16 4 16 22 3 8 16 3 2 8 21 4 21 20 10 7 11 1 7 0 17 7 14 9 11
3 20 4 16 21 15 18 11 9 4 12 16 14 1 14 10 15 4 17 20 20 20 21 0 13 15 15 11 17 10 11 0 5 9 4 18
3 2 4 21 11 16 16 12 6 4 20 7 7 5 6 11 18 18 9 9 17 15 0 16 10 7 14 10 7 5 7 6 0 16 22 2
3 10 1 8 17 17 0 21 10 16 5 3 5 12 0 0 10 2 12 17 4 3 3 8 5 11 5 14 17 12 20 15 21 0 5 22
3 2 5 18 1 4 13 11 16 22 7 2 4 17 1 5 3 17 13 13 8 20 14 21 6 11 15 17 2 9 1 12 10 19 0 0
3 11 7 6 9 5 19 12 17 20 17 20 14 10 6 15 6 0 4 16 20 17 13 2 17 1 2 8 5 19 5 10 4 10 3 0
4 0 3 7 10 5 23 4 4 7 19 21 9 20 21 17 16 19 14 18 20 21 17 28 0 26 16 25 30 20 10 25 15 12 8 30
4 30 0 18 11 12 28 27 16 15 4 5 15 10 1 18 15 18 20 6 25 24 21 25 26 19 5 0 8 20 22 20 23 13 29 1
4 6 22 0 19 28 8 24 20 13 23 15 17 20 17 19 16 21 29 23 1 23 7 16 30 22 5 14 12 15 18 27 29 5 13 17
4 19 20 15 0 13 16 21 5 0 8 6 14 1 17 11 17 1 16 1 4 9 26 6 6 15 20 9 27 18 9 27 20 1 28 23
4 6 5 21 28 0 19 18 8 22 16 11 4 8 19 12 22 20 6 30 25 6 16 14 15 5 5 4 15 5 1 8 3 23 10 2
4 29 18 2 10 15 0 16 28 9 10 26 29 5 23 24 9 25 20 28 20 21 19 27 10 22 27 19 28 6 26 25 8 20 26 21
4 8 24 12 14 15 6 0 6 20 3 13 7 14 16 20 16 0 13 17 13 29 12 28 2 25 21 10 27 27 18 27 28 12 29 30
4 29 11 26 14 9 5 1 0 17 5 28 21 1 18 1 25 23 20 25 20 5 5 3 6 5 24 8 25 10 26 1 29 27 29 5
4 28 4 24 18 9 7 18 19 0 15 7 7 21 14 10 28 18 8 28 29 21 12 29 27 17 26 28 4 18 2 0 0 6 30 12
4 11 5 1 8 8 29 10 24 28 0 24 5 11 27 0 11 19 7 27 23 25 20 17 22 22 11 21 16 29 3 3 11 2 19 4
4 7 4 15 12 25 20 19 19 12 12 0 23 15 16 0 29 14 11 21 16 10 16 6 7 18 3 22 0 28 28 1 17 15 27 27
4 22 23 7 9 19 23 17 8 21 13 18 0 25 24 14 28 5 8 1 5 19 14 15 17 5 29 2 14 22 9 12 15 14 7 2
4 24 29 22 0 22 4 21 10 5 7 16 2 0 23 11 21 15 27 22 2 24 12 28 7 15 11 4 22 2 21 24 16 20 21 25
4 28 8 23 5 11 12 2 19 13 16 4 3 24 0 19 29 29 11 18 3 5 4 26 7 20 25 7 0 21 21 8 11 6 13 17
4 14 23 10 21 23 22 8 20 7 25 4 19 10 8 0 1 23 24 19 29 0 16 5 12 29 7 28 1 6 13 17 23 22 7 21
4 14 27 6 2 3 13 23 8 7 14 19 7 13 4 19 0 24 4 9 17 6 26 27 23 25 27 20 17 4 4 23 19 7 22 12
4 17 17 16 30 13 5 9 25 5 15 17 0 19 18 0 18 0 1 23 28 28 26 2 15 25 15 11 19 24 4 9 23 5 1 2
4 1 8 9 24 26 24 27 12 18 27 13 19 8 1 20 6 4 0 25 11 29 27 14 21 21 1 16 11 18 15 18 26 5 22 26
4 19 25 14 3 13 16 1 17 13 26 22 1 16 22 30 12 16 6 0 2 16 2 11 5 8 14 20 23 23 24 15 12 9 12 29
4 2 18 2 3 1 13 0 27 9 19 25 15 27 4 18 21 19 6 15 0 0 15 11 12 9 25 29 24 4 11 8 19 21 24 15
4 17 3 28 3 13 12 9 22 26 20 7 13 2 13 14 30 20 30 15 21 0 15 15 7 28 28 9 5 18 5 5 28 27 7 11
4 14 10 20 23 13 26 15 23 28 12 1 20 0 8 0 1 13 24 18 5 8 0 19 16 28 14 27 21 22 30 30 29 9 28 8
4 13 25 27 22 1 23 13 30 18 26 3 26 18 14 27 11 17 0 9 19 23 5 0 15 18 13 22 18 5 1 17 7 22 1 25
4 18 9 14 17 24 20 16 29 18 1 27 7 0 17 29 19 24 28 0 4 6 18 21 0 29 6 15 23 10 11 17 9 22 11 25
4 9 6 13 3 21 29 18 5 1 2 7 20 19 13 4 15 20 2 7 20 17 28 19 28 0 9 18 12 20 2 10 7 13 16 19
4 1 3 24 5 6 1 30 23 30 16 6 10 19 21 1 9 20 12 18 21 2 21 9 6 27 0 30 24 27 10 15 5 9 26 25
4 17 19 9 22 30 1 30 4 12 14 3 5 18 20 9 23 8 16 1 11 15 11 25 28 27 8 0 10 14 3 15 4 8 22 30
4 8 5 27 8 11 2 5 8 20 23 26 20 10 18 4 30 27 15 25 17 21 24 5 8 24 8 17 0 20 9 4 18 25 12 7
4 0 4 24 20 21 24 10 9 19 9 11 17 29 4 16 29 17 0 18 5 1 17 11 9 4 21 21 19 0 17 23 28 29 18 26
4 14 12 21 15 24 1 8 28 10 20 30 8 10 14 27 27 5 24 14 22 14 19 14 19 11 12 21 13 17 0 21 23 11 19 14
4 27 2 15 22 5 29 6 28 17 0 10 2 15 20 9 11 5 17 27 22 18 15 2 3 22 19 10 25 18 0 0 6 6 22 15
4 1 16 15 16 26 2 28 6 17 1 26 16 0 8 11 4 29 9 26 22 23 3 26 4 30 2 30 15 30 13 18 0 29 22 4
4 25 6 15 7 12 1 29 10 7 11 11 16 28 10 17 18 9 2 16 15 25 6 13 17 28 2 23 28 10 24 14 9 0 26 23
4 16 25 30 10 14 0 2 9 3 11 11 13 14 2 6 7 28 23 15 13 30 2 25 21 4 23 8 17 0 14 15 18 24 0 2
4 21 13 21 18 23 26 18 23 30 7 11 17 27 10 28 13 8 26 6 17 23 18 7 21 20 2 14 15 8 14 12 10 21 21 0
<end>