<number of tasks>
111
<number of stations>
9
<type of the robots>
9
<limit of the robots>
1 1
2 1
3 1
4 1
5 1
6 1
7 1
8 1
9 1
<task times>
1 76 159 47 60 100 95 89 137 50
2 38 52 111 40 59 90 61 86 63
3 46 98 38 45 50 67 51 103 37
4 74 71 40 92 66 115 52 58 37
5 64 44 96 69 47 77 56 95 39
6 41 128 99 43 52 143 111 75 97
7 59 62 66 81 53 91 82 66 43
8 39 99 91 37 65 55 86 77 35
9 21 76 40 29 40 72 39 87 26
10 35 52 68 84 68 66 98 97 38
11 31 83 63 47 91 110 62 83 78
12 30 86 53 36 55 56 61 83 36
13 66 50 55 49 87 57 84 74 61
14 36 50 38 86 47 126 47 50 45
15 35 68 89 35 41 50 78 120 61
16 21 33 28 29 49 77 48 54 31
17 33 120 45 38 103 88 64 58 67
18 39 53 64 64 94 55 85 101 27
19 33 54 110 63 78 61 70 121 67
20 67 118 47 49 66 63 62 73 99
21 71 69 80 70 107 68 98 64 55
22 39 58 117 53 60 145 77 75 42
23 86 146 52 88 94 152 62 90 105
24 76 132 85 71 60 96 62 63 103
25 52 48 41 52 43 89 35 38 53
26 51 64 49 64 66 64 67 124 73
27 26 31 38 63 32 40 40 51 21
28 19 34 25 43 31 63 64 97 29
29 52 52 106 98 65 177 106 66 73
30 33 59 64 45 54 70 87 64 46
31 46 54 47 67 44 101 53 52 65
32 35 122 88 46 60 72 75 53 33
33 48 58 50 61 63 53 43 96 31
34 64 92 75 55 74 79 72 79 48
35 63 55 90 50 53 85 59 57 57
36 52 63 68 68 78 58 94 72 47
37 78 65 67 43 53 82 88 100 35
38 52 57 54 83 54 116 55 99 45
39 44 111 83 53 50 61 103 164 62
40 28 58 58 32 46 82 62 72 38
41 28 100 85 85 49 56 63 47 37
42 27 44 61 59 115 52 57 50 43
43 64 55 86 54 80 103 106 65 44
44 28 43 69 60 50 59 49 68 78
45 29 63 55 74 61 95 82 53 55
46 32 53 30 49 65 41 81 78 61
47 42 51 39 36 55 119 53 49 49
48 46 78 37 58 36 57 56 52 32
49 59 80 53 44 41 60 87 125 45
50 34 33 33 61 41 38 39 74 20
51 46 65 87 86 112 120 137 127 32
52 36 94 65 79 82 69 151 89 34
53 48 55 51 29 34 39 76 55 56
54 50 37 29 27 32 44 41 45 42
55 48 62 83 37 75 64 57 91 39
56 41 71 32 29 45 76 58 96 38
57 31 77 103 54 42 82 91 74 60
58 30 51 37 46 49 44 35 64 31
59 37 60 59 54 49 65 121 59 32
60 43 52 99 36 56 54 71 71 63
61 38 57 47 42 145 63 79 61 91
62 73 58 44 43 106 65 51 67 34
63 53 54 42 35 81 119 48 65 27
64 36 64 60 56 52 74 116 133 56
65 31 47 69 56 46 62 86 125 50
66 42 52 87 58 47 87 55 98 52
67 48 86 90 43 77 65 62 99 70
68 56 45 52 26 45 61 62 47 36
69 43 92 62 34 57 124 64 46 51
70 31 49 103 44 49 63 67 138 30
71 62 47 40 50 98 157 127 124 79
72 41 62 44 51 43 144 131 74 63
73 45 74 88 58 80 68 71 149 67
74 70 93 85 48 101 142 62 161 39
75 35 43 38 37 38 51 108 45 31
76 80 99 60 49 111 81 71 50 42
77 57 92 89 122 68 98 150 139 36
78 32 92 76 34 43 48 57 95 40
79 20 33 69 66 57 68 34 51 21
80 35 130 106 61 91 87 82 68 73
81 28 50 48 50 38 48 60 66 50
82 24 73 33 49 43 53 34 53 27
83 25 100 59 51 48 71 55 47 35
84 21 33 54 28 39 63 73 85 60
85 25 75 39 49 59 116 44 43 49
86 23 39 30 36 34 64 45 89 33
87 30 82 31 63 39 82 48 49 23
88 24 53 57 39 34 56 46 65 32
89 35 36 33 74 39 58 76 53 50
90 40 97 54 46 107 152 69 140 62
91 37 64 84 42 126 67 60 173 102
92 42 54 52 74 68 96 88 84 57
93 20 29 33 67 84 53 45 50 44
94 33 46 90 36 34 78 51 61 39
95 50 36 33 59 87 48 47 37 25
96 34 36 36 30 49 50 46 88 37
97 67 52 54 104 97 169 54 74 39
98 85 59 82 48 59 76 135 111 42
99 29 45 104 39 50 77 51 75 32
100 72 44 76 50 65 102 61 105 34
101 75 69 57 109 67 76 72 96 70
102 27 33 76 32 50 88 56 54 49
103 73 54 84 47 65 142 77 85 47
104 45 67 56 50 65 169 74 111 57
105 54 39 41 32 73 51 49 52 63
106 24 43 38 78 40 119 56 43 31
107 38 60 66 44 135 112 59 113 48
108 47 75 108 52 136 83 73 56 37
109 42 90 39 40 100 67 46 93 36
110 32 55 40 38 91 87 63 67 33
111 33 75 35 66 64 50 106 70 43
<precedence relations>
1,2
2,3
3,4
4,5
4,6
4,7
4,8
4,9
4,10
5,39
6,39
7,83
8,71
9,32
10,11
10,12
11,13
11,14
11,15
11,16
11,17
11,18
11,19
11,20
11,21
12,13
12,14
12,15
12,16
12,17
12,18
12,19
12,20
12,21
13,71
14,22
14,23
14,24
14,25
15,26
16,27
17,28
18,29
19,30
20,91
21,111
22,31
22,83
23,32
23,33
24,69
24,70
25,34
26,82
27,35
28,36
29,37
30,38
31,39
32,41
33,111
34,42
35,43
36,44
36,91
37,45
37,91
38,46
38,91
39,40
40,111
41,69
41,70
42,47
43,48
43,49
44,50
45,51
46,52
47,54
47,55
47,56
47,57
47,58
47,59
47,60
48,53
49,91
50,111
51,111
52,111
53,111
54,69
54,70
55,61
55,62
55,63
56,63
56,64
57,65
57,91
58,66
58,91
59,67
59,91
60,68
60,91
61,69
61,70
62,71
63,111
64,72
65,111
66,111
67,111
68,111
69,77
69,78
70,73
71,91
72,74
73,75
74,76
75,77
75,78
75,79
76,80
76,81
76,82
77,83
78,84
79,85
80,86
80,91
81,87
81,91
82,111
83,91
84,88
84,89
84,91
85,111
86,111
87,90
88,105
89,105
90,111
91,92
91,93
91,94
92,95
93,95
94,95
95,96
95,97
95,98
95,99
95,100
95,104
96,101
97,102
98,103
99,111
100,111
101,105
102,106
102,107
103,107
103,108
104,111
105,111
106,109
107,111
108,110
109,111
110,111
<end>