<number of tasks>
25
<number of stations>
4
<type of the robots>
4
<limit of the robots>
1 1
2 1
3 1
4 1
<task times>
1 85 42 38 81
2 47 74 48 43
3 87 107 63 53
4 50 55 57 41
5 60 58 39 38
6 70 47 49 74
7 44 47 33 37
8 113 47 84 39
9 68 35 43 32
10 81 131 73 63
11 124 70 47 52
12 51 90 32 36
13 117 89 44 45
14 34 71 42 67
15 65 79 36 84
16 109 115 60 103
17 59 36 31 35
18 82 61 50 54
19 39 84 65 53
20 66 150 52 69
21 49 36 36 44
22 46 63 32 43
23 71 70 58 57
24 54 48 24 52
25 77 62 63 90
<precedence relations>
1,3
2,3
3,4
4,5
4,8
5,6
6,7
6,10
7,11
7,12
8,9
8,11
9,10
9,13
11,13
12,15
13,14
14,16
14,19
14,20
15,17
15,22
16,18
17,18
17,23
18,25
19,22
20,21
20,25
21,22
21,24
23,25
<end>