<number of tasks>
25
<number of stations>
3
<type of the robots>
3
<limit of the robots>
1 1
2 1
3 1
<task times>
1 55 67 73
2 48 56 75
3 75 93 97
4 36 53 38
5 40 54 44
6 111 45 41
7 47 44 49
8 157 133 86
9 149 58 97
10 81 56 68
11 62 53 46
12 36 38 46
13 112 67 66
14 68 49 40
15 76 60 89
16 64 68 130
17 50 85 80
18 51 76 109
19 66 77 64
20 54 55 55
21 85 58 58
22 87 43 83
23 51 54 51
24 62 105 52
25 41 45 61
<precedence relations>
1,3
2,3
3,4
4,5
4,8
5,6
6,7
6,10
7,11
7,12
8,9
8,11
9,10
9,13
11,13
12,15
13,14
14,16
14,19
14,20
15,17
15,22
16,18
17,18
17,23
18,25
19,22
20,21
20,25
21,22
21,24
23,25
<end>