<number of tasks>
25
<number of stations>
9
<type of the robots>
9
<limit of the robots>
1 1
2 1
3 1
4 1
5 1
6 1
7 1
8 1
9 1
<task times>
1 75 52 52 33 52 63 84 43 38
2 108 32 34 26 49 105 28 27 33
3 135 55 73 55 58 133 35 64 67
4 89 47 56 69 57 116 40 87 53
5 53 47 48 46 56 84 34 91 50
6 55 62 33 26 43 56 35 51 55
7 30 33 38 23 30 52 22 37 37
8 46 34 77 37 74 47 42 31 28
9 62 54 36 43 57 45 25 39 33
10 52 40 45 37 74 56 41 72 51
11 111 77 65 71 64 81 57 66 100
12 49 34 43 43 58 107 48 60 46
13 87 32 32 45 34 38 22 40 52
14 49 73 46 32 46 49 42 43 69
15 64 90 68 39 47 121 72 61 54
16 85 128 45 74 44 126 35 64 60
17 42 34 31 35 34 40 35 30 28
18 55 47 95 60 56 55 37 75 69
19 56 44 37 51 33 62 26 27 31
20 63 61 58 45 67 126 52 44 75
21 64 38 32 41 30 34 22 33 34
22 93 106 50 36 106 57 43 84 52
23 48 52 45 40 58 49 58 77 59
24 58 47 40 26 81 109 29 75 35
25 42 38 39 39 30 40 39 28 32
<precedence relations>
1,3
2,3
3,4
4,5
4,8
5,6
6,7
6,10
7,11
7,12
8,9
8,11
9,10
9,13
11,13
12,15
13,14
14,16
14,19
14,20
15,17
15,22
16,18
17,18
17,23
18,25
19,22
20,21
20,25
21,22
21,24
23,25
<end>