<number of tasks>
25
<number of stations>
6
<type of the robots>
6
<limit of the robots>
1 1
2 1
3 1
4 1
5 1
6 1
<task times>
1 87 62 42 60 44 76
2 67 47 42 45 53 100
3 82 58 54 40 61 60
4 182 58 62 60 55 100
5 71 47 28 57 62 76
6 139 48 51 73 61 117
7 98 99 44 49 59 82
8 70 40 33 29 36 52
9 60 114 47 72 63 93
10 112 67 85 63 49 86
11 51 35 41 44 85 69
12 79 39 50 80 67 95
13 57 47 56 85 41 49
14 139 65 40 38 87 105
15 95 63 42 65 61 167
16 54 48 51 34 71 133
17 71 28 35 29 32 41
18 112 29 49 58 84 69
19 109 47 38 37 52 69
20 63 45 39 43 36 57
21 75 68 45 79 84 83
22 87 36 74 29 82 109
23 58 36 55 38 42 107
24 44 54 23 21 36 71
25 79 64 48 35 48 97
<precedence relations>
1,3
2,3
3,4
4,5
4,8
5,6
6,7
6,10
7,11
7,12
8,9
8,11
9,10
9,13
11,13
12,15
13,14
14,16
14,19
14,20
15,17
15,22
16,18
17,18
17,23
18,25
19,22
20,21
20,25
21,22
21,24
23,25
<end>