<number of tasks>
35
<number of stations>
4
<type of the robots>
4
<limit of the robots>
1 1
2 1
3 1
4 1
<task times>
1 60 45 64 53
2 85 52 100 135
3 114 32 84 99
4 43 48 43 93
5 99 53 66 62
6 54 52 77 131
7 49 38 88 43
8 64 51 75 69
9 83 40 86 98
10 45 37 122 70
11 37 22 30 61
12 46 48 51 45
13 52 41 61 81
14 80 33 45 57
15 59 35 42 68
16 82 41 95 82
17 43 32 119 75
18 43 32 66 84
19 40 39 60 80
20 54 43 114 67
21 48 28 45 64
22 32 37 42 69
23 74 39 59 41
24 48 35 46 54
25 53 35 106 66
26 56 34 77 54
27 36 33 45 65
28 59 40 46 58
29 62 57 96 79
30 120 37 55 68
31 47 35 46 64
32 35 27 34 55
33 68 35 81 66
34 50 30 93 64
35 115 45 73 70
<precedence relations>
1,2
1,5
1,7
1,10
1,12
2,3
3,4
4,11
5,6
6,7
6,8
7,14
7,18
8,9
9,13
10,14
11,28
11,33
12,18
13,28
13,33
14,15
15,16
16,21
17,20
18,19
19,20
20,21
21,22
21,25
21,30
21,32
22,23
23,24
24,27
25,26
26,27
27,28
27,33
27,34
28,29
30,31
31,32
32,33
33,35
<end>