<number of tasks>
35
<number of stations>
5
<type of the robots>
5
<limit of the robots>
1 1
2 1
3 1
4 1
5 1
<task times>
1 142 67 88 56 84
2 92 45 183 56 69
3 56 25 36 37 37
4 64 61 53 45 47
5 62 29 92 35 95
6 68 51 132 83 177
7 93 90 137 71 158
8 59 73 90 51 116
9 29 36 36 51 50
10 53 55 37 36 43
11 63 40 85 59 51
12 42 73 49 109 49
13 42 36 91 64 47
14 77 46 93 68 66
15 37 45 50 37 83
16 28 28 73 47 37
17 65 49 41 53 51
18 93 49 63 151 101
19 103 37 62 54 89
20 38 55 38 29 34
21 51 83 122 67 117
22 36 43 57 47 60
23 70 87 74 63 146
24 42 83 108 49 49
25 103 55 66 54 83
26 36 78 64 34 48
27 44 82 49 68 46
28 105 36 69 119 94
29 58 31 59 37 60
30 43 37 59 53 64
31 42 32 51 82 113
32 40 39 89 45 91
33 32 31 99 57 46
34 93 37 50 53 91
35 37 50 72 84 53
<precedence relations>
1,2
1,5
1,7
1,10
1,12
2,3
3,4
4,11
5,6
6,7
6,8
7,14
7,18
8,9
9,13
10,14
11,28
11,33
12,18
13,28
13,33
14,15
15,16
16,21
17,20
18,19
19,20
20,21
21,22
21,25
21,30
21,32
22,23
23,24
24,27
25,26
26,27
27,28
27,33
27,34
28,29
30,31
31,32
32,33
33,35
<end>