<number of tasks>
89
<number of stations>
8
<type of the robots>
8
<limit of the robots>
1 1
2 1
3 1
4 1
5 1
6 1
7 1
8 1
<task times>
1 64 34 33 80 60 37 35 37
2 68 34 44 73 95 25 52 32
3 46 44 27 42 76 22 39 69
4 29 55 38 30 60 37 54 51
5 57 46 44 53 61 61 55 54
6 43 35 41 40 88 27 36 41
7 49 37 34 74 92 38 37 38
8 37 79 44 50 79 39 69 41
9 88 70 39 70 96 63 41 62
10 31 47 32 56 47 25 49 28
11 51 100 102 76 165 52 79 85
12 33 55 38 27 61 22 25 30
13 74 48 55 44 77 36 56 102
14 36 69 33 56 50 45 87 62
15 105 38 68 67 89 82 40 83
16 50 37 34 43 66 43 38 43
17 41 35 41 38 111 40 44 46
18 35 27 26 45 79 44 47 68
19 33 33 28 33 56 38 28 57
20 74 46 56 47 75 25 33 56
21 70 52 44 75 100 38 56 50
22 45 49 33 37 54 72 49 48
23 81 69 67 78 118 39 42 118
24 73 79 38 69 57 53 88 45
25 38 31 41 47 91 38 39 33
26 71 48 23 31 79 31 29 27
27 58 26 50 37 64 42 28 33
28 119 40 96 105 87 47 63 47
29 78 29 34 34 93 45 30 52
30 105 95 47 106 73 39 58 59
31 62 43 48 46 60 64 43 47
32 41 49 46 56 83 32 37 60
33 70 75 33 42 53 29 70 61
34 66 41 83 107 85 58 56 77
35 92 53 36 47 96 34 57 86
36 72 45 28 45 47 24 41 29
37 81 46 92 104 67 62 50 80
38 54 41 81 112 173 52 43 70
39 64 70 66 123 69 47 44 74
40 38 29 40 29 47 53 23 47
41 63 53 53 45 71 62 49 99
42 68 103 46 42 58 58 59 39
43 47 38 23 72 35 25 43 50
44 79 39 55 82 98 56 46 39
45 44 37 37 48 69 43 50 47
46 52 27 67 66 110 27 32 31
47 55 41 27 42 49 27 37 79
48 77 82 55 52 64 35 60 106
49 56 40 43 79 64 53 34 73
50 104 45 71 55 60 37 35 54
51 63 89 57 97 62 69 47 79
52 111 47 42 41 49 40 82 37
53 55 51 48 31 86 29 50 35
54 62 32 54 57 76 35 34 87
55 29 33 26 30 49 37 31 28
56 40 26 45 33 54 35 52 38
57 30 70 32 38 82 22 27 62
58 57 45 40 30 73 33 49 80
59 49 43 31 31 75 23 30 34
60 110 51 65 48 66 38 51 103
61 120 72 43 51 83 34 73 42
62 65 44 61 96 136 56 84 54
63 95 34 72 86 51 67 56 35
64 89 74 28 74 45 39 67 69
65 69 40 27 36 63 45 29 54
66 38 36 34 34 64 35 43 44
67 77 67 73 73 82 37 60 63
68 47 80 33 74 116 41 89 52
69 27 22 21 28 67 40 36 28
70 41 98 31 86 68 35 68 58
71 64 62 30 57 50 29 36 35
72 113 50 39 58 77 85 94 49
73 54 28 38 30 71 28 60 36
74 75 32 65 82 107 40 55 35
75 40 50 64 72 52 57 34 38
76 47 94 49 128 102 66 75 72
77 48 58 40 46 129 51 44 52
78 32 58 53 56 66 30 35 39
79 99 51 35 55 67 57 39 66
80 92 51 47 44 119 41 53 74
81 52 32 52 53 61 28 36 60
82 55 86 39 44 67 42 62 51
83 40 52 34 75 52 36 53 63
84 42 39 43 34 56 61 27 45
85 57 50 32 30 70 62 32 51
86 59 49 42 28 54 33 44 33
87 39 49 27 57 69 24 49 35
88 34 28 27 33 61 37 36 30
89 95 41 37 39 73 35 71 54
<precedence relations>
1,2
2,3
3,4
4,5
4,6
4,7
4,8
4,9
5,10
6,11
7,12
8,18
9,18
10,14
11,12
12,13
13,14
14,15
14,16
15,17
16,54
17,18
18,19
18,20
19,22
20,21
20,28
21,54
22,23
23,24
24,25
25,26
25,27
25,29
26,37
27,33
28,29
29,31
30,54
31,32
32,33
33,34
34,35
35,36
35,37
36,38
37,38
38,39
39,40
39,41
39,42
39,43
40,44
41,53
42,53
43,45
44,52
45,46
46,47
47,48
47,49
49,50
50,51
51,52
52,53
53,68
53,69
53,70
53,71
54,55
55,56
56,57
57,58
57,59
57,60
57,61
57,62
57,63
57,64
57,65
57,66
58,67
59,67
60,67
61,67
62,67
63,67
64,67
65,67
66,67
67,73
68,72
69,72
70,72
71,73
72,78
72,80
73,74
74,75
74,76
75,77
76,81
77,78
78,79
79,81
80,81
80,87
81,82
81,84
81,85
82,83
83,86
84,86
85,86
86,87
86,89
87,88
87,89
<end>